O RIGHT_Door
A RIGHT_Door_RIGHT_Door
M 1.0000000000000000,0.0000000000000000,0.0000000000000000,0.0000000000000000,0.0000000000000000,1.0000000000000000,-0.0000000437113883,-0.0000000356932333,-0.0000000000000000,0.0000000437113883,1.0000000000000000,-0.0000000228055796,0.0000000000000000,0.0000000000000000,0.0000000000000000,1.0000000000000000
M 1.0000000000000000,0.0000000000000000,0.0000000000000000,0.0000000000000000,0.0000000000000000,1.0000000000000000,-0.0000000437113883,-0.0000000356932333,-0.0000000000000000,0.0000000437113883,1.0000000000000000,-0.0000000228055796,0.0000000000000000,0.0000000000000000,0.0000000000000000,1.0000000000000000
M 1.0000000000000000,0.0000000000000000,0.0000000000000000,0.0000000000000000,0.0000000000000000,1.0000000000000000,-0.0000000437113883,-0.0000000356932333,-0.0000000000000000,0.0000000437113883,1.0000000000000000,-0.0000000228055796,0.0000000000000000,0.0000000000000000,0.0000000000000000,1.0000000000000000
M 1.0000000000000000,0.0000000000000000,0.0000000000000000,0.0000000000000000,0.0000000000000000,1.0000000000000000,-0.0000000437113883,-0.0000000356932333,-0.0000000000000000,0.0000000437113883,1.0000000000000000,-0.0000000228055796,0.0000000000000000,0.0000000000000000,0.0000000000000000,1.0000000000000000
M 1.0000000000000000,0.0000000000000000,0.0000000000000000,0.0000000000000000,0.0000000000000000,1.0000000000000000,-0.0000000437113883,-0.0000000356932333,-0.0000000000000000,0.0000000437113883,1.0000000000000000,-0.0000000228055796,0.0000000000000000,0.0000000000000000,0.0000000000000000,1.0000000000000000
M 1.0000000000000000,0.0000000000000000,0.0000000000000000,0.0000000000000000,0.0000000000000000,1.0000000000000000,-0.0000000437113883,-0.0000000356932333,-0.0000000000000000,0.0000000437113883,1.0000000000000000,-0.0000000228055796,0.0000000000000000,0.0000000000000000,0.0000000000000000,1.0000000000000000
M 1.0000000000000000,0.0000000000000000,0.0000000000000000,0.0000000000000000,0.0000000000000000,1.0000000000000000,-0.0000000437113883,-0.0000000356932333,-0.0000000000000000,0.0000000437113883,1.0000000000000000,-0.0000000228055796,0.0000000000000000,0.0000000000000000,0.0000000000000000,1.0000000000000000
M 1.0000000000000000,0.0000000000000000,0.0000000000000000,0.0000000000000000,0.0000000000000000,1.0000000000000000,-0.0000000437113883,-0.0000000356932333,-0.0000000000000000,0.0000000437113883,1.0000000000000000,-0.0000000228055796,0.0000000000000000,0.0000000000000000,0.0000000000000000,1.0000000000000000
M 1.0000000000000000,0.0000000000000000,0.0000000000000000,0.0000000000000000,0.0000000000000000,1.0000000000000000,-0.0000000437113883,-0.0000000356932333,-0.0000000000000000,0.0000000437113883,1.0000000000000000,-0.0000000228055796,0.0000000000000000,0.0000000000000000,0.0000000000000000,1.0000000000000000
M 1.0000000000000000,0.0000000000000000,0.0000000000000000,0.0000000000000000,0.0000000000000000,1.0000000000000000,-0.0000000437113883,-0.0000000356932333,-0.0000000000000000,0.0000000437113883,1.0000000000000000,-0.0000000228055796,0.0000000000000000,0.0000000000000000,0.0000000000000000,1.0000000000000000
M 1.0000000000000000,0.0000000000000000,0.0000000000000000,0.0000000000000000,0.0000000000000000,1.0000000000000000,-0.0000000437113883,-0.0000000356932333,-0.0000000000000000,0.0000000437113883,1.0000000000000000,-0.0000000228055796,0.0000000000000000,0.0000000000000000,0.0000000000000000,1.0000000000000000
M 1.0000000000000000,0.0000000000000000,0.0000000000000000,0.0000000000000000,0.0000000000000000,1.0000000000000000,-0.0000000437113883,-0.0000000356932333,-0.0000000000000000,0.0000000437113883,1.0000000000000000,-0.0000000228055796,0.0000000000000000,0.0000000000000000,0.0000000000000000,1.0000000000000000
M 1.0000000000000000,0.0000000000000000,0.0000000000000000,0.0000000000000000,0.0000000000000000,1.0000000000000000,-0.0000000437113883,-0.0000000356932333,-0.0000000000000000,0.0000000437113883,1.0000000000000000,-0.0000000228055796,0.0000000000000000,0.0000000000000000,0.0000000000000000,1.0000000000000000
M 1.0000000000000000,0.0000000000000000,0.0000000000000000,0.0000000000000000,0.0000000000000000,1.0000000000000000,-0.0000000437113883,-0.0000000356932333,-0.0000000000000000,0.0000000437113883,1.0000000000000000,-0.0000000228055796,0.0000000000000000,0.0000000000000000,0.0000000000000000,1.0000000000000000
M 1.0000000000000000,0.0000000000000000,0.0000000000000000,0.0000000000000000,0.0000000000000000,1.0000000000000000,-0.0000000437113883,-0.0000000356932333,-0.0000000000000000,0.0000000437113883,1.0000000000000000,-0.0000000228055796,0.0000000000000000,0.0000000000000000,0.0000000000000000,1.0000000000000000
M 1.0000000000000000,0.0000000000000000,0.0000000000000000,0.0000000000000000,0.0000000000000000,1.0000000000000000,-0.0000000437113883,-0.0000000356932333,-0.0000000000000000,0.0000000437113883,1.0000000000000000,-0.0000000228055796,0.0000000000000000,0.0000000000000000,0.0000000000000000,1.0000000000000000
M 1.0000000000000000,0.0000000000000000,0.0000000000000000,0.0000000000000000,0.0000000000000000,1.0000000000000000,-0.0000000437113883,-0.0000000356932333,-0.0000000000000000,0.0000000437113883,1.0000000000000000,-0.0000000228055796,0.0000000000000000,0.0000000000000000,0.0000000000000000,1.0000000000000000
M 1.0000000000000000,0.0000000000000000,0.0000000000000000,0.0000000000000000,0.0000000000000000,1.0000000000000000,-0.0000000437113883,-0.0000000356932333,-0.0000000000000000,0.0000000437113883,1.0000000000000000,-0.0000000228055796,0.0000000000000000,0.0000000000000000,0.0000000000000000,1.0000000000000000
M 1.0000000000000000,0.0000000000000000,0.0000000000000000,0.0000000000000000,0.0000000000000000,1.0000000000000000,-0.0000000437113883,-0.0000000356932333,-0.0000000000000000,0.0000000437113883,1.0000000000000000,-0.0000000228055796,0.0000000000000000,0.0000000000000000,0.0000000000000000,1.0000000000000000
M 1.0000000000000000,0.0000000000000000,0.0000000000000000,0.0000000000000000,0.0000000000000000,1.0000000000000000,-0.0000000437113883,-0.0000000356932333,-0.0000000000000000,0.0000000437113883,1.0000000000000000,-0.0000000228055796,0.0000000000000000,0.0000000000000000,0.0000000000000000,1.0000000000000000
M 1.0000000000000000,0.0000000000000000,0.0000000000000000,0.0000000000000000,0.0000000000000000,1.0000000000000000,-0.0000000437113883,-0.0000000356932333,-0.0000000000000000,0.0000000437113883,1.0000000000000000,-0.0000000228055796,0.0000000000000000,0.0000000000000000,0.0000000000000000,1.0000000000000000
M 1.0000000000000000,0.0000000000000000,0.0000000000000000,0.0000000000000000,0.0000000000000000,1.0000000000000000,-0.0000000437113883,-0.0000000356932333,-0.0000000000000000,0.0000000437113883,1.0000000000000000,-0.0013593663461506,0.0000000000000000,0.0000000000000000,0.0000000000000000,1.0000000000000000
M 1.0000000000000000,0.0000000000000000,0.0000000000000000,0.0000000000000000,0.0000000000000000,1.0000000000000000,-0.0000000437113883,-0.0000000356932333,-0.0000000000000000,0.0000000437113883,1.0000000000000000,-0.0052499999292195,0.0000000000000000,0.0000000000000000,0.0000000000000000,1.0000000000000000
M 1.0000000000000000,0.0000000000000000,0.0000000000000000,0.0000000000000000,0.0000000000000000,1.0000000000000000,-0.0000000437113883,-0.0000000356932333,-0.0000000000000000,0.0000000437113883,1.0000000000000000,-0.0113905891776085,0.0000000000000000,0.0000000000000000,0.0000000000000000,1.0000000000000000
M 1.0000000000000000,0.0000000000000000,0.0000000000000000,0.0000000000000000,0.0000000000000000,1.0000000000000000,-0.0000000437113883,-0.0000000356932333,-0.0000000000000000,0.0000000437113883,1.0000000000000000,-0.0195000395178795,0.0000000000000000,0.0000000000000000,0.0000000000000000,1.0000000000000000
M 1.0000000000000000,0.0000000000000000,0.0000000000000000,0.0000000000000000,0.0000000000000000,1.0000000000000000,-0.0000000437113883,-0.0000000356932333,-0.0000000000000000,0.0000000437113883,1.0000000000000000,-0.0292968973517418,0.0000000000000000,0.0000000000000000,0.0000000000000000,1.0000000000000000
M 1.0000000000000000,0.0000000000000000,0.0000000000000000,0.0000000000000000,0.0000000000000000,1.0000000000000000,-0.0000000437113883,-0.0000000356932333,-0.0000000000000000,0.0000000437113883,1.0000000000000000,-0.0404999479651451,0.0000000000000000,0.0000000000000000,0.0000000000000000,1.0000000000000000
M 1.0000000000000000,0.0000000000000000,0.0000000000000000,0.0000000000000000,0.0000000000000000,1.0000000000000000,-0.0000000437113883,-0.0000000356932333,-0.0000000000000000,0.0000000437113883,1.0000000000000000,-0.0528282150626183,0.0000000000000000,0.0000000000000000,0.0000000000000000,1.0000000000000000
M 1.0000000000000000,0.0000000000000000,0.0000000000000000,0.0000000000000000,0.0000000000000000,1.0000000000000000,-0.0000000437113883,-0.0000000356932333,-0.0000000000000000,0.0000000437113883,1.0000000000000000,-0.0660000070929527,0.0000000000000000,0.0000000000000000,0.0000000000000000,1.0000000000000000
M 1.0000000000000000,0.0000000000000000,0.0000000000000000,0.0000000000000000,0.0000000000000000,1.0000000000000000,-0.0000000437113883,-0.0000000356932333,-0.0000000000000000,0.0000000437113883,1.0000000000000000,-0.0797343477606773,0.0000000000000000,0.0000000000000000,0.0000000000000000,1.0000000000000000
M 1.0000000000000000,0.0000000000000000,0.0000000000000000,0.0000000000000000,0.0000000000000000,1.0000000000000000,-0.0000000437113883,-0.0000000356932333,-0.0000000000000000,0.0000000437113883,1.0000000000000000,-0.0937500223517418,0.0000000000000000,0.0000000000000000,0.0000000000000000,1.0000000000000000
M 1.0000000000000000,0.0000000000000000,0.0000000000000000,0.0000000000000000,0.0000000000000000,1.0000000000000000,-0.0000000437113883,-0.0000000356932333,-0.0000000000000000,0.0000000437113883,1.0000000000000000,-0.1077655777335167,0.0000000000000000,0.0000000000000000,0.0000000000000000,1.0000000000000000
M 1.0000000000000000,0.0000000000000000,0.0000000000000000,0.0000000000000000,0.0000000000000000,1.0000000000000000,-0.0000000437113883,-0.0000000356932333,-0.0000000000000000,0.0000000437113883,1.0000000000000000,-0.1215000376105309,0.0000000000000000,0.0000000000000000,0.0000000000000000,1.0000000000000000
M 1.0000000000000000,0.0000000000000000,0.0000000000000000,0.0000000000000000,0.0000000000000000,1.0000000000000000,-0.0000000437113883,-0.0000000356932333,-0.0000000000000000,0.0000000437113883,1.0000000000000000,-0.1346718370914459,0.0000000000000000,0.0000000000000000,0.0000000000000000,1.0000000000000000
M 1.0000000000000000,0.0000000000000000,0.0000000000000000,0.0000000000000000,0.0000000000000000,1.0000000000000000,-0.0000000437113883,-0.0000000356932333,-0.0000000000000000,0.0000000437113883,1.0000000000000000,-0.1470001041889191,0.0000000000000000,0.0000000000000000,0.0000000000000000,1.0000000000000000
M 1.0000000000000000,0.0000000000000000,0.0000000000000000,0.0000000000000000,0.0000000000000000,1.0000000000000000,-0.0000000437113883,-0.0000000356932333,-0.0000000000000000,0.0000000437113883,1.0000000000000000,-0.1582032740116119,0.0000000000000000,0.0000000000000000,0.0000000000000000,1.0000000000000000
M 1.0000000000000000,0.0000000000000000,0.0000000000000000,0.0000000000000000,0.0000000000000000,1.0000000000000000,-0.0000000437113883,-0.0000000356932333,-0.0000000000000000,0.0000000437113883,1.0000000000000000,-0.1680000126361847,0.0000000000000000,0.0000000000000000,0.0000000000000000,1.0000000000000000
M 1.0000000000000000,0.0000000000000000,0.0000000000000000,0.0000000000000000,0.0000000000000000,1.0000000000000000,-0.0000000437113883,-0.0000000356932333,-0.0000000000000000,0.0000000437113883,1.0000000000000000,-0.1761094629764557,0.0000000000000000,0.0000000000000000,0.0000000000000000,1.0000000000000000
M 1.0000000000000000,0.0000000000000000,0.0000000000000000,0.0000000000000000,0.0000000000000000,1.0000000000000000,-0.0000000437113883,-0.0000000356932333,-0.0000000000000000,0.0000000437113883,1.0000000000000000,-0.1822499334812164,0.0000000000000000,0.0000000000000000,0.0000000000000000,1.0000000000000000
M 1.0000000000000000,0.0000000000000000,0.0000000000000000,0.0000000000000000,0.0000000000000000,1.0000000000000000,-0.0000000437113883,-0.0000000356932333,-0.0000000000000000,0.0000000437113883,1.0000000000000000,-0.1861406862735748,0.0000000000000000,0.0000000000000000,0.0000000000000000,1.0000000000000000
M 1.0000000000000000,0.0000000000000000,0.0000000000000000,0.0000000000000000,0.0000000000000000,1.0000000000000000,-0.0000000437113883,-0.0000000356932333,-0.0000000000000000,0.0000000437113883,1.0000000000000000,-0.1875000298023224,0.0000000000000000,0.0000000000000000,0.0000000000000000,1.0000000000000000
M 1.0000000000000000,0.0000000000000000,0.0000000000000000,-0.0854166671633720,0.0000000000000000,1.0000000000000000,-0.0000000437113883,-0.0000000356932333,-0.0000000000000000,0.0000000437113883,1.0000000000000000,-0.1875000298023224,0.0000000000000000,0.0000000000000000,0.0000000000000000,1.0000000000000000
M 1.0000000000000000,0.0000000000000000,0.0000000000000000,-0.1708333343267441,0.0000000000000000,1.0000000000000000,-0.0000000437113883,-0.0000000356932333,-0.0000000000000000,0.0000000437113883,1.0000000000000000,-0.1875000298023224,0.0000000000000000,0.0000000000000000,0.0000000000000000,1.0000000000000000
M 1.0000000000000000,0.0000000000000000,0.0000000000000000,-0.2562499940395355,0.0000000000000000,1.0000000000000000,-0.0000000437113883,-0.0000000356932333,-0.0000000000000000,0.0000000437113883,1.0000000000000000,-0.1875000298023224,0.0000000000000000,0.0000000000000000,0.0000000000000000,1.0000000000000000
M 1.0000000000000000,0.0000000000000000,0.0000000000000000,-0.3416666686534882,0.0000000000000000,1.0000000000000000,-0.0000000437113883,-0.0000000356932333,-0.0000000000000000,0.0000000437113883,1.0000000000000000,-0.1875000298023224,0.0000000000000000,0.0000000000000000,0.0000000000000000,1.0000000000000000
M 1.0000000000000000,0.0000000000000000,0.0000000000000000,-0.4270833432674408,0.0000000000000000,1.0000000000000000,-0.0000000437113883,-0.0000000356932333,-0.0000000000000000,0.0000000437113883,1.0000000000000000,-0.1875000298023224,0.0000000000000000,0.0000000000000000,0.0000000000000000,1.0000000000000000
M 1.0000000000000000,0.0000000000000000,0.0000000000000000,-0.5124999880790710,0.0000000000000000,1.0000000000000000,-0.0000000437113883,-0.0000000356932333,-0.0000000000000000,0.0000000437113883,1.0000000000000000,-0.1875000298023224,0.0000000000000000,0.0000000000000000,0.0000000000000000,1.0000000000000000
M 1.0000000000000000,0.0000000000000000,0.0000000000000000,-0.5979166626930237,0.0000000000000000,1.0000000000000000,-0.0000000437113883,-0.0000000356932333,-0.0000000000000000,0.0000000437113883,1.0000000000000000,-0.1875000298023224,0.0000000000000000,0.0000000000000000,0.0000000000000000,1.0000000000000000
M 1.0000000000000000,0.0000000000000000,0.0000000000000000,-0.6833333373069763,0.0000000000000000,1.0000000000000000,-0.0000000437113883,-0.0000000356932333,-0.0000000000000000,0.0000000437113883,1.0000000000000000,-0.1875000298023224,0.0000000000000000,0.0000000000000000,0.0000000000000000,1.0000000000000000
M 1.0000000000000000,0.0000000000000000,0.0000000000000000,-0.7687500119209290,0.0000000000000000,1.0000000000000000,-0.0000000437113883,-0.0000000356932333,-0.0000000000000000,0.0000000437113883,1.0000000000000000,-0.1875000298023224,0.0000000000000000,0.0000000000000000,0.0000000000000000,1.0000000000000000
M 1.0000000000000000,0.0000000000000000,0.0000000000000000,-0.8541666865348816,0.0000000000000000,1.0000000000000000,-0.0000000437113883,-0.0000000356932333,-0.0000000000000000,0.0000000437113883,1.0000000000000000,-0.1875000298023224,0.0000000000000000,0.0000000000000000,0.0000000000000000,1.0000000000000000
M 1.0000000000000000,0.0000000000000000,0.0000000000000000,-0.9395833611488342,0.0000000000000000,1.0000000000000000,-0.0000000437113883,-0.0000000356932333,-0.0000000000000000,0.0000000437113883,1.0000000000000000,-0.1875000298023224,0.0000000000000000,0.0000000000000000,0.0000000000000000,1.0000000000000000
M 1.0000000000000000,0.0000000000000000,0.0000000000000000,-1.0249999761581421,0.0000000000000000,1.0000000000000000,-0.0000000437113883,-0.0000000356932333,-0.0000000000000000,0.0000000437113883,1.0000000000000000,-0.1875000298023224,0.0000000000000000,0.0000000000000000,0.0000000000000000,1.0000000000000000
M 1.0000000000000000,0.0000000000000000,0.0000000000000000,-1.1104166507720947,0.0000000000000000,1.0000000000000000,-0.0000000437113883,-0.0000000356932333,-0.0000000000000000,0.0000000437113883,1.0000000000000000,-0.1875000298023224,0.0000000000000000,0.0000000000000000,0.0000000000000000,1.0000000000000000
M 1.0000000000000000,0.0000000000000000,0.0000000000000000,-1.1958333253860474,0.0000000000000000,1.0000000000000000,-0.0000000437113883,-0.0000000356932333,-0.0000000000000000,0.0000000437113883,1.0000000000000000,-0.1875000298023224,0.0000000000000000,0.0000000000000000,0.0000000000000000,1.0000000000000000
M 1.0000000000000000,0.0000000000000000,0.0000000000000000,-1.2812500000000000,0.0000000000000000,1.0000000000000000,-0.0000000437113883,-0.0000000356932333,-0.0000000000000000,0.0000000437113883,1.0000000000000000,-0.1875000298023224,0.0000000000000000,0.0000000000000000,0.0000000000000000,1.0000000000000000
M 1.0000000000000000,0.0000000000000000,0.0000000000000000,-1.3666666746139526,0.0000000000000000,1.0000000000000000,-0.0000000437113883,-0.0000000356932333,-0.0000000000000000,0.0000000437113883,1.0000000000000000,-0.1875000298023224,0.0000000000000000,0.0000000000000000,0.0000000000000000,1.0000000000000000
M 1.0000000000000000,0.0000000000000000,0.0000000000000000,-1.4520833492279053,0.0000000000000000,1.0000000000000000,-0.0000000437113883,-0.0000000356932333,-0.0000000000000000,0.0000000437113883,1.0000000000000000,-0.1875000298023224,0.0000000000000000,0.0000000000000000,0.0000000000000000,1.0000000000000000
M 1.0000000000000000,0.0000000000000000,0.0000000000000000,-1.5375000238418579,0.0000000000000000,1.0000000000000000,-0.0000000437113883,-0.0000000356932333,-0.0000000000000000,0.0000000437113883,1.0000000000000000,-0.1875000298023224,0.0000000000000000,0.0000000000000000,0.0000000000000000,1.0000000000000000
M 1.0000000000000000,0.0000000000000000,0.0000000000000000,-1.6229166984558105,0.0000000000000000,1.0000000000000000,-0.0000000437113883,-0.0000000356932333,-0.0000000000000000,0.0000000437113883,1.0000000000000000,-0.1875000298023224,0.0000000000000000,0.0000000000000000,0.0000000000000000,1.0000000000000000
M 1.0000000000000000,0.0000000000000000,0.0000000000000000,-1.7083333730697632,0.0000000000000000,1.0000000000000000,-0.0000000437113883,-0.0000000356932333,-0.0000000000000000,0.0000000437113883,1.0000000000000000,-0.1875000298023224,0.0000000000000000,0.0000000000000000,0.0000000000000000,1.0000000000000000
M 1.0000000000000000,0.0000000000000000,0.0000000000000000,-1.7937500476837158,0.0000000000000000,1.0000000000000000,-0.0000000437113883,-0.0000000356932333,-0.0000000000000000,0.0000000437113883,1.0000000000000000,-0.1875000298023224,0.0000000000000000,0.0000000000000000,0.0000000000000000,1.0000000000000000
M 1.0000000000000000,0.0000000000000000,0.0000000000000000,-1.8791667222976685,0.0000000000000000,1.0000000000000000,-0.0000000437113883,-0.0000000356932333,-0.0000000000000000,0.0000000437113883,1.0000000000000000,-0.1875000298023224,0.0000000000000000,0.0000000000000000,0.0000000000000000,1.0000000000000000
M 1.0000000000000000,0.0000000000000000,0.0000000000000000,-1.9645832777023315,0.0000000000000000,1.0000000000000000,-0.0000000437113883,-0.0000000356932333,-0.0000000000000000,0.0000000437113883,1.0000000000000000,-0.1875000298023224,0.0000000000000000,0.0000000000000000,0.0000000000000000,1.0000000000000000
M 1.0000000000000000,0.0000000000000000,0.0000000000000000,-2.0499999523162842,0.0000000000000000,1.0000000000000000,-0.0000000437113883,-0.0000000356932333,-0.0000000000000000,0.0000000437113883,1.0000000000000000,-0.1875000298023224,0.0000000000000000,0.0000000000000000,0.0000000000000000,1.0000000000000000
M 1.0000000000000000,0.0000000000000000,0.0000000000000000,-2.1354167461395264,0.0000000000000000,1.0000000000000000,-0.0000000437113883,-0.0000000356932333,-0.0000000000000000,0.0000000437113883,1.0000000000000000,-0.1875000298023224,0.0000000000000000,0.0000000000000000,0.0000000000000000,1.0000000000000000
M 1.0000000000000000,0.0000000000000000,0.0000000000000000,-2.2208333015441895,0.0000000000000000,1.0000000000000000,-0.0000000437113883,-0.0000000356932333,-0.0000000000000000,0.0000000437113883,1.0000000000000000,-0.1875000298023224,0.0000000000000000,0.0000000000000000,0.0000000000000000,1.0000000000000000
M 1.0000000000000000,0.0000000000000000,0.0000000000000000,-2.3062500953674316,0.0000000000000000,1.0000000000000000,-0.0000000437113883,-0.0000000356932333,-0.0000000000000000,0.0000000437113883,1.0000000000000000,-0.1875000298023224,0.0000000000000000,0.0000000000000000,0.0000000000000000,1.0000000000000000
M 1.0000000000000000,0.0000000000000000,0.0000000000000000,-2.3916666507720947,0.0000000000000000,1.0000000000000000,-0.0000000437113883,-0.0000000356932333,-0.0000000000000000,0.0000000437113883,1.0000000000000000,-0.1875000298023224,0.0000000000000000,0.0000000000000000,0.0000000000000000,1.0000000000000000
M 1.0000000000000000,0.0000000000000000,0.0000000000000000,-2.4770834445953369,0.0000000000000000,1.0000000000000000,-0.0000000437113883,-0.0000000356932333,-0.0000000000000000,0.0000000437113883,1.0000000000000000,-0.1875000298023224,0.0000000000000000,0.0000000000000000,0.0000000000000000,1.0000000000000000
M 1.0000000000000000,0.0000000000000000,0.0000000000000000,-2.5625000000000000,0.0000000000000000,1.0000000000000000,-0.0000000437113883,-0.0000000356932333,-0.0000000000000000,0.0000000437113883,1.0000000000000000,-0.1875000298023224,0.0000000000000000,0.0000000000000000,0.0000000000000000,1.0000000000000000
O WIDGET_2_TOGGLE_CG_SDR
A WIDGET_2_TOGGLE_CG_SDR_WIDGET_2_TOGGLE_CG_SDR
M 1.0000000000000000,0.0000000000000000,0.0000000000000000,0.0000000000000000,0.0000000000000000,1.0000000000000000,-0.0000000437113883,-0.0000000517840704,-0.0000000000000000,0.0000000437113883,1.0000000000000000,0.0000000310382973,0.0000000000000000,0.0000000000000000,0.0000000000000000,1.0000000000000000
M 0.9998540878295898,0.0170815810561180,-0.0000000007466594,-0.0342416204512119,-0.0170815810561180,0.9998540878295898,-0.0000000437050112,0.0002917875244748,-0.0000000000000000,0.0000000437113883,1.0000000000000000,0.0000000310382973,0.0000000000000000,0.0000000000000000,0.0000000000000000,1.0000000000000000
M 0.9978245496749878,0.0659256055951118,-0.0000000028816998,-0.1321540772914886,-0.0659256055951118,0.9978245496749878,-0.0000000436162964,0.0043581603094935,-0.0000000000000000,0.0000000437113883,1.0000000000000000,0.0000000310382973,0.0000000000000000,0.0000000000000000,0.0000000000000000,1.0000000000000000
M 0.9897730946540833,0.1426505148410797,-0.0000000062354504,-0.2859565913677216,-0.1426505148410797,0.9897730946540833,-0.0000000432643574,0.0204948820173740,-0.0000000000000000,0.0000000437113883,1.0000000000000000,0.0000000310382973,0.0000000000000000,0.0000000000000000,0.0000000000000000,1.0000000000000000
M 0.9701266288757324,0.2425992041826248,-0.0000000106043441,-0.4863138198852539,-0.2425992041826248,0.9701266288757324,-0.0000000424055671,0.0598739646375179,-0.0000000000000000,0.0000000437113883,1.0000000000000000,0.0000000310382973,0.0000000000000000,0.0000000000000000,0.0000000000000000,1.0000000000000000
M 0.9329928159713745,0.3598950207233429,-0.0000000157315068,-0.7214456796646118,-0.3598950207233429,0.9329928159713745,-0.0000000407823961,0.1343072652816772,-0.0000000000000000,0.0000000437113883,1.0000000000000000,0.0000000310382973,0.0000000000000000,0.0000000000000000,0.0000000000000000,1.0000000000000000
M 0.8732624650001526,0.4872500896453857,-0.0000000212983711,-0.9767432212829590,-0.4872500896453857,0.8732624650001526,-0.0000000381715139,0.2540370523929596,-0.0000000000000000,0.0000000437113883,1.0000000000000000,0.0000000310382973,0.0000000000000000,0.0000000000000000,0.0000000000000000,1.0000000000000000
M 0.7876210808753967,0.6161599159240723,-0.0000000269332059,-1.2351584434509277,-0.6161599159240723,0.7876210808753967,-0.0000000344279982,0.4257079660892487,-0.0000000000000000,0.0000000437113883,1.0000000000000000,0.0000000310382973,0.0000000000000000,0.0000000000000000,0.0000000000000000,1.0000000000000000
M 0.6753328442573547,0.7375130653381348,-0.0000000322377183,-1.4784265756607056,-0.7375130653381348,0.6753328442573547,-0.0000000295197360,0.6507950425148010,-0.0000000000000000,0.0000000437113883,1.0000000000000000,0.0000000310382973,0.0000000000000000,0.0000000000000000,0.0000000000000000,1.0000000000000000
M 0.5386422276496887,0.8425346016883850,-0.0000000368283573,-1.6889576911926270,-0.8425346016883850,0.5386422276496887,-0.0000000235447999,0.9247997999191284,-0.0000000000000000,0.0000000437113883,1.0000000000000000,0.0000000310382973,0.0000000000000000,0.0000000000000000,0.0000000000000000,1.0000000000000000
M 0.3826835453510284,0.9238795042037964,-0.0000000403840410,-1.8520275354385376,-0.9238795042037964,0.3826835453510284,-0.0000000167276291,1.2374300956726074,-0.0000000000000000,0.0000000437113883,1.0000000000000000,0.0000000310382973,0.0000000000000000,0.0000000000000000,0.0000000000000000,1.0000000000000000
M 0.2148847132921219,0.9766394495964050,-0.0000000426902673,-1.9577964544296265,-0.9766394495964050,0.2148847132921219,-0.0000000093929096,1.5737962722778320,-0.0000000000000000,0.0000000437113883,1.0000000000000000,0.0000000310382973,0.0000000000000000,0.0000000000000000,0.0000000000000000,1.0000000000000000
M 0.0439682826399803,0.9990329146385193,-0.0000000436691145,-2.0026934146881104,-0.9990329146385193,0.0439682826399803,-0.0000000019219142,1.9164131879806519,-0.0000000000000000,0.0000000437113883,1.0000000000000000,0.0000000310382973,0.0000000000000000,0.0000000000000000,0.0000000000000000,1.0000000000000000
M -0.1212411001324654,0.9926230907440186,-0.0000000433889333,-1.9898509979248047,-0.9926230907440186,-0.1212411001324654,0.0000000052996167,2.2475910186767578,-0.0000000000000000,0.0000000437113883,1.0000000000000000,0.0000000310382973,0.0000000000000000,0.0000000000000000,0.0000000000000000,1.0000000000000000
M -0.2729518711566925,0.9620276689529419,-0.0000000420515640,-1.9285258054733276,-0.9620276689529419,-0.2729518711566925,0.0000000119311050,2.5517106056213379,-0.0000000000000000,0.0000000437113883,1.0000000000000000,0.0000000310382973,0.0000000000000000,0.0000000000000000,0.0000000000000000,1.0000000000000000
M -0.4052413403987885,0.9142097234725952,-0.0000000399613747,-1.8326758146286011,-0.9142097234725952,-0.4052413403987885,0.0000000177136616,2.8168990612030029,-0.0000000000000000,0.0000000437113883,1.0000000000000000,0.0000000310382973,0.0000000000000000,0.0000000000000000,0.0000000000000000,1.0000000000000000
M -0.5144395232200623,0.8575266599655151,-0.0000000374836802,-1.7190537452697754,-0.8575266599655151,-0.5144395232200623,0.0000000224868586,3.0357992649078369,-0.0000000000000000,0.0000000437113883,1.0000000000000000,0.0000000310382973,0.0000000000000000,0.0000000000000000,0.0000000000000000,1.0000000000000000
M -0.5990060567855835,0.8007444739341736,-0.0000000350016514,-1.6052321195602417,-0.8007444739341736,-0.5990060567855835,0.0000000261833861,3.2053229808807373,-0.0000000000000000,0.0000000437113883,1.0000000000000000,0.0000000310382973,0.0000000000000000,0.0000000000000000,0.0000000000000000,1.0000000000000000
M -0.6589519977569580,0.7521849870681763,-0.0000000328790364,-1.5078924894332886,-0.7521849870681763,-0.6589519977569580,0.0000000288037061,3.3254921436309814,-0.0000000000000000,0.0000000437113883,1.0000000000000000,0.0000000310382973,0.0000000000000000,0.0000000000000000,0.0000000000000000,1.0000000000000000
M -0.6949248909950256,0.7190822958946228,-0.0000000314320872,-1.4415366649627686,-0.7190822958946228,-0.6949248909950256,0.0000000303761318,3.3976044654846191,-0.0000000000000000,0.0000000437113883,1.0000000000000000,0.0000000310382973,0.0000000000000000,0.0000000000000000,0.0000000000000000,1.0000000000000000
M -0.7071067690849304,0.7071067690849304,-0.0000000309086197,-1.4175311326980591,-0.7071067690849304,-0.7071067690849304,0.0000000309086197,3.4220247268676758,-0.0000000000000000,0.0000000437113883,1.0000000000000000,0.0000000310382973,0.0000000000000000,0.0000000000000000,0.0000000000000000,1.0000000000000000
M -0.7071067690849304,0.7071067690849304,-0.0000000309086197,-1.4175311326980591,-0.7071067690849304,-0.7071067690849304,0.0000000309086197,3.4220247268676758,-0.0000000000000000,0.0000000437113883,1.0000000000000000,-0.0013593124458566,0.0000000000000000,0.0000000000000000,0.0000000000000000,1.0000000000000000
M -0.7071067690849304,0.7071067690849304,-0.0000000309086197,-1.4175311326980591,-0.7071067690849304,-0.7071067690849304,0.0000000309086197,3.4220247268676758,-0.0000000000000000,0.0000000437113883,1.0000000000000000,-0.0052499459125102,0.0000000000000000,0.0000000000000000,0.0000000000000000,1.0000000000000000
M -0.7071067690849304,0.7071067690849304,-0.0000000309086197,-1.4175311326980591,-0.7071067690849304,-0.7071067690849304,0.0000000309086197,3.4220247268676758,-0.0000000000000000,0.0000000437113883,1.0000000000000000,-0.0113905360922217,0.0000000000000000,0.0000000000000000,0.0000000000000000,1.0000000000000000
M -0.7071067690849304,0.7071067690849304,-0.0000000309086197,-1.4175311326980591,-0.7071067690849304,-0.7071067690849304,0.0000000309086197,3.4220247268676758,-0.0000000000000000,0.0000000437113883,1.0000000000000000,-0.0194999855011702,0.0000000000000000,0.0000000000000000,0.0000000000000000,1.0000000000000000
M -0.7071067690849304,0.7071067690849304,-0.0000000309086197,-1.4175311326980591,-0.7071067690849304,-0.7071067690849304,0.0000000309086197,3.4220247268676758,-0.0000000000000000,0.0000000437113883,1.0000000000000000,-0.0292968433350325,0.0000000000000000,0.0000000000000000,0.0000000000000000,1.0000000000000000
M -0.7071067690849304,0.7071067690849304,-0.0000000309086197,-1.4175311326980591,-0.7071067690849304,-0.7071067690849304,0.0000000309086197,3.4220247268676758,-0.0000000000000000,0.0000000437113883,1.0000000000000000,-0.0404998958110809,0.0000000000000000,0.0000000000000000,0.0000000000000000,1.0000000000000000
M -0.7071067690849304,0.7071067690849304,-0.0000000309086197,-1.4175311326980591,-0.7071067690849304,-0.7071067690849304,0.0000000309086197,3.4220247268676758,-0.0000000000000000,0.0000000437113883,1.0000000000000000,-0.0528281629085541,0.0000000000000000,0.0000000000000000,0.0000000000000000,1.0000000000000000
M -0.7071067690849304,0.7071067690849304,-0.0000000309086197,-1.4175311326980591,-0.7071067690849304,-0.7071067690849304,0.0000000309086197,3.4220247268676758,-0.0000000000000000,0.0000000437113883,1.0000000000000000,-0.0659999549388885,0.0000000000000000,0.0000000000000000,0.0000000000000000,1.0000000000000000
M -0.7071067690849304,0.7071067690849304,-0.0000000309086197,-1.4175311326980591,-0.7071067690849304,-0.7071067690849304,0.0000000309086197,3.4220247268676758,-0.0000000000000000,0.0000000437113883,1.0000000000000000,-0.0797342956066132,0.0000000000000000,0.0000000000000000,0.0000000000000000,1.0000000000000000
M -0.7071067690849304,0.7071067690849304,-0.0000000309086197,-1.4175311326980591,-0.7071067690849304,-0.7071067690849304,0.0000000309086197,3.4220247268676758,-0.0000000000000000,0.0000000437113883,1.0000000000000000,-0.0937499701976776,0.0000000000000000,0.0000000000000000,0.0000000000000000,1.0000000000000000
M -0.7071067690849304,0.7071067690849304,-0.0000000309086197,-1.4175311326980591,-0.7071067690849304,-0.7071067690849304,0.0000000309086197,3.4220247268676758,-0.0000000000000000,0.0000000437113883,1.0000000000000000,-0.1077655255794525,0.0000000000000000,0.0000000000000000,0.0000000000000000,1.0000000000000000
M -0.7071067690849304,0.7071067690849304,-0.0000000309086197,-1.4175311326980591,-0.7071067690849304,-0.7071067690849304,0.0000000309086197,3.4220247268676758,-0.0000000000000000,0.0000000437113883,1.0000000000000000,-0.1214999854564667,0.0000000000000000,0.0000000000000000,0.0000000000000000,1.0000000000000000
M -0.7071067690849304,0.7071067690849304,-0.0000000309086197,-1.4175311326980591,-0.7071067690849304,-0.7071067690849304,0.0000000309086197,3.4220247268676758,-0.0000000000000000,0.0000000437113883,1.0000000000000000,-0.1346717774868011,0.0000000000000000,0.0000000000000000,0.0000000000000000,1.0000000000000000
M -0.7071067690849304,0.7071067690849304,-0.0000000309086197,-1.4175311326980591,-0.7071067690849304,-0.7071067690849304,0.0000000309086197,3.4220247268676758,-0.0000000000000000,0.0000000437113883,1.0000000000000000,-0.1470000445842743,0.0000000000000000,0.0000000000000000,0.0000000000000000,1.0000000000000000
M -0.7071067690849304,0.7071067690849304,-0.0000000309086197,-1.4175311326980591,-0.7071067690849304,-0.7071067690849304,0.0000000309086197,3.4220247268676758,-0.0000000000000000,0.0000000437113883,1.0000000000000000,-0.1582032144069672,0.0000000000000000,0.0000000000000000,0.0000000000000000,1.0000000000000000
M -0.7071067690849304,0.7071067690849304,-0.0000000309086197,-1.4175311326980591,-0.7071067690849304,-0.7071067690849304,0.0000000309086197,3.4220247268676758,-0.0000000000000000,0.0000000437113883,1.0000000000000000,-0.1679999530315399,0.0000000000000000,0.0000000000000000,0.0000000000000000,1.0000000000000000
M -0.7071067690849304,0.7071067690849304,-0.0000000309086197,-1.4175311326980591,-0.7071067690849304,-0.7071067690849304,0.0000000309086197,3.4220247268676758,-0.0000000000000000,0.0000000437113883,1.0000000000000000,-0.1761094033718109,0.0000000000000000,0.0000000000000000,0.0000000000000000,1.0000000000000000
M -0.7071067690849304,0.7071067690849304,-0.0000000309086197,-1.4175311326980591,-0.7071067690849304,-0.7071067690849304,0.0000000309086197,3.4220247268676758,-0.0000000000000000,0.0000000437113883,1.0000000000000000,-0.1822498738765717,0.0000000000000000,0.0000000000000000,0.0000000000000000,1.0000000000000000
M -0.7071067690849304,0.7071067690849304,-0.0000000309086197,-1.4175311326980591,-0.7071067690849304,-0.7071067690849304,0.0000000309086197,3.4220247268676758,-0.0000000000000000,0.0000000437113883,1.0000000000000000,-0.1861406266689301,0.0000000000000000,0.0000000000000000,0.0000000000000000,1.0000000000000000
M -0.7071067690849304,0.7071067690849304,-0.0000000309086197,-1.4175311326980591,-0.7071067690849304,-0.7071067690849304,0.0000000309086197,3.4220247268676758,-0.0000000000000000,0.0000000437113883,1.0000000000000000,-0.1874999701976776,0.0000000000000000,0.0000000000000000,0.0000000000000000,1.0000000000000000
M -0.7071067690849304,0.7071067690849304,-0.0000000309086197,-1.5029478073120117,-0.7071067690849304,-0.7071067690849304,0.0000000309086197,3.4220247268676758,-0.0000000000000000,0.0000000437113883,1.0000000000000000,-0.1874999701976776,0.0000000000000000,0.0000000000000000,0.0000000000000000,1.0000000000000000
M -0.7071067690849304,0.7071067690849304,-0.0000000309086197,-1.5883644819259644,-0.7071067690849304,-0.7071067690849304,0.0000000309086197,3.4220247268676758,-0.0000000000000000,0.0000000437113883,1.0000000000000000,-0.1874999701976776,0.0000000000000000,0.0000000000000000,0.0000000000000000,1.0000000000000000
M -0.7071067690849304,0.7071067690849304,-0.0000000309086197,-1.6737811565399170,-0.7071067690849304,-0.7071067690849304,0.0000000309086197,3.4220247268676758,-0.0000000000000000,0.0000000437113883,1.0000000000000000,-0.1874999701976776,0.0000000000000000,0.0000000000000000,0.0000000000000000,1.0000000000000000
M -0.7071067690849304,0.7071067690849304,-0.0000000309086197,-1.7591978311538696,-0.7071067690849304,-0.7071067690849304,0.0000000309086197,3.4220247268676758,-0.0000000000000000,0.0000000437113883,1.0000000000000000,-0.1874999701976776,0.0000000000000000,0.0000000000000000,0.0000000000000000,1.0000000000000000
M -0.7071067690849304,0.7071067690849304,-0.0000000309086197,-1.8446145057678223,-0.7071067690849304,-0.7071067690849304,0.0000000309086197,3.4220247268676758,-0.0000000000000000,0.0000000437113883,1.0000000000000000,-0.1874999701976776,0.0000000000000000,0.0000000000000000,0.0000000000000000,1.0000000000000000
M -0.7071067690849304,0.7071067690849304,-0.0000000309086197,-1.9300310611724854,-0.7071067690849304,-0.7071067690849304,0.0000000309086197,3.4220247268676758,-0.0000000000000000,0.0000000437113883,1.0000000000000000,-0.1874999701976776,0.0000000000000000,0.0000000000000000,0.0000000000000000,1.0000000000000000
M -0.7071067690849304,0.7071067690849304,-0.0000000309086197,-2.0154478549957275,-0.7071067690849304,-0.7071067690849304,0.0000000309086197,3.4220247268676758,-0.0000000000000000,0.0000000437113883,1.0000000000000000,-0.1874999701976776,0.0000000000000000,0.0000000000000000,0.0000000000000000,1.0000000000000000
M -0.7071067690849304,0.7071067690849304,-0.0000000309086197,-2.1008644104003906,-0.7071067690849304,-0.7071067690849304,0.0000000309086197,3.4220247268676758,-0.0000000000000000,0.0000000437113883,1.0000000000000000,-0.1874999701976776,0.0000000000000000,0.0000000000000000,0.0000000000000000,1.0000000000000000
M -0.7071067690849304,0.7071067690849304,-0.0000000309086197,-2.1862812042236328,-0.7071067690849304,-0.7071067690849304,0.0000000309086197,3.4220247268676758,-0.0000000000000000,0.0000000437113883,1.0000000000000000,-0.1874999701976776,0.0000000000000000,0.0000000000000000,0.0000000000000000,1.0000000000000000
M -0.7071067690849304,0.7071067690849304,-0.0000000309086197,-2.2716977596282959,-0.7071067690849304,-0.7071067690849304,0.0000000309086197,3.4220247268676758,-0.0000000000000000,0.0000000437113883,1.0000000000000000,-0.1874999701976776,0.0000000000000000,0.0000000000000000,0.0000000000000000,1.0000000000000000
M -0.7071067690849304,0.7071067690849304,-0.0000000309086197,-2.3571145534515381,-0.7071067690849304,-0.7071067690849304,0.0000000309086197,3.4220247268676758,-0.0000000000000000,0.0000000437113883,1.0000000000000000,-0.1874999701976776,0.0000000000000000,0.0000000000000000,0.0000000000000000,1.0000000000000000
M -0.7071067690849304,0.7071067690849304,-0.0000000309086197,-2.4425311088562012,-0.7071067690849304,-0.7071067690849304,0.0000000309086197,3.4220247268676758,-0.0000000000000000,0.0000000437113883,1.0000000000000000,-0.1874999701976776,0.0000000000000000,0.0000000000000000,0.0000000000000000,1.0000000000000000
M -0.7071067690849304,0.7071067690849304,-0.0000000309086197,-2.5279476642608643,-0.7071067690849304,-0.7071067690849304,0.0000000309086197,3.4220247268676758,-0.0000000000000000,0.0000000437113883,1.0000000000000000,-0.1874999701976776,0.0000000000000000,0.0000000000000000,0.0000000000000000,1.0000000000000000
M -0.7071067690849304,0.7071067690849304,-0.0000000309086197,-2.6133644580841064,-0.7071067690849304,-0.7071067690849304,0.0000000309086197,3.4220247268676758,-0.0000000000000000,0.0000000437113883,1.0000000000000000,-0.1874999701976776,0.0000000000000000,0.0000000000000000,0.0000000000000000,1.0000000000000000
M -0.7071067690849304,0.7071067690849304,-0.0000000309086197,-2.6987810134887695,-0.7071067690849304,-0.7071067690849304,0.0000000309086197,3.4220247268676758,-0.0000000000000000,0.0000000437113883,1.0000000000000000,-0.1874999701976776,0.0000000000000000,0.0000000000000000,0.0000000000000000,1.0000000000000000
M -0.7071067690849304,0.7071067690849304,-0.0000000309086197,-2.7841978073120117,-0.7071067690849304,-0.7071067690849304,0.0000000309086197,3.4220247268676758,-0.0000000000000000,0.0000000437113883,1.0000000000000000,-0.1874999701976776,0.0000000000000000,0.0000000000000000,0.0000000000000000,1.0000000000000000
