O LEFT_Door
A LEFT_Door_LEFT_Door
M 1.0000000000000000,0.0000000000000000,0.0000000000000000,0.0000000000000000,0.0000000000000000,1.0000000000000000,-0.0000000437113883,0.0000000356932333,-0.0000000000000000,0.0000000437113883,1.0000000000000000,-0.0000000228031638,0.0000000000000000,0.0000000000000000,0.0000000000000000,1.0000000000000000
M 1.0000000000000000,0.0000000000000000,0.0000000000000000,0.0000000000000000,0.0000000000000000,1.0000000000000000,-0.0000000437113883,0.0000000356932333,-0.0000000000000000,0.0000000437113883,1.0000000000000000,-0.0000000228031638,0.0000000000000000,0.0000000000000000,0.0000000000000000,1.0000000000000000
M 1.0000000000000000,0.0000000000000000,0.0000000000000000,0.0000000000000000,0.0000000000000000,1.0000000000000000,-0.0000000437113883,0.0000000356932333,-0.0000000000000000,0.0000000437113883,1.0000000000000000,-0.0000000228031638,0.0000000000000000,0.0000000000000000,0.0000000000000000,1.0000000000000000
M 1.0000000000000000,0.0000000000000000,0.0000000000000000,0.0000000000000000,0.0000000000000000,1.0000000000000000,-0.0000000437113883,0.0000000356932333,-0.0000000000000000,0.0000000437113883,1.0000000000000000,-0.0000000228031638,0.0000000000000000,0.0000000000000000,0.0000000000000000,1.0000000000000000
M 1.0000000000000000,0.0000000000000000,0.0000000000000000,0.0000000000000000,0.0000000000000000,1.0000000000000000,-0.0000000437113883,0.0000000356932333,-0.0000000000000000,0.0000000437113883,1.0000000000000000,-0.0000000228031638,0.0000000000000000,0.0000000000000000,0.0000000000000000,1.0000000000000000
M 1.0000000000000000,0.0000000000000000,0.0000000000000000,0.0000000000000000,0.0000000000000000,1.0000000000000000,-0.0000000437113883,0.0000000356932333,-0.0000000000000000,0.0000000437113883,1.0000000000000000,-0.0000000228031638,0.0000000000000000,0.0000000000000000,0.0000000000000000,1.0000000000000000
M 1.0000000000000000,0.0000000000000000,0.0000000000000000,0.0000000000000000,0.0000000000000000,1.0000000000000000,-0.0000000437113883,0.0000000356932333,-0.0000000000000000,0.0000000437113883,1.0000000000000000,-0.0000000228031638,0.0000000000000000,0.0000000000000000,0.0000000000000000,1.0000000000000000
M 1.0000000000000000,0.0000000000000000,0.0000000000000000,0.0000000000000000,0.0000000000000000,1.0000000000000000,-0.0000000437113883,0.0000000356932333,-0.0000000000000000,0.0000000437113883,1.0000000000000000,-0.0000000228031638,0.0000000000000000,0.0000000000000000,0.0000000000000000,1.0000000000000000
M 1.0000000000000000,0.0000000000000000,0.0000000000000000,0.0000000000000000,0.0000000000000000,1.0000000000000000,-0.0000000437113883,0.0000000356932333,-0.0000000000000000,0.0000000437113883,1.0000000000000000,-0.0000000228031638,0.0000000000000000,0.0000000000000000,0.0000000000000000,1.0000000000000000
M 1.0000000000000000,0.0000000000000000,0.0000000000000000,0.0000000000000000,0.0000000000000000,1.0000000000000000,-0.0000000437113883,0.0000000356932333,-0.0000000000000000,0.0000000437113883,1.0000000000000000,-0.0000000228031638,0.0000000000000000,0.0000000000000000,0.0000000000000000,1.0000000000000000
M 1.0000000000000000,0.0000000000000000,0.0000000000000000,0.0000000000000000,0.0000000000000000,1.0000000000000000,-0.0000000437113883,0.0000000356932333,-0.0000000000000000,0.0000000437113883,1.0000000000000000,-0.0000000228031638,0.0000000000000000,0.0000000000000000,0.0000000000000000,1.0000000000000000
M 1.0000000000000000,0.0000000000000000,0.0000000000000000,0.0000000000000000,0.0000000000000000,1.0000000000000000,-0.0000000437113883,0.0000000356932333,-0.0000000000000000,0.0000000437113883,1.0000000000000000,-0.0000000228031638,0.0000000000000000,0.0000000000000000,0.0000000000000000,1.0000000000000000
M 1.0000000000000000,0.0000000000000000,0.0000000000000000,0.0000000000000000,0.0000000000000000,1.0000000000000000,-0.0000000437113883,0.0000000356932333,-0.0000000000000000,0.0000000437113883,1.0000000000000000,-0.0000000228031638,0.0000000000000000,0.0000000000000000,0.0000000000000000,1.0000000000000000
M 1.0000000000000000,0.0000000000000000,0.0000000000000000,0.0000000000000000,0.0000000000000000,1.0000000000000000,-0.0000000437113883,0.0000000356932333,-0.0000000000000000,0.0000000437113883,1.0000000000000000,-0.0000000228031638,0.0000000000000000,0.0000000000000000,0.0000000000000000,1.0000000000000000
M 1.0000000000000000,0.0000000000000000,0.0000000000000000,0.0000000000000000,0.0000000000000000,1.0000000000000000,-0.0000000437113883,0.0000000356932333,-0.0000000000000000,0.0000000437113883,1.0000000000000000,-0.0000000228031638,0.0000000000000000,0.0000000000000000,0.0000000000000000,1.0000000000000000
M 1.0000000000000000,0.0000000000000000,0.0000000000000000,0.0000000000000000,0.0000000000000000,1.0000000000000000,-0.0000000437113883,0.0000000356932333,-0.0000000000000000,0.0000000437113883,1.0000000000000000,-0.0000000228031638,0.0000000000000000,0.0000000000000000,0.0000000000000000,1.0000000000000000
M 1.0000000000000000,0.0000000000000000,0.0000000000000000,0.0000000000000000,0.0000000000000000,1.0000000000000000,-0.0000000437113883,0.0000000356932333,-0.0000000000000000,0.0000000437113883,1.0000000000000000,-0.0000000228031638,0.0000000000000000,0.0000000000000000,0.0000000000000000,1.0000000000000000
M 1.0000000000000000,0.0000000000000000,0.0000000000000000,0.0000000000000000,0.0000000000000000,1.0000000000000000,-0.0000000437113883,0.0000000356932333,-0.0000000000000000,0.0000000437113883,1.0000000000000000,-0.0000000228031638,0.0000000000000000,0.0000000000000000,0.0000000000000000,1.0000000000000000
M 1.0000000000000000,0.0000000000000000,0.0000000000000000,0.0000000000000000,0.0000000000000000,1.0000000000000000,-0.0000000437113883,0.0000000356932333,-0.0000000000000000,0.0000000437113883,1.0000000000000000,-0.0000000228031638,0.0000000000000000,0.0000000000000000,0.0000000000000000,1.0000000000000000
M 1.0000000000000000,0.0000000000000000,0.0000000000000000,0.0000000000000000,0.0000000000000000,1.0000000000000000,-0.0000000437113883,0.0000000356932333,-0.0000000000000000,0.0000000437113883,1.0000000000000000,-0.0000000228031638,0.0000000000000000,0.0000000000000000,0.0000000000000000,1.0000000000000000
M 1.0000000000000000,0.0000000000000000,0.0000000000000000,0.0000000000000000,0.0000000000000000,1.0000000000000000,-0.0000000437113883,0.0000000356932333,-0.0000000000000000,0.0000000437113883,1.0000000000000000,-0.0000000228031638,0.0000000000000000,0.0000000000000000,0.0000000000000000,1.0000000000000000
M 1.0000000000000000,0.0000000000000000,0.0000000000000000,0.0000000000000000,0.0000000000000000,1.0000000000000000,-0.0000000437113883,0.0000000356932333,-0.0000000000000000,0.0000000437113883,1.0000000000000000,0.0093749538064003,0.0000000000000000,0.0000000000000000,0.0000000000000000,1.0000000000000000
M 1.0000000000000000,0.0000000000000000,0.0000000000000000,0.0000000000000000,0.0000000000000000,1.0000000000000000,-0.0000000437113883,0.0000000356932333,-0.0000000000000000,0.0000000437113883,1.0000000000000000,0.0187499299645424,0.0000000000000000,0.0000000000000000,0.0000000000000000,1.0000000000000000
M 1.0000000000000000,0.0000000000000000,0.0000000000000000,0.0000000000000000,0.0000000000000000,1.0000000000000000,-0.0000000437113883,0.0000000356932333,-0.0000000000000000,0.0000000437113883,1.0000000000000000,0.0281250253319740,0.0000000000000000,0.0000000000000000,0.0000000000000000,1.0000000000000000
M 1.0000000000000000,0.0000000000000000,0.0000000000000000,0.0000000000000000,0.0000000000000000,1.0000000000000000,-0.0000000437113883,0.0000000356932333,-0.0000000000000000,0.0000000437113883,1.0000000000000000,0.0375000014901161,0.0000000000000000,0.0000000000000000,0.0000000000000000,1.0000000000000000
M 1.0000000000000000,0.0000000000000000,0.0000000000000000,0.0000000000000000,0.0000000000000000,1.0000000000000000,-0.0000000437113883,0.0000000356932333,-0.0000000000000000,0.0000000437113883,1.0000000000000000,0.0468749776482582,0.0000000000000000,0.0000000000000000,0.0000000000000000,1.0000000000000000
M 1.0000000000000000,0.0000000000000000,0.0000000000000000,0.0000000000000000,0.0000000000000000,1.0000000000000000,-0.0000000437113883,0.0000000356932333,-0.0000000000000000,0.0000000437113883,1.0000000000000000,0.0562499538064003,0.0000000000000000,0.0000000000000000,0.0000000000000000,1.0000000000000000
M 1.0000000000000000,0.0000000000000000,0.0000000000000000,0.0000000000000000,0.0000000000000000,1.0000000000000000,-0.0000000437113883,0.0000000356932333,-0.0000000000000000,0.0000000437113883,1.0000000000000000,0.0656249299645424,0.0000000000000000,0.0000000000000000,0.0000000000000000,1.0000000000000000
M 1.0000000000000000,0.0000000000000000,0.0000000000000000,0.0000000000000000,0.0000000000000000,1.0000000000000000,-0.0000000437113883,0.0000000356932333,-0.0000000000000000,0.0000000437113883,1.0000000000000000,0.0750000253319740,0.0000000000000000,0.0000000000000000,0.0000000000000000,1.0000000000000000
M 1.0000000000000000,0.0000000000000000,0.0000000000000000,0.0000000000000000,0.0000000000000000,1.0000000000000000,-0.0000000437113883,0.0000000356932333,-0.0000000000000000,0.0000000437113883,1.0000000000000000,0.0843750014901161,0.0000000000000000,0.0000000000000000,0.0000000000000000,1.0000000000000000
M 1.0000000000000000,0.0000000000000000,0.0000000000000000,0.0000000000000000,0.0000000000000000,1.0000000000000000,-0.0000000437113883,0.0000000356932333,-0.0000000000000000,0.0000000437113883,1.0000000000000000,0.0937499776482582,0.0000000000000000,0.0000000000000000,0.0000000000000000,1.0000000000000000
M 1.0000000000000000,0.0000000000000000,0.0000000000000000,0.0000000000000000,0.0000000000000000,1.0000000000000000,-0.0000000437113883,0.0000000356932333,-0.0000000000000000,0.0000000437113883,1.0000000000000000,0.1031249538064003,0.0000000000000000,0.0000000000000000,0.0000000000000000,1.0000000000000000
M 1.0000000000000000,0.0000000000000000,0.0000000000000000,0.0000000000000000,0.0000000000000000,1.0000000000000000,-0.0000000437113883,0.0000000356932333,-0.0000000000000000,0.0000000437113883,1.0000000000000000,0.1124999299645424,0.0000000000000000,0.0000000000000000,0.0000000000000000,1.0000000000000000
M 1.0000000000000000,0.0000000000000000,0.0000000000000000,0.0000000000000000,0.0000000000000000,1.0000000000000000,-0.0000000437113883,0.0000000356932333,-0.0000000000000000,0.0000000437113883,1.0000000000000000,0.1218750253319740,0.0000000000000000,0.0000000000000000,0.0000000000000000,1.0000000000000000
M 1.0000000000000000,0.0000000000000000,0.0000000000000000,0.0000000000000000,0.0000000000000000,1.0000000000000000,-0.0000000437113883,0.0000000356932333,-0.0000000000000000,0.0000000437113883,1.0000000000000000,0.1312499940395355,0.0000000000000000,0.0000000000000000,0.0000000000000000,1.0000000000000000
M 1.0000000000000000,0.0000000000000000,0.0000000000000000,0.0000000000000000,0.0000000000000000,1.0000000000000000,-0.0000000437113883,0.0000000356932333,-0.0000000000000000,0.0000000437113883,1.0000000000000000,0.1406249701976776,0.0000000000000000,0.0000000000000000,0.0000000000000000,1.0000000000000000
M 1.0000000000000000,0.0000000000000000,0.0000000000000000,0.0000000000000000,0.0000000000000000,1.0000000000000000,-0.0000000437113883,0.0000000356932333,-0.0000000000000000,0.0000000437113883,1.0000000000000000,0.1499999463558197,0.0000000000000000,0.0000000000000000,0.0000000000000000,1.0000000000000000
M 1.0000000000000000,0.0000000000000000,0.0000000000000000,0.0000000000000000,0.0000000000000000,1.0000000000000000,-0.0000000437113883,0.0000000356932333,-0.0000000000000000,0.0000000437113883,1.0000000000000000,0.1593749225139618,0.0000000000000000,0.0000000000000000,0.0000000000000000,1.0000000000000000
M 1.0000000000000000,0.0000000000000000,0.0000000000000000,0.0000000000000000,0.0000000000000000,1.0000000000000000,-0.0000000437113883,0.0000000356932333,-0.0000000000000000,0.0000000437113883,1.0000000000000000,0.1687500178813934,0.0000000000000000,0.0000000000000000,0.0000000000000000,1.0000000000000000
M 1.0000000000000000,0.0000000000000000,0.0000000000000000,0.0000000000000000,0.0000000000000000,1.0000000000000000,-0.0000000437113883,0.0000000356932333,-0.0000000000000000,0.0000000437113883,1.0000000000000000,0.1781249940395355,0.0000000000000000,0.0000000000000000,0.0000000000000000,1.0000000000000000
M 1.0000000000000000,0.0000000000000000,0.0000000000000000,0.0000000000000000,0.0000000000000000,1.0000000000000000,-0.0000000437113883,0.0000000356932333,-0.0000000000000000,0.0000000437113883,1.0000000000000000,0.1874999701976776,0.0000000000000000,0.0000000000000000,0.0000000000000000,1.0000000000000000
M 1.0000000000000000,0.0000000000000000,0.0000000000000000,0.0854166671633720,0.0000000000000000,1.0000000000000000,-0.0000000437113883,0.0000000356932333,-0.0000000000000000,0.0000000437113883,1.0000000000000000,0.1874999701976776,0.0000000000000000,0.0000000000000000,0.0000000000000000,1.0000000000000000
M 1.0000000000000000,0.0000000000000000,0.0000000000000000,0.1708333343267441,0.0000000000000000,1.0000000000000000,-0.0000000437113883,0.0000000356932333,-0.0000000000000000,0.0000000437113883,1.0000000000000000,0.1874999701976776,0.0000000000000000,0.0000000000000000,0.0000000000000000,1.0000000000000000
M 1.0000000000000000,0.0000000000000000,0.0000000000000000,0.2562499940395355,0.0000000000000000,1.0000000000000000,-0.0000000437113883,0.0000000356932333,-0.0000000000000000,0.0000000437113883,1.0000000000000000,0.1874999701976776,0.0000000000000000,0.0000000000000000,0.0000000000000000,1.0000000000000000
M 1.0000000000000000,0.0000000000000000,0.0000000000000000,0.3416666686534882,0.0000000000000000,1.0000000000000000,-0.0000000437113883,0.0000000356932333,-0.0000000000000000,0.0000000437113883,1.0000000000000000,0.1874999701976776,0.0000000000000000,0.0000000000000000,0.0000000000000000,1.0000000000000000
M 1.0000000000000000,0.0000000000000000,0.0000000000000000,0.4270833432674408,0.0000000000000000,1.0000000000000000,-0.0000000437113883,0.0000000356932333,-0.0000000000000000,0.0000000437113883,1.0000000000000000,0.1874999701976776,0.0000000000000000,0.0000000000000000,0.0000000000000000,1.0000000000000000
M 1.0000000000000000,0.0000000000000000,0.0000000000000000,0.5124999880790710,0.0000000000000000,1.0000000000000000,-0.0000000437113883,0.0000000356932333,-0.0000000000000000,0.0000000437113883,1.0000000000000000,0.1874999701976776,0.0000000000000000,0.0000000000000000,0.0000000000000000,1.0000000000000000
M 1.0000000000000000,0.0000000000000000,0.0000000000000000,0.5979166626930237,0.0000000000000000,1.0000000000000000,-0.0000000437113883,0.0000000356932333,-0.0000000000000000,0.0000000437113883,1.0000000000000000,0.1874999701976776,0.0000000000000000,0.0000000000000000,0.0000000000000000,1.0000000000000000
M 1.0000000000000000,0.0000000000000000,0.0000000000000000,0.6833333373069763,0.0000000000000000,1.0000000000000000,-0.0000000437113883,0.0000000356932333,-0.0000000000000000,0.0000000437113883,1.0000000000000000,0.1874999701976776,0.0000000000000000,0.0000000000000000,0.0000000000000000,1.0000000000000000
M 1.0000000000000000,0.0000000000000000,0.0000000000000000,0.7687500119209290,0.0000000000000000,1.0000000000000000,-0.0000000437113883,0.0000000356932333,-0.0000000000000000,0.0000000437113883,1.0000000000000000,0.1874999701976776,0.0000000000000000,0.0000000000000000,0.0000000000000000,1.0000000000000000
M 1.0000000000000000,0.0000000000000000,0.0000000000000000,0.8541666865348816,0.0000000000000000,1.0000000000000000,-0.0000000437113883,0.0000000356932333,-0.0000000000000000,0.0000000437113883,1.0000000000000000,0.1874999701976776,0.0000000000000000,0.0000000000000000,0.0000000000000000,1.0000000000000000
M 1.0000000000000000,0.0000000000000000,0.0000000000000000,0.9395833611488342,0.0000000000000000,1.0000000000000000,-0.0000000437113883,0.0000000356932333,-0.0000000000000000,0.0000000437113883,1.0000000000000000,0.1874999701976776,0.0000000000000000,0.0000000000000000,0.0000000000000000,1.0000000000000000
M 1.0000000000000000,0.0000000000000000,0.0000000000000000,1.0249999761581421,0.0000000000000000,1.0000000000000000,-0.0000000437113883,0.0000000356932333,-0.0000000000000000,0.0000000437113883,1.0000000000000000,0.1874999701976776,0.0000000000000000,0.0000000000000000,0.0000000000000000,1.0000000000000000
M 1.0000000000000000,0.0000000000000000,0.0000000000000000,1.1104166507720947,0.0000000000000000,1.0000000000000000,-0.0000000437113883,0.0000000356932333,-0.0000000000000000,0.0000000437113883,1.0000000000000000,0.1874999701976776,0.0000000000000000,0.0000000000000000,0.0000000000000000,1.0000000000000000
M 1.0000000000000000,0.0000000000000000,0.0000000000000000,1.1958333253860474,0.0000000000000000,1.0000000000000000,-0.0000000437113883,0.0000000356932333,-0.0000000000000000,0.0000000437113883,1.0000000000000000,0.1874999701976776,0.0000000000000000,0.0000000000000000,0.0000000000000000,1.0000000000000000
M 1.0000000000000000,0.0000000000000000,0.0000000000000000,1.2812500000000000,0.0000000000000000,1.0000000000000000,-0.0000000437113883,0.0000000356932333,-0.0000000000000000,0.0000000437113883,1.0000000000000000,0.1874999701976776,0.0000000000000000,0.0000000000000000,0.0000000000000000,1.0000000000000000
M 1.0000000000000000,0.0000000000000000,0.0000000000000000,1.3666666746139526,0.0000000000000000,1.0000000000000000,-0.0000000437113883,0.0000000356932333,-0.0000000000000000,0.0000000437113883,1.0000000000000000,0.1874999701976776,0.0000000000000000,0.0000000000000000,0.0000000000000000,1.0000000000000000
M 1.0000000000000000,0.0000000000000000,0.0000000000000000,1.4520833492279053,0.0000000000000000,1.0000000000000000,-0.0000000437113883,0.0000000356932333,-0.0000000000000000,0.0000000437113883,1.0000000000000000,0.1874999701976776,0.0000000000000000,0.0000000000000000,0.0000000000000000,1.0000000000000000
M 1.0000000000000000,0.0000000000000000,0.0000000000000000,1.5375000238418579,0.0000000000000000,1.0000000000000000,-0.0000000437113883,0.0000000356932333,-0.0000000000000000,0.0000000437113883,1.0000000000000000,0.1874999701976776,0.0000000000000000,0.0000000000000000,0.0000000000000000,1.0000000000000000
M 1.0000000000000000,0.0000000000000000,0.0000000000000000,1.6229166984558105,0.0000000000000000,1.0000000000000000,-0.0000000437113883,0.0000000356932333,-0.0000000000000000,0.0000000437113883,1.0000000000000000,0.1874999701976776,0.0000000000000000,0.0000000000000000,0.0000000000000000,1.0000000000000000
M 1.0000000000000000,0.0000000000000000,0.0000000000000000,1.7083333730697632,0.0000000000000000,1.0000000000000000,-0.0000000437113883,0.0000000356932333,-0.0000000000000000,0.0000000437113883,1.0000000000000000,0.1874999701976776,0.0000000000000000,0.0000000000000000,0.0000000000000000,1.0000000000000000
M 1.0000000000000000,0.0000000000000000,0.0000000000000000,1.7937500476837158,0.0000000000000000,1.0000000000000000,-0.0000000437113883,0.0000000356932333,-0.0000000000000000,0.0000000437113883,1.0000000000000000,0.1874999701976776,0.0000000000000000,0.0000000000000000,0.0000000000000000,1.0000000000000000
M 1.0000000000000000,0.0000000000000000,0.0000000000000000,1.8791667222976685,0.0000000000000000,1.0000000000000000,-0.0000000437113883,0.0000000356932333,-0.0000000000000000,0.0000000437113883,1.0000000000000000,0.1874999701976776,0.0000000000000000,0.0000000000000000,0.0000000000000000,1.0000000000000000
M 1.0000000000000000,0.0000000000000000,0.0000000000000000,1.9645832777023315,0.0000000000000000,1.0000000000000000,-0.0000000437113883,0.0000000356932333,-0.0000000000000000,0.0000000437113883,1.0000000000000000,0.1874999701976776,0.0000000000000000,0.0000000000000000,0.0000000000000000,1.0000000000000000
M 1.0000000000000000,0.0000000000000000,0.0000000000000000,2.0499999523162842,0.0000000000000000,1.0000000000000000,-0.0000000437113883,0.0000000356932333,-0.0000000000000000,0.0000000437113883,1.0000000000000000,0.1874999701976776,0.0000000000000000,0.0000000000000000,0.0000000000000000,1.0000000000000000
M 1.0000000000000000,0.0000000000000000,0.0000000000000000,2.1354167461395264,0.0000000000000000,1.0000000000000000,-0.0000000437113883,0.0000000356932333,-0.0000000000000000,0.0000000437113883,1.0000000000000000,0.1874999701976776,0.0000000000000000,0.0000000000000000,0.0000000000000000,1.0000000000000000
M 1.0000000000000000,0.0000000000000000,0.0000000000000000,2.2208333015441895,0.0000000000000000,1.0000000000000000,-0.0000000437113883,0.0000000356932333,-0.0000000000000000,0.0000000437113883,1.0000000000000000,0.1874999701976776,0.0000000000000000,0.0000000000000000,0.0000000000000000,1.0000000000000000
M 1.0000000000000000,0.0000000000000000,0.0000000000000000,2.3062500953674316,0.0000000000000000,1.0000000000000000,-0.0000000437113883,0.0000000356932333,-0.0000000000000000,0.0000000437113883,1.0000000000000000,0.1874999701976776,0.0000000000000000,0.0000000000000000,0.0000000000000000,1.0000000000000000
M 1.0000000000000000,0.0000000000000000,0.0000000000000000,2.3916666507720947,0.0000000000000000,1.0000000000000000,-0.0000000437113883,0.0000000356932333,-0.0000000000000000,0.0000000437113883,1.0000000000000000,0.1874999701976776,0.0000000000000000,0.0000000000000000,0.0000000000000000,1.0000000000000000
M 1.0000000000000000,0.0000000000000000,0.0000000000000000,2.4770834445953369,0.0000000000000000,1.0000000000000000,-0.0000000437113883,0.0000000356932333,-0.0000000000000000,0.0000000437113883,1.0000000000000000,0.1874999701976776,0.0000000000000000,0.0000000000000000,0.0000000000000000,1.0000000000000000
M 1.0000000000000000,0.0000000000000000,0.0000000000000000,2.5625000000000000,0.0000000000000000,1.0000000000000000,-0.0000000437113883,0.0000000356932333,-0.0000000000000000,0.0000000437113883,1.0000000000000000,0.1874999701976776,0.0000000000000000,0.0000000000000000,0.0000000000000000,1.0000000000000000
O WIDGET_1_TOGGLE_CG_SDL
A WIDGET_1_TOGGLE_CG_SDL_WIDGET_1_TOGGLE_CG_SDL
M 1.0000000000000000,0.0000000000000000,0.0000000000000000,0.0000000000000000,0.0000000000000000,1.0000000000000000,-0.0000000437113883,0.0000000517840135,-0.0000000000000000,0.0000000437113883,1.0000000000000000,0.0000000310382973,0.0000000000000000,0.0000000000000000,0.0000000000000000,1.0000000000000000
M 0.9998540878295898,-0.0170815810561180,0.0000000007466594,0.0342415980994701,0.0170815810561180,0.9998540878295898,-0.0000000437050112,0.0002932959469035,-0.0000000000000000,0.0000000437113883,1.0000000000000000,0.0000000310382973,0.0000000000000000,0.0000000000000000,0.0000000000000000,1.0000000000000000
M 0.9978245496749878,-0.0659256055951118,0.0000000028816998,0.1321538686752319,0.0659256055951118,0.9978245496749878,-0.0000000436162964,0.0043636849150062,-0.0000000000000000,0.0000000437113883,1.0000000000000000,0.0000000310382973,0.0000000000000000,0.0000000000000000,0.0000000000000000,1.0000000000000000
M 0.9897730946540833,-0.1426505148410797,0.0000000062354504,0.2859556674957275,0.1426505148410797,0.9897730946540833,-0.0000000432643574,0.0205067116767168,-0.0000000000000000,0.0000000437113883,1.0000000000000000,0.0000000310382973,0.0000000000000000,0.0000000000000000,0.0000000000000000,1.0000000000000000
M 0.9701266288757324,-0.2425992041826248,0.0000000106043441,0.4863112270832062,0.2425992041826248,0.9701266288757324,-0.0000000424055671,0.0598940029740334,-0.0000000000000000,0.0000000437113883,1.0000000000000000,0.0000000310382973,0.0000000000000000,0.0000000000000000,0.0000000000000000,1.0000000000000000
M 0.9329928159713745,-0.3598950207233429,0.0000000157315068,0.7214399576187134,0.3598950207233429,0.9329928159713745,-0.0000000407823961,0.1343369185924530,-0.0000000000000000,0.0000000437113883,1.0000000000000000,0.0000000310382973,0.0000000000000000,0.0000000000000000,0.0000000000000000,1.0000000000000000
M 0.8732624650001526,-0.4872500896453857,0.0000000212983711,0.9767324924468994,0.4872500896453857,0.8732624650001526,-0.0000000381715139,0.2540771663188934,-0.0000000000000000,0.0000000437113883,1.0000000000000000,0.0000000310382973,0.0000000000000000,0.0000000000000000,0.0000000000000000,1.0000000000000000
M 0.7876210808753967,-0.6161599159240723,0.0000000269332059,1.2351405620574951,0.6161599159240723,0.7876210808753967,-0.0000000344279982,0.4257586300373077,-0.0000000000000000,0.0000000437113883,1.0000000000000000,0.0000000310382973,0.0000000000000000,0.0000000000000000,0.0000000000000000,1.0000000000000000
M 0.6753328442573547,-0.7375130653381348,0.0000000322377183,1.4783995151519775,0.7375130653381348,0.6753328442573547,-0.0000000295197360,0.6508556604385376,-0.0000000000000000,0.0000000437113883,1.0000000000000000,0.0000000310382973,0.0000000000000000,0.0000000000000000,0.0000000000000000,1.0000000000000000
M 0.5386422276496887,-0.8425346016883850,0.0000000368283573,1.6889191865921021,0.8425346016883850,0.5386422276496887,-0.0000000235447999,0.9248689413070679,-0.0000000000000000,0.0000000437113883,1.0000000000000000,0.0000000310382973,0.0000000000000000,0.0000000000000000,0.0000000000000000,1.0000000000000000
M 0.3826835453510284,-0.9238795042037964,0.0000000403840410,1.8519761562347412,0.9238795042037964,0.3826835453510284,-0.0000000167276291,1.2375059127807617,-0.0000000000000000,0.0000000437113883,1.0000000000000000,0.0000000310382973,0.0000000000000000,0.0000000000000000,0.0000000000000000,1.0000000000000000
M 0.2148847132921219,-0.9766394495964050,0.0000000426902673,1.9577313661575317,0.9766394495964050,0.2148847132921219,-0.0000000093929096,1.5738762617111206,-0.0000000000000000,0.0000000437113883,1.0000000000000000,0.0000000310382973,0.0000000000000000,0.0000000000000000,0.0000000000000000,1.0000000000000000
M 0.0439682826399803,-0.9990329146385193,0.0000000436691145,2.0026140213012695,0.9990329146385193,0.0439682826399803,-0.0000000019219142,1.9164949655532837,-0.0000000000000000,0.0000000437113883,1.0000000000000000,0.0000000310382973,0.0000000000000000,0.0000000000000000,0.0000000000000000,1.0000000000000000
M -0.1212411001324654,-0.9926230907440186,0.0000000433889333,1.9897582530975342,0.9926230907440186,-0.1212411001324654,0.0000000052996167,2.2476720809936523,-0.0000000000000000,0.0000000437113883,1.0000000000000000,0.0000000310382973,0.0000000000000000,0.0000000000000000,0.0000000000000000,1.0000000000000000
M -0.2729518711566925,-0.9620276689529419,0.0000000420515640,1.9284205436706543,0.9620276689529419,-0.2729518711566925,0.0000000119311050,2.5517890453338623,-0.0000000000000000,0.0000000437113883,1.0000000000000000,0.0000000310382973,0.0000000000000000,0.0000000000000000,0.0000000000000000,1.0000000000000000
M -0.4052413403987885,-0.9142097234725952,0.0000000399613747,1.8325597047805786,0.9142097234725952,-0.4052413403987885,0.0000000177136616,2.8169734477996826,-0.0000000000000000,0.0000000437113883,1.0000000000000000,0.0000000310382973,0.0000000000000000,0.0000000000000000,0.0000000000000000,1.0000000000000000
M -0.5144395232200623,-0.8575266599655151,0.0000000374836802,1.7189286947250366,0.8575266599655151,-0.5144395232200623,0.0000000224868586,3.0358688831329346,-0.0000000000000000,0.0000000437113883,1.0000000000000000,0.0000000310382973,0.0000000000000000,0.0000000000000000,0.0000000000000000,1.0000000000000000
M -0.5990060567855835,-0.8007444739341736,0.0000000350016514,1.6051001548767090,0.8007444739341736,-0.5990060567855835,0.0000000261833861,3.2053880691528320,-0.0000000000000000,0.0000000437113883,1.0000000000000000,0.0000000310382973,0.0000000000000000,0.0000000000000000,0.0000000000000000,1.0000000000000000
M -0.6589519977569580,-0.7521849870681763,0.0000000328790364,1.5077556371688843,0.7521849870681763,-0.6589519977569580,0.0000000288037061,3.3255531787872314,-0.0000000000000000,0.0000000437113883,1.0000000000000000,0.0000000310382973,0.0000000000000000,0.0000000000000000,0.0000000000000000,1.0000000000000000
M -0.6949248909950256,-0.7190822958946228,0.0000000314320872,1.4413968324661255,0.7190822958946228,-0.6949248909950256,0.0000000303761318,3.3976628780364990,-0.0000000000000000,0.0000000437113883,1.0000000000000000,0.0000000310382973,0.0000000000000000,0.0000000000000000,0.0000000000000000,1.0000000000000000
M -0.7071067690849304,-0.7071067690849304,0.0000000309086197,1.4173903465270996,0.7071067690849304,-0.7071067690849304,0.0000000309086197,3.4220819473266602,-0.0000000000000000,0.0000000437113883,1.0000000000000000,0.0000000310382973,0.0000000000000000,0.0000000000000000,0.0000000000000000,1.0000000000000000
M -0.7071067690849304,-0.7071067690849304,0.0000000309086197,1.4173903465270996,0.7071067690849304,-0.7071067690849304,0.0000000309086197,3.4220819473266602,-0.0000000000000000,0.0000000437113883,1.0000000000000000,0.0093750068917871,0.0000000000000000,0.0000000000000000,0.0000000000000000,1.0000000000000000
M -0.7071067690849304,-0.7071067690849304,0.0000000309086197,1.4173903465270996,0.7071067690849304,-0.7071067690849304,0.0000000309086197,3.4220819473266602,-0.0000000000000000,0.0000000437113883,1.0000000000000000,0.0187499839812517,0.0000000000000000,0.0000000000000000,0.0000000000000000,1.0000000000000000
M -0.7071067690849304,-0.7071067690849304,0.0000000309086197,1.4173903465270996,0.7071067690849304,-0.7071067690849304,0.0000000309086197,3.4220819473266602,-0.0000000000000000,0.0000000437113883,1.0000000000000000,0.0281250793486834,0.0000000000000000,0.0000000000000000,0.0000000000000000,1.0000000000000000
M -0.7071067690849304,-0.7071067690849304,0.0000000309086197,1.4173903465270996,0.7071067690849304,-0.7071067690849304,0.0000000309086197,3.4220819473266602,-0.0000000000000000,0.0000000437113883,1.0000000000000000,0.0375000536441803,0.0000000000000000,0.0000000000000000,0.0000000000000000,1.0000000000000000
M -0.7071067690849304,-0.7071067690849304,0.0000000309086197,1.4173903465270996,0.7071067690849304,-0.7071067690849304,0.0000000309086197,3.4220819473266602,-0.0000000000000000,0.0000000437113883,1.0000000000000000,0.0468750298023224,0.0000000000000000,0.0000000000000000,0.0000000000000000,1.0000000000000000
M -0.7071067690849304,-0.7071067690849304,0.0000000309086197,1.4173903465270996,0.7071067690849304,-0.7071067690849304,0.0000000309086197,3.4220819473266602,-0.0000000000000000,0.0000000437113883,1.0000000000000000,0.0562500059604645,0.0000000000000000,0.0000000000000000,0.0000000000000000,1.0000000000000000
M -0.7071067690849304,-0.7071067690849304,0.0000000309086197,1.4173903465270996,0.7071067690849304,-0.7071067690849304,0.0000000309086197,3.4220819473266602,-0.0000000000000000,0.0000000437113883,1.0000000000000000,0.0656249821186066,0.0000000000000000,0.0000000000000000,0.0000000000000000,1.0000000000000000
M -0.7071067690849304,-0.7071067690849304,0.0000000309086197,1.4173903465270996,0.7071067690849304,-0.7071067690849304,0.0000000309086197,3.4220819473266602,-0.0000000000000000,0.0000000437113883,1.0000000000000000,0.0750000774860382,0.0000000000000000,0.0000000000000000,0.0000000000000000,1.0000000000000000
M -0.7071067690849304,-0.7071067690849304,0.0000000309086197,1.4173903465270996,0.7071067690849304,-0.7071067690849304,0.0000000309086197,3.4220819473266602,-0.0000000000000000,0.0000000437113883,1.0000000000000000,0.0843750536441803,0.0000000000000000,0.0000000000000000,0.0000000000000000,1.0000000000000000
M -0.7071067690849304,-0.7071067690849304,0.0000000309086197,1.4173903465270996,0.7071067690849304,-0.7071067690849304,0.0000000309086197,3.4220819473266602,-0.0000000000000000,0.0000000437113883,1.0000000000000000,0.0937500298023224,0.0000000000000000,0.0000000000000000,0.0000000000000000,1.0000000000000000
M -0.7071067690849304,-0.7071067690849304,0.0000000309086197,1.4173903465270996,0.7071067690849304,-0.7071067690849304,0.0000000309086197,3.4220819473266602,-0.0000000000000000,0.0000000437113883,1.0000000000000000,0.1031250059604645,0.0000000000000000,0.0000000000000000,0.0000000000000000,1.0000000000000000
M -0.7071067690849304,-0.7071067690849304,0.0000000309086197,1.4173903465270996,0.7071067690849304,-0.7071067690849304,0.0000000309086197,3.4220819473266602,-0.0000000000000000,0.0000000437113883,1.0000000000000000,0.1124999821186066,0.0000000000000000,0.0000000000000000,0.0000000000000000,1.0000000000000000
M -0.7071067690849304,-0.7071067690849304,0.0000000309086197,1.4173903465270996,0.7071067690849304,-0.7071067690849304,0.0000000309086197,3.4220819473266602,-0.0000000000000000,0.0000000437113883,1.0000000000000000,0.1218750774860382,0.0000000000000000,0.0000000000000000,0.0000000000000000,1.0000000000000000
M -0.7071067690849304,-0.7071067690849304,0.0000000309086197,1.4173903465270996,0.7071067690849304,-0.7071067690849304,0.0000000309086197,3.4220819473266602,-0.0000000000000000,0.0000000437113883,1.0000000000000000,0.1312500536441803,0.0000000000000000,0.0000000000000000,0.0000000000000000,1.0000000000000000
M -0.7071067690849304,-0.7071067690849304,0.0000000309086197,1.4173903465270996,0.7071067690849304,-0.7071067690849304,0.0000000309086197,3.4220819473266602,-0.0000000000000000,0.0000000437113883,1.0000000000000000,0.1406250298023224,0.0000000000000000,0.0000000000000000,0.0000000000000000,1.0000000000000000
M -0.7071067690849304,-0.7071067690849304,0.0000000309086197,1.4173903465270996,0.7071067690849304,-0.7071067690849304,0.0000000309086197,3.4220819473266602,-0.0000000000000000,0.0000000437113883,1.0000000000000000,0.1500000059604645,0.0000000000000000,0.0000000000000000,0.0000000000000000,1.0000000000000000
M -0.7071067690849304,-0.7071067690849304,0.0000000309086197,1.4173903465270996,0.7071067690849304,-0.7071067690849304,0.0000000309086197,3.4220819473266602,-0.0000000000000000,0.0000000437113883,1.0000000000000000,0.1593749821186066,0.0000000000000000,0.0000000000000000,0.0000000000000000,1.0000000000000000
M -0.7071067690849304,-0.7071067690849304,0.0000000309086197,1.4173903465270996,0.7071067690849304,-0.7071067690849304,0.0000000309086197,3.4220819473266602,-0.0000000000000000,0.0000000437113883,1.0000000000000000,0.1687500774860382,0.0000000000000000,0.0000000000000000,0.0000000000000000,1.0000000000000000
M -0.7071067690849304,-0.7071067690849304,0.0000000309086197,1.4173903465270996,0.7071067690849304,-0.7071067690849304,0.0000000309086197,3.4220819473266602,-0.0000000000000000,0.0000000437113883,1.0000000000000000,0.1781250536441803,0.0000000000000000,0.0000000000000000,0.0000000000000000,1.0000000000000000
M -0.7071067690849304,-0.7071067690849304,0.0000000309086197,1.4173903465270996,0.7071067690849304,-0.7071067690849304,0.0000000309086197,3.4220819473266602,-0.0000000000000000,0.0000000437113883,1.0000000000000000,0.1875000298023224,0.0000000000000000,0.0000000000000000,0.0000000000000000,1.0000000000000000
M -0.7071067690849304,-0.7071067690849304,0.0000000309086197,1.5028070211410522,0.7071067690849304,-0.7071067690849304,0.0000000309086197,3.4220819473266602,-0.0000000000000000,0.0000000437113883,1.0000000000000000,0.1875000298023224,0.0000000000000000,0.0000000000000000,0.0000000000000000,1.0000000000000000
M -0.7071067690849304,-0.7071067690849304,0.0000000309086197,1.5882235765457153,0.7071067690849304,-0.7071067690849304,0.0000000309086197,3.4220819473266602,-0.0000000000000000,0.0000000437113883,1.0000000000000000,0.1875000298023224,0.0000000000000000,0.0000000000000000,0.0000000000000000,1.0000000000000000
M -0.7071067690849304,-0.7071067690849304,0.0000000309086197,1.6736402511596680,0.7071067690849304,-0.7071067690849304,0.0000000309086197,3.4220819473266602,-0.0000000000000000,0.0000000437113883,1.0000000000000000,0.1875000298023224,0.0000000000000000,0.0000000000000000,0.0000000000000000,1.0000000000000000
M -0.7071067690849304,-0.7071067690849304,0.0000000309086197,1.7590569257736206,0.7071067690849304,-0.7071067690849304,0.0000000309086197,3.4220819473266602,-0.0000000000000000,0.0000000437113883,1.0000000000000000,0.1875000298023224,0.0000000000000000,0.0000000000000000,0.0000000000000000,1.0000000000000000
M -0.7071067690849304,-0.7071067690849304,0.0000000309086197,1.8444736003875732,0.7071067690849304,-0.7071067690849304,0.0000000309086197,3.4220819473266602,-0.0000000000000000,0.0000000437113883,1.0000000000000000,0.1875000298023224,0.0000000000000000,0.0000000000000000,0.0000000000000000,1.0000000000000000
M -0.7071067690849304,-0.7071067690849304,0.0000000309086197,1.9298902750015259,0.7071067690849304,-0.7071067690849304,0.0000000309086197,3.4220819473266602,-0.0000000000000000,0.0000000437113883,1.0000000000000000,0.1875000298023224,0.0000000000000000,0.0000000000000000,0.0000000000000000,1.0000000000000000
M -0.7071067690849304,-0.7071067690849304,0.0000000309086197,2.0153069496154785,0.7071067690849304,-0.7071067690849304,0.0000000309086197,3.4220819473266602,-0.0000000000000000,0.0000000437113883,1.0000000000000000,0.1875000298023224,0.0000000000000000,0.0000000000000000,0.0000000000000000,1.0000000000000000
M -0.7071067690849304,-0.7071067690849304,0.0000000309086197,2.1007237434387207,0.7071067690849304,-0.7071067690849304,0.0000000309086197,3.4220819473266602,-0.0000000000000000,0.0000000437113883,1.0000000000000000,0.1875000298023224,0.0000000000000000,0.0000000000000000,0.0000000000000000,1.0000000000000000
M -0.7071067690849304,-0.7071067690849304,0.0000000309086197,2.1861402988433838,0.7071067690849304,-0.7071067690849304,0.0000000309086197,3.4220819473266602,-0.0000000000000000,0.0000000437113883,1.0000000000000000,0.1875000298023224,0.0000000000000000,0.0000000000000000,0.0000000000000000,1.0000000000000000
M -0.7071067690849304,-0.7071067690849304,0.0000000309086197,2.2715570926666260,0.7071067690849304,-0.7071067690849304,0.0000000309086197,3.4220819473266602,-0.0000000000000000,0.0000000437113883,1.0000000000000000,0.1875000298023224,0.0000000000000000,0.0000000000000000,0.0000000000000000,1.0000000000000000
M -0.7071067690849304,-0.7071067690849304,0.0000000309086197,2.3569736480712891,0.7071067690849304,-0.7071067690849304,0.0000000309086197,3.4220819473266602,-0.0000000000000000,0.0000000437113883,1.0000000000000000,0.1875000298023224,0.0000000000000000,0.0000000000000000,0.0000000000000000,1.0000000000000000
M -0.7071067690849304,-0.7071067690849304,0.0000000309086197,2.4423902034759521,0.7071067690849304,-0.7071067690849304,0.0000000309086197,3.4220819473266602,-0.0000000000000000,0.0000000437113883,1.0000000000000000,0.1875000298023224,0.0000000000000000,0.0000000000000000,0.0000000000000000,1.0000000000000000
M -0.7071067690849304,-0.7071067690849304,0.0000000309086197,2.5278069972991943,0.7071067690849304,-0.7071067690849304,0.0000000309086197,3.4220819473266602,-0.0000000000000000,0.0000000437113883,1.0000000000000000,0.1875000298023224,0.0000000000000000,0.0000000000000000,0.0000000000000000,1.0000000000000000
M -0.7071067690849304,-0.7071067690849304,0.0000000309086197,2.6132235527038574,0.7071067690849304,-0.7071067690849304,0.0000000309086197,3.4220819473266602,-0.0000000000000000,0.0000000437113883,1.0000000000000000,0.1875000298023224,0.0000000000000000,0.0000000000000000,0.0000000000000000,1.0000000000000000
M -0.7071067690849304,-0.7071067690849304,0.0000000309086197,2.6986403465270996,0.7071067690849304,-0.7071067690849304,0.0000000309086197,3.4220819473266602,-0.0000000000000000,0.0000000437113883,1.0000000000000000,0.1875000298023224,0.0000000000000000,0.0000000000000000,0.0000000000000000,1.0000000000000000
M -0.7071067690849304,-0.7071067690849304,0.0000000309086197,2.7840569019317627,0.7071067690849304,-0.7071067690849304,0.0000000309086197,3.4220819473266602,-0.0000000000000000,0.0000000437113883,1.0000000000000000,0.1875000298023224,0.0000000000000000,0.0000000000000000,0.0000000000000000,1.0000000000000000
M -0.7071067690849304,-0.7071067690849304,0.0000000309086197,2.8694736957550049,0.7071067690849304,-0.7071067690849304,0.0000000309086197,3.4220819473266602,-0.0000000000000000,0.0000000437113883,1.0000000000000000,0.1875000298023224,0.0000000000000000,0.0000000000000000,0.0000000000000000,1.0000000000000000
