O WIDGET_10_CG_Pant2_NOINTERACT_mvp_chs4t
A WIDGET_10_CG_Pant2_NOINTERACT_mvp_chs4t_WIDGET_10_CG_Pant2_NOINTERACT_mvp_chs4t
M 1.0000000000000000,0.0000000000000000,0.0000000000000000,0.0000000000000000,0.0000000000000000,1.0000000000000000,-0.0000000437113883,0.0000000000000000,-0.0000000000000000,0.0000000437113883,1.0000000000000000,-0.0000000000000000,0.0000000000000000,0.0000000000000000,0.0000000000000000,1.0000000000000000
M 1.0000000000000000,0.0000000000000000,0.0000000000000000,0.0000000000000000,0.0000000000000000,1.0000000000000000,-0.0000000437113883,0.0021810045000166,-0.0000000000000000,0.0000000437113883,1.0000000000000000,-0.0000000000000000,0.0000000000000000,0.0000000000000000,0.0000000000000000,1.0000000000000000
M 1.0000000000000000,0.0000000000000000,0.0000000000000000,0.0000000000000000,0.0000000000000000,1.0000000000000000,-0.0000000437113883,0.0085722953081131,-0.0000000000000000,0.0000000437113883,1.0000000000000000,-0.0000000000000000,0.0000000000000000,0.0000000000000000,0.0000000000000000,1.0000000000000000
M 1.0000000000000000,0.0000000000000000,0.0000000000000000,0.0000000000000000,0.0000000000000000,1.0000000000000000,-0.0000000437113883,0.0189462918788195,-0.0000000000000000,0.0000000437113883,1.0000000000000000,-0.0000000000000000,0.0000000000000000,0.0000000000000000,0.0000000000000000,1.0000000000000000
M 1.0000000000000000,0.0000000000000000,0.0000000000000000,0.0000000000000000,0.0000000000000000,1.0000000000000000,-0.0000000437113883,0.0330754071474075,-0.0000000000000000,0.0000000437113883,1.0000000000000000,-0.0000000000000000,0.0000000000000000,0.0000000000000000,0.0000000000000000,1.0000000000000000
M 1.0000000000000000,0.0000000000000000,0.0000000000000000,0.0000000000000000,0.0000000000000000,1.0000000000000000,-0.0000000437113883,0.0507320612668991,-0.0000000000000000,0.0000000437113883,1.0000000000000000,-0.0000000000000000,0.0000000000000000,0.0000000000000000,0.0000000000000000,1.0000000000000000
M 1.0000000000000000,0.0000000000000000,0.0000000000000000,0.0000000000000000,0.0000000000000000,1.0000000000000000,-0.0000000437113883,0.0716886669397354,-0.0000000000000000,0.0000000437113883,1.0000000000000000,-0.0000000000000000,0.0000000000000000,0.0000000000000000,0.0000000000000000,1.0000000000000000
M 1.0000000000000000,0.0000000000000000,0.0000000000000000,0.0000000000000000,0.0000000000000000,1.0000000000000000,-0.0000000437113883,0.0957176461815834,-0.0000000000000000,0.0000000437113883,1.0000000000000000,-0.0000000000000000,0.0000000000000000,0.0000000000000000,0.0000000000000000,1.0000000000000000
M 1.0000000000000000,0.0000000000000000,0.0000000000000000,0.0000000000000000,0.0000000000000000,1.0000000000000000,-0.0000000437113883,0.1225914135575294,-0.0000000000000000,0.0000000437113883,1.0000000000000000,-0.0000000000000000,0.0000000000000000,0.0000000000000000,0.0000000000000000,1.0000000000000000
M 1.0000000000000000,0.0000000000000000,0.0000000000000000,0.0000000000000000,0.0000000000000000,1.0000000000000000,-0.0000000437113883,0.1520823836326599,-0.0000000000000000,0.0000000437113883,1.0000000000000000,-0.0000000000000000,0.0000000000000000,0.0000000000000000,0.0000000000000000,1.0000000000000000
M 1.0000000000000000,0.0000000000000000,0.0000000000000000,0.0000000000000000,0.0000000000000000,1.0000000000000000,-0.0000000437113883,0.1839629858732224,-0.0000000000000000,0.0000000437113883,1.0000000000000000,-0.0000000000000000,0.0000000000000000,0.0000000000000000,0.0000000000000000,1.0000000000000000
M 1.0000000000000000,0.0000000000000000,0.0000000000000000,0.0000000000000000,0.0000000000000000,1.0000000000000000,-0.0000000437113883,0.2180056273937225,-0.0000000000000000,0.0000000437113883,1.0000000000000000,-0.0000000000000000,0.0000000000000000,0.0000000000000000,0.0000000000000000,1.0000000000000000
M 1.0000000000000000,0.0000000000000000,0.0000000000000000,0.0000000000000000,0.0000000000000000,1.0000000000000000,-0.0000000437113883,0.2539827227592468,-0.0000000000000000,0.0000000437113883,1.0000000000000000,-0.0000000000000000,0.0000000000000000,0.0000000000000000,0.0000000000000000,1.0000000000000000
M 1.0000000000000000,0.0000000000000000,0.0000000000000000,0.0000000000000000,0.0000000000000000,1.0000000000000000,-0.0000000437113883,0.2916666865348816,-0.0000000000000000,0.0000000437113883,1.0000000000000000,-0.0000000000000000,0.0000000000000000,0.0000000000000000,0.0000000000000000,1.0000000000000000
M 1.0000000000000000,0.0000000000000000,0.0000000000000000,0.0000000000000000,0.0000000000000000,1.0000000000000000,-0.0000000437113883,0.3308299183845520,-0.0000000000000000,0.0000000437113883,1.0000000000000000,-0.0000000000000000,0.0000000000000000,0.0000000000000000,0.0000000000000000,1.0000000000000000
M 1.0000000000000000,0.0000000000000000,0.0000000000000000,0.0000000000000000,0.0000000000000000,1.0000000000000000,-0.0000000437113883,0.3712448775768280,-0.0000000000000000,0.0000000437113883,1.0000000000000000,-0.0000000000000000,0.0000000000000000,0.0000000000000000,0.0000000000000000,1.0000000000000000
M 1.0000000000000000,0.0000000000000000,0.0000000000000000,0.0000000000000000,0.0000000000000000,1.0000000000000000,-0.0000000437113883,0.4126839637756348,-0.0000000000000000,0.0000000437113883,1.0000000000000000,-0.0000000000000000,0.0000000000000000,0.0000000000000000,0.0000000000000000,1.0000000000000000
M 1.0000000000000000,0.0000000000000000,0.0000000000000000,0.0000000000000000,0.0000000000000000,1.0000000000000000,-0.0000000437113883,0.4549196362495422,-0.0000000000000000,0.0000000437113883,1.0000000000000000,-0.0000000000000000,0.0000000000000000,0.0000000000000000,0.0000000000000000,1.0000000000000000
M 1.0000000000000000,0.0000000000000000,0.0000000000000000,0.0000000000000000,0.0000000000000000,1.0000000000000000,-0.0000000437113883,0.4977241456508636,-0.0000000000000000,0.0000000437113883,1.0000000000000000,-0.0000000000000000,0.0000000000000000,0.0000000000000000,0.0000000000000000,1.0000000000000000
M 1.0000000000000000,0.0000000000000000,0.0000000000000000,0.0000000000000000,0.0000000000000000,1.0000000000000000,-0.0000000437113883,0.5408700704574585,-0.0000000000000000,0.0000000437113883,1.0000000000000000,-0.0000000000000000,0.0000000000000000,0.0000000000000000,0.0000000000000000,1.0000000000000000
M 1.0000000000000000,0.0000000000000000,0.0000000000000000,0.0000000000000000,0.0000000000000000,1.0000000000000000,-0.0000000437113883,0.5841298699378967,-0.0000000000000000,0.0000000437113883,1.0000000000000000,-0.0000000000000000,0.0000000000000000,0.0000000000000000,0.0000000000000000,1.0000000000000000
M 1.0000000000000000,0.0000000000000000,0.0000000000000000,0.0000000000000000,0.0000000000000000,1.0000000000000000,-0.0000000437113883,0.6272759437561035,-0.0000000000000000,0.0000000437113883,1.0000000000000000,-0.0000000000000000,0.0000000000000000,0.0000000000000000,0.0000000000000000,1.0000000000000000
M 1.0000000000000000,0.0000000000000000,0.0000000000000000,0.0000000000000000,0.0000000000000000,1.0000000000000000,-0.0000000437113883,0.6700804233551025,-0.0000000000000000,0.0000000437113883,1.0000000000000000,-0.0000000000000000,0.0000000000000000,0.0000000000000000,0.0000000000000000,1.0000000000000000
M 1.0000000000000000,0.0000000000000000,0.0000000000000000,0.0000000000000000,0.0000000000000000,1.0000000000000000,-0.0000000437113883,0.7123160362243652,-0.0000000000000000,0.0000000437113883,1.0000000000000000,-0.0000000000000000,0.0000000000000000,0.0000000000000000,0.0000000000000000,1.0000000000000000
M 1.0000000000000000,0.0000000000000000,0.0000000000000000,0.0000000000000000,0.0000000000000000,1.0000000000000000,-0.0000000437113883,0.7537551522254944,-0.0000000000000000,0.0000000437113883,1.0000000000000000,-0.0000000000000000,0.0000000000000000,0.0000000000000000,0.0000000000000000,1.0000000000000000
M 1.0000000000000000,0.0000000000000000,0.0000000000000000,0.0000000000000000,0.0000000000000000,1.0000000000000000,-0.0000000437113883,0.7941702008247375,-0.0000000000000000,0.0000000437113883,1.0000000000000000,-0.0000000000000000,0.0000000000000000,0.0000000000000000,0.0000000000000000,1.0000000000000000
M 1.0000000000000000,0.0000000000000000,0.0000000000000000,0.0000000000000000,0.0000000000000000,1.0000000000000000,-0.0000000437113883,0.8333333730697632,-0.0000000000000000,0.0000000437113883,1.0000000000000000,-0.0000000000000000,0.0000000000000000,0.0000000000000000,0.0000000000000000,1.0000000000000000
M 1.0000000000000000,0.0000000000000000,0.0000000000000000,0.0000000000000000,0.0000000000000000,1.0000000000000000,-0.0000000437113883,0.8710173368453979,-0.0000000000000000,0.0000000437113883,1.0000000000000000,-0.0000000000000000,0.0000000000000000,0.0000000000000000,0.0000000000000000,1.0000000000000000
M 1.0000000000000000,0.0000000000000000,0.0000000000000000,0.0000000000000000,0.0000000000000000,1.0000000000000000,-0.0000000437113883,0.9069944024085999,-0.0000000000000000,0.0000000437113883,1.0000000000000000,-0.0000000000000000,0.0000000000000000,0.0000000000000000,0.0000000000000000,1.0000000000000000
M 1.0000000000000000,0.0000000000000000,0.0000000000000000,0.0000000000000000,0.0000000000000000,1.0000000000000000,-0.0000000437113883,0.9410369992256165,-0.0000000000000000,0.0000000437113883,1.0000000000000000,-0.0000000000000000,0.0000000000000000,0.0000000000000000,0.0000000000000000,1.0000000000000000
M 1.0000000000000000,0.0000000000000000,0.0000000000000000,0.0000000000000000,0.0000000000000000,1.0000000000000000,-0.0000000437113883,0.9729175567626953,-0.0000000000000000,0.0000000437113883,1.0000000000000000,-0.0000000000000000,0.0000000000000000,0.0000000000000000,0.0000000000000000,1.0000000000000000
M 1.0000000000000000,0.0000000000000000,0.0000000000000000,0.0000000000000000,0.0000000000000000,1.0000000000000000,-0.0000000437113883,1.0024087429046631,-0.0000000000000000,0.0000000437113883,1.0000000000000000,-0.0000000000000000,0.0000000000000000,0.0000000000000000,0.0000000000000000,1.0000000000000000
M 1.0000000000000000,0.0000000000000000,0.0000000000000000,0.0000000000000000,0.0000000000000000,1.0000000000000000,-0.0000000437113883,1.0292823314666748,-0.0000000000000000,0.0000000437113883,1.0000000000000000,-0.0000000000000000,0.0000000000000000,0.0000000000000000,0.0000000000000000,1.0000000000000000
M 1.0000000000000000,0.0000000000000000,0.0000000000000000,0.0000000000000000,0.0000000000000000,1.0000000000000000,-0.0000000437113883,1.0533113479614258,-0.0000000000000000,0.0000000437113883,1.0000000000000000,-0.0000000000000000,0.0000000000000000,0.0000000000000000,0.0000000000000000,1.0000000000000000
M 1.0000000000000000,0.0000000000000000,0.0000000000000000,0.0000000000000000,0.0000000000000000,1.0000000000000000,-0.0000000437113883,1.0742681026458740,-0.0000000000000000,0.0000000437113883,1.0000000000000000,-0.0000000000000000,0.0000000000000000,0.0000000000000000,0.0000000000000000,1.0000000000000000
M 1.0000000000000000,0.0000000000000000,0.0000000000000000,0.0000000000000000,0.0000000000000000,1.0000000000000000,-0.0000000437113883,1.0919245481491089,-0.0000000000000000,0.0000000437113883,1.0000000000000000,-0.0000000000000000,0.0000000000000000,0.0000000000000000,0.0000000000000000,1.0000000000000000
M 1.0000000000000000,0.0000000000000000,0.0000000000000000,0.0000000000000000,0.0000000000000000,1.0000000000000000,-0.0000000437113883,1.1060535907745361,-0.0000000000000000,0.0000000437113883,1.0000000000000000,-0.0000000000000000,0.0000000000000000,0.0000000000000000,0.0000000000000000,1.0000000000000000
M 1.0000000000000000,0.0000000000000000,0.0000000000000000,0.0000000000000000,0.0000000000000000,1.0000000000000000,-0.0000000437113883,1.1164278984069824,-0.0000000000000000,0.0000000437113883,1.0000000000000000,-0.0000000000000000,0.0000000000000000,0.0000000000000000,0.0000000000000000,1.0000000000000000
M 1.0000000000000000,0.0000000000000000,0.0000000000000000,0.0000000000000000,0.0000000000000000,1.0000000000000000,-0.0000000437113883,1.1228189468383789,-0.0000000000000000,0.0000000437113883,1.0000000000000000,-0.0000000000000000,0.0000000000000000,0.0000000000000000,0.0000000000000000,1.0000000000000000
M 1.0000000000000000,0.0000000000000000,0.0000000000000000,0.0000000000000000,0.0000000000000000,1.0000000000000000,-0.0000000437113883,1.1250000000000000,-0.0000000000000000,0.0000000437113883,1.0000000000000000,-0.0000000000000000,0.0000000000000000,0.0000000000000000,0.0000000000000000,1.0000000000000000
O Pant_5_mvp_chs4t
A Pant_5_mvp_chs4t_Pant_5_mvp_chs4t
M 1.0000000000000000,0.0000000000000000,0.0000000000000000,0.0000000000000000,0.0000000000000000,1.0000000000000000,-0.0000000437113883,-0.0000000000003020,-0.0000000000000000,0.0000000437113883,1.0000000000000000,0.0000000000000853,0.0000000000000000,0.0000000000000000,0.0000000000000000,1.0000000000000000
M 0.9999995231628418,0.0009812492644414,-0.0000000000428918,-0.0049048159271479,-0.0009812492644414,0.9999995231628418,-0.0000000437113670,0.0031607802957296,-0.0000000000000000,0.0000000437113883,1.0000000000000000,0.0000000000000853,0.0000000000000000,0.0000000000000000,0.0000000000000000,1.0000000000000000
M 0.9999925494194031,0.0038567271549255,-0.0000000001685829,-0.0192595552653074,-0.0038567271549255,0.9999925494194031,-0.0000000437110614,0.0124510340392590,-0.0000000000000000,0.0000000437113883,1.0000000000000000,0.0000000000000853,0.0000000000000000,0.0000000000000000,0.0000000000000000,1.0000000000000000
M 0.9999636411666870,0.0085239680483937,-0.0000000003725945,-0.0425027757883072,-0.0085239680483937,0.9999636411666870,-0.0000000437098002,0.0276181977242231,-0.0000000000000000,0.0000000437113883,1.0000000000000000,0.0000000000000853,0.0000000000000000,0.0000000000000000,0.0000000000000000,1.0000000000000000
M 0.9998892545700073,0.0148803107440472,-0.0000000006504390,-0.0740451216697693,-0.0148803107440472,0.9998892545700073,-0.0000000437065459,0.0484496094286442,-0.0000000000000000,0.0000000437113883,1.0000000000000000,0.0000000000000853,0.0000000000000000,0.0000000000000000,0.0000000000000000,1.0000000000000000
M 0.9997395277023315,0.0228227321058512,-0.0000000009976133,-0.1132753789424896,-0.0228227321058512,0.9997395277023315,-0.0000000437000018,0.0747629106044769,-0.0000000000000000,0.0000000437113883,1.0000000000000000,0.0000000000000853,0.0000000000000000,0.0000000000000000,0.0000000000000000,1.0000000000000000
M 0.9994798898696899,0.0322476513683796,-0.0000000014095898,-0.1595640778541565,-0.0322476513683796,0.9994798898696899,-0.0000000436886545,0.1063978001475334,-0.0000000000000000,0.0000000437113883,1.0000000000000000,0.0000000000000853,0.0000000000000000,0.0000000000000000,0.0000000000000000,1.0000000000000000
M 0.9990729093551636,0.0430507361888885,-0.0000000018818074,-0.2122696340084076,-0.0430507361888885,0.9990729093551636,-0.0000000436708625,0.1432048976421356,-0.0000000000000000,0.0000000437113883,1.0000000000000000,0.0000000000000853,0.0000000000000000,0.0000000000000000,0.0000000000000000,1.0000000000000000
M 0.9984793663024902,0.0551267899572849,-0.0000000024096689,-0.2707394659519196,-0.0551267899572849,0.9984793663024902,-0.0000000436449277,0.1850425302982330,-0.0000000000000000,0.0000000437113883,1.0000000000000000,0.0000000000000853,0.0000000000000000,0.0000000000000000,0.0000000000000000,1.0000000000000000
M 0.9976600408554077,0.0683695673942566,-0.0000000029885292,-0.3343161940574646,-0.0683695673942566,0.9976600408554077,-0.0000000436091057,0.2317642271518707,-0.0000000000000000,0.0000000437113883,1.0000000000000000,0.0000000000000853,0.0000000000000000,0.0000000000000000,0.0000000000000000,1.0000000000000000
M 0.9965768456459045,0.0826717838644981,-0.0000000036136985,-0.4023406505584717,-0.0826717838644981,0.9965768456459045,-0.0000000435617658,0.2832154035568237,-0.0000000000000000,0.0000000437113883,1.0000000000000000,0.0000000000000853,0.0000000000000000,0.0000000000000000,0.0000000000000000,1.0000000000000000
M 0.9951937794685364,0.0979250892996788,-0.0000000042804418,-0.4741554260253906,-0.0979250892996788,0.9951937794685364,-0.0000000435013021,0.3392275571823120,-0.0000000000000000,0.0000000437113883,1.0000000000000000,0.0000000000000853,0.0000000000000000,0.0000000000000000,0.0000000000000000,1.0000000000000000
M 0.9934784173965454,0.1140201166272163,-0.0000000049839777,-0.5491092801094055,-0.1140201166272163,0.9934784173965454,-0.0000000434263221,0.3996102809906006,-0.0000000000000000,0.0000000437113883,1.0000000000000000,0.0000000000000853,0.0000000000000000,0.0000000000000000,0.0000000000000000,1.0000000000000000
M 0.9914026260375977,0.1308466494083405,-0.0000000057194889,-0.6265604496002197,-0.1308466494083405,0.9914026260375977,-0.0000000433355929,0.4641495347023010,-0.0000000000000000,0.0000000437113883,1.0000000000000000,0.0000000000000853,0.0000000000000000,0.0000000000000000,0.0000000000000000,1.0000000000000000
M 0.9889433383941650,0.1482937484979630,-0.0000000064821255,-0.7058799862861633,-0.1482937484979630,0.9889433383941650,-0.0000000432280878,0.5326040387153625,-0.0000000000000000,0.0000000437113883,1.0000000000000000,0.0000000000000853,0.0000000000000000,0.0000000000000000,0.0000000000000000,1.0000000000000000
M 0.9860836267471313,0.1662501841783524,-0.0000000072670274,-0.7864575386047363,-0.1662501841783524,0.9860836267471313,-0.0000000431030855,0.6046997904777527,-0.0000000000000000,0.0000000437113883,1.0000000000000000,0.0000000000000853,0.0000000000000000,0.0000000000000000,0.0000000000000000,1.0000000000000000
M 0.9828128814697266,0.1846045255661011,-0.0000000080693212,-0.8677016496658325,-0.1846045255661011,0.9828128814697266,-0.0000000429601172,0.6801314353942871,-0.0000000000000000,0.0000000437113883,1.0000000000000000,0.0000000000000853,0.0000000000000000,0.0000000000000000,0.0000000000000000,1.0000000000000000
M 0.9791277647018433,0.2032455950975418,-0.0000000088841485,-0.9490454196929932,-0.2032455950975418,0.9791277647018433,-0.0000000427990265,0.7585577964782715,-0.0000000000000000,0.0000000437113883,1.0000000000000000,0.0000000000000853,0.0000000000000000,0.0000000000000000,0.0000000000000000,1.0000000000000000
M 0.9750323295593262,0.2220628261566162,-0.0000000097066746,-1.0299494266510010,-0.2220628261566162,0.9750323295593262,-0.0000000426200160,0.8396030664443970,-0.0000000000000000,0.0000000437113883,1.0000000000000000,0.0000000000000853,0.0000000000000000,0.0000000000000000,0.0000000000000000,1.0000000000000000
M 0.9705383181571960,0.2409468293190002,-0.0000000105321201,-1.1099042892456055,-0.2409468293190002,0.9705383181571960,-0.0000000424235758,0.9228559732437134,-0.0000000000000000,0.0000000437113883,1.0000000000000000,0.0000000000000853,0.0000000000000000,0.0000000000000000,0.0000000000000000,1.0000000000000000
M 0.9656652808189392,0.2597894668579102,-0.0000000113557581,-1.1884324550628662,-0.2597894668579102,0.9656652808189392,-0.0000000422105693,1.0078711509704590,-0.0000000000000000,0.0000000437113883,1.0000000000000000,0.0000000000000853,0.0000000000000000,0.0000000000000000,0.0000000000000000,1.0000000000000000
M 0.9604406952857971,0.2784845530986786,-0.0000000121729444,-1.2650913000106812,-0.2784845530986786,0.9604406952857971,-0.0000000419821973,1.0941684246063232,-0.0000000000000000,0.0000000437113883,1.0000000000000000,0.0000000000000853,0.0000000000000000,0.0000000000000000,0.0000000000000000,1.0000000000000000
M 0.9548999071121216,0.2969279587268829,-0.0000000129791333,-1.3394738435745239,-0.2969279587268829,0.9548999071121216,-0.0000000417400017,1.1812374591827393,-0.0000000000000000,0.0000000437113883,1.0000000000000000,0.0000000000000853,0.0000000000000000,0.0000000000000000,0.0000000000000000,1.0000000000000000
M 0.9490855336189270,0.3150184452533722,-0.0000000137698937,-1.4112113714218140,-0.3150184452533722,0.9490855336189270,-0.0000000414858476,1.2685379981994629,-0.0000000000000000,0.0000000437113883,1.0000000000000000,0.0000000000000853,0.0000000000000000,0.0000000000000000,0.0000000000000000,1.0000000000000000
M 0.9430478215217590,0.3326571583747864,-0.0000000145409063,-1.4799709320068359,-0.3326571583747864,0.9430478215217590,-0.0000000412219308,1.3555011749267578,-0.0000000000000000,0.0000000437113883,1.0000000000000000,0.0000000000000853,0.0000000000000000,0.0000000000000000,0.0000000000000000,1.0000000000000000
M 0.9368435740470886,0.3497486412525177,-0.0000000152880002,-1.5454584360122681,-0.3497486412525177,0.9368435740470886,-0.0000000409507415,1.4415354728698730,-0.0000000000000000,0.0000000437113883,1.0000000000000000,0.0000000000000853,0.0000000000000000,0.0000000000000000,0.0000000000000000,1.0000000000000000
M 0.9305359721183777,0.3662005364894867,-0.0000000160071352,-1.6074154376983643,-0.3662005364894867,0.9305359721183777,-0.0000000406750189,1.5260280370712280,-0.0000000000000000,0.0000000437113883,1.0000000000000000,0.0000000000000853,0.0000000000000000,0.0000000000000000,0.0000000000000000,1.0000000000000000
M 0.9241938591003418,0.3819236755371094,-0.0000000166944147,-1.6656174659729004,-0.3819236755371094,0.9241938591003418,-0.0000000403978042,1.6083475351333618,-0.0000000000000000,0.0000000437113883,1.0000000000000000,0.0000000000000853,0.0000000000000000,0.0000000000000000,0.0000000000000000,1.0000000000000000
M 0.9178911447525024,0.3968322873115540,-0.0000000173460943,-1.7198734283447266,-0.3968322873115540,0.9178911447525024,-0.0000000401222948,1.6878483295440674,-0.0000000000000000,0.0000000437113883,1.0000000000000000,0.0000000000000853,0.0000000000000000,0.0000000000000000,0.0000000000000000,1.0000000000000000
M 0.9117057919502258,0.4108436703681946,-0.0000000179585466,-1.7700212001800537,-0.4108436703681946,0.9117057919502258,-0.0000000398519262,1.7638741731643677,-0.0000000000000000,0.0000000437113883,1.0000000000000000,0.0000000000000853,0.0000000000000000,0.0000000000000000,0.0000000000000000,1.0000000000000000
M 0.9057193994522095,0.4238778054714203,-0.0000000185282900,-1.8159234523773193,-0.4238778054714203,0.9057193994522095,-0.0000000395902511,1.8357597589492798,-0.0000000000000000,0.0000000437113883,1.0000000000000000,0.0000000000000853,0.0000000000000000,0.0000000000000000,0.0000000000000000,1.0000000000000000
M 0.9000157117843628,0.4358574151992798,-0.0000000190519334,-1.8574626445770264,-0.4358574151992798,0.9000157117843628,-0.0000000393409358,1.9028373956680298,-0.0000000000000000,0.0000000437113883,1.0000000000000000,0.0000000000000853,0.0000000000000000,0.0000000000000000,0.0000000000000000,1.0000000000000000
M 0.8946802616119385,0.4467070996761322,-0.0000000195261869,-1.8945376873016357,-0.4467070996761322,0.8946802616119385,-0.0000000391077180,1.9644373655319214,-0.0000000000000000,0.0000000437113883,1.0000000000000000,0.0000000000000853,0.0000000000000000,0.0000000000000000,0.0000000000000000,1.0000000000000000
M 0.8897987604141235,0.4563531279563904,-0.0000000199478283,-1.9270553588867188,-0.4563531279563904,0.8897987604141235,-0.0000000388943384,2.0198929309844971,-0.0000000000000000,0.0000000437113883,1.0000000000000000,0.0000000000000853,0.0000000000000000,0.0000000000000000,0.0000000000000000,1.0000000000000000
M 0.8854565620422363,0.4647221267223358,-0.0000000203136494,-1.9549238681793213,-0.4647221267223358,0.8854565620422363,-0.0000000387045347,2.0685415267944336,-0.0000000000000000,0.0000000437113883,1.0000000000000000,0.0000000000000853,0.0000000000000000,0.0000000000000000,0.0000000000000000,1.0000000000000000
M 0.8817369937896729,0.4717413485050201,-0.0000000206204689,-1.9780476093292236,-0.4717413485050201,0.8817369937896729,-0.0000000385419483,2.1097326278686523,-0.0000000000000000,0.0000000437113883,1.0000000000000000,0.0000000000000853,0.0000000000000000,0.0000000000000000,0.0000000000000000,1.0000000000000000
M 0.8787204623222351,0.4773367345333099,-0.0000000208650519,-1.9963152408599854,-0.4773367345333099,0.8787204623222351,-0.0000000384100929,2.1428251266479492,-0.0000000000000000,0.0000000437113883,1.0000000000000000,0.0000000000000853,0.0000000000000000,0.0000000000000000,0.0000000000000000,1.0000000000000000
M 0.8764829635620117,0.4814328551292419,-0.0000000210440980,-2.0095939636230469,-0.4814328551292419,0.8764829635620117,-0.0000000383122867,2.1671972274780273,-0.0000000000000000,0.0000000437113883,1.0000000000000000,0.0000000000000853,0.0000000000000000,0.0000000000000000,0.0000000000000000,1.0000000000000000
M 0.8750950098037720,0.4839511811733246,-0.0000000211541789,-2.0177180767059326,-0.4839511811733246,0.8750950098037720,-0.0000000382516170,2.1822428703308105,-0.0000000000000000,0.0000000437113883,1.0000000000000000,0.0000000000000853,0.0000000000000000,0.0000000000000000,0.0000000000000000,1.0000000000000000
M 0.8746197223663330,0.4848096072673798,-0.0000000211917008,-2.0204801559448242,-0.4848096072673798,0.8746197223663330,-0.0000000382308407,2.1873824596405029,-0.0000000000000000,0.0000000437113883,1.0000000000000000,0.0000000000000853,0.0000000000000000,0.0000000000000000,0.0000000000000000,1.0000000000000000
O Pant_6_mvp_chs4t
A Pant_6_mvp_chs4t_Pant_6_mvp_chs4t
M 1.0000000000000000,0.0000000000000000,0.0000000000000000,0.0000000000000000,0.0000000000000000,1.0000000000000000,-0.0000000437113883,-0.0000000000003020,-0.0000000000000000,0.0000000437113883,1.0000000000000000,0.0000000000000853,0.0000000000000000,0.0000000000000000,0.0000000000000000,1.0000000000000000
M 0.9999995231628418,-0.0009812492644414,0.0000000000428918,0.0049081537872553,0.0009812492644414,0.9999995231628418,-0.0000000437113670,-0.0043825735338032,-0.0000000000000000,0.0000000437113883,1.0000000000000000,0.0000000000000853,0.0000000000000000,0.0000000000000000,0.0000000000000000,1.0000000000000000
M 0.9999925494194031,-0.0038567271549255,0.0000000001685829,0.0193170141428709,0.0038567271549255,0.9999925494194031,-0.0000000437110614,-0.0171975567936897,-0.0000000000000000,0.0000000437113883,1.0000000000000000,0.0000000000000853,0.0000000000000000,0.0000000000000000,0.0000000000000000,1.0000000000000000
M 0.9999636411666870,-0.0085239680483937,0.0000000003725945,0.0427824407815933,0.0085239680483937,0.9999636411666870,-0.0000000437098002,-0.0379098057746887,-0.0000000000000000,0.0000000437113883,1.0000000000000000,0.0000000000000853,0.0000000000000000,0.0000000000000000,0.0000000000000000,1.0000000000000000
M 0.9998892545700073,-0.0148803107440472,0.0000000006504390,0.0748965144157410,0.0148803107440472,0.9998892545700073,-0.0000000437065459,-0.0659427791833878,-0.0000000000000000,0.0000000437113883,1.0000000000000000,0.0000000000000853,0.0000000000000000,0.0000000000000000,0.0000000000000000,1.0000000000000000
M 0.9997395277023315,-0.0228227321058512,0.0000000009976133,0.1152776181697845,0.0228227321058512,0.9997395277023315,-0.0000000437000018,-0.1006868407130241,-0.0000000000000000,0.0000000437113883,1.0000000000000000,0.0000000000000853,0.0000000000000000,0.0000000000000000,0.0000000000000000,1.0000000000000000
M 0.9994798898696899,-0.0322476513683796,0.0000000014095898,0.1635623574256897,0.0322476513683796,0.9994798898696899,-0.0000000436886545,-0.1415060162544250,-0.0000000000000000,0.0000000437113883,1.0000000000000000,0.0000000000000853,0.0000000000000000,0.0000000000000000,0.0000000000000000,1.0000000000000000
M 0.9990729093551636,-0.0430507361888885,0.0000000018818074,0.2193964421749115,0.0430507361888885,0.9990729093551636,-0.0000000436708625,-0.1877476423978806,-0.0000000000000000,0.0000000437113883,1.0000000000000000,0.0000000000000853,0.0000000000000000,0.0000000000000000,0.0000000000000000,1.0000000000000000
M 0.9984793663024902,-0.0551267899572849,0.0000000024096689,0.2824293673038483,0.0551267899572849,0.9984793663024902,-0.0000000436449277,-0.2387446761131287,-0.0000000000000000,0.0000000437113883,1.0000000000000000,0.0000000000000853,0.0000000000000000,0.0000000000000000,0.0000000000000000,1.0000000000000000
M 0.9976600408554077,-0.0683695673942566,0.0000000029885292,0.3523043990135193,0.0683695673942566,0.9976600408554077,-0.0000000436091057,-0.2938268184661865,-0.0000000000000000,0.0000000437113883,1.0000000000000000,0.0000000000000853,0.0000000000000000,0.0000000000000000,0.0000000000000000,1.0000000000000000
M 0.9965768456459045,-0.0826717838644981,0.0000000036136985,0.4286563396453857,0.0826717838644981,0.9965768456459045,-0.0000000435617658,-0.3523239493370056,-0.0000000000000000,0.0000000437113883,1.0000000000000000,0.0000000000000853,0.0000000000000000,0.0000000000000000,0.0000000000000000,1.0000000000000000
M 0.9951937794685364,-0.0979250892996788,0.0000000042804418,0.5111031532287598,0.0979250892996788,0.9951937794685364,-0.0000000435013021,-0.4135715663433075,-0.0000000000000000,0.0000000437113883,1.0000000000000000,0.0000000000000853,0.0000000000000000,0.0000000000000000,0.0000000000000000,1.0000000000000000
M 0.9934784173965454,-0.1140201166272163,0.0000000049839777,0.5992439389228821,0.1140201166272163,0.9934784173965454,-0.0000000434263221,-0.4769193530082703,-0.0000000000000000,0.0000000437113883,1.0000000000000000,0.0000000000000853,0.0000000000000000,0.0000000000000000,0.0000000000000000,1.0000000000000000
M 0.9914026260375977,-0.1308466494083405,0.0000000057194889,0.6926529407501221,0.1308466494083405,0.9914026260375977,-0.0000000433355929,-0.5417340993881226,-0.0000000000000000,0.0000000437113883,1.0000000000000000,0.0000000000000853,0.0000000000000000,0.0000000000000000,0.0000000000000000,1.0000000000000000
M 0.9889433383941650,-0.1482937484979630,0.0000000064821255,0.7908781170845032,0.1482937484979630,0.9889433383941650,-0.0000000432280878,-0.6074041128158569,-0.0000000000000000,0.0000000437113883,1.0000000000000000,0.0000000000000853,0.0000000000000000,0.0000000000000000,0.0000000000000000,1.0000000000000000
M 0.9860836267471313,-0.1662501841783524,0.0000000072670274,0.8934395313262939,0.1662501841783524,0.9860836267471313,-0.0000000431030855,-0.6733485460281372,-0.0000000000000000,0.0000000437113883,1.0000000000000000,0.0000000000000853,0.0000000000000000,0.0000000000000000,0.0000000000000000,1.0000000000000000
M 0.9828128814697266,-0.1846045255661011,0.0000000080693212,0.9998277425765991,0.1846045255661011,0.9828128814697266,-0.0000000429601172,-0.7390158772468567,-0.0000000000000000,0.0000000437113883,1.0000000000000000,0.0000000000000853,0.0000000000000000,0.0000000000000000,0.0000000000000000,1.0000000000000000
M 0.9791277647018433,-0.2032455950975418,0.0000000088841485,1.1095006465911865,0.2032455950975418,0.9791277647018433,-0.0000000427990265,-0.8038926720619202,-0.0000000000000000,0.0000000437113883,1.0000000000000000,0.0000000000000853,0.0000000000000000,0.0000000000000000,0.0000000000000000,1.0000000000000000
M 0.9750323295593262,-0.2220628261566162,0.0000000097066746,1.2218883037567139,0.2220628261566162,0.9750323295593262,-0.0000000426200160,-0.8675048947334290,-0.0000000000000000,0.0000000437113883,1.0000000000000000,0.0000000000000853,0.0000000000000000,0.0000000000000000,0.0000000000000000,1.0000000000000000
M 0.9705383181571960,-0.2409468293190002,0.0000000105321201,1.3363912105560303,0.2409468293190002,0.9705383181571960,-0.0000000424235758,-0.9294227361679077,-0.0000000000000000,0.0000000437113883,1.0000000000000000,0.0000000000000853,0.0000000000000000,0.0000000000000000,0.0000000000000000,1.0000000000000000
M 0.9656652808189392,-0.2597894668579102,0.0000000113557581,1.4523806571960449,0.2597894668579102,0.9656652808189392,-0.0000000422105693,-0.9892604351043701,-0.0000000000000000,0.0000000437113883,1.0000000000000000,0.0000000000000853,0.0000000000000000,0.0000000000000000,0.0000000000000000,1.0000000000000000
M 0.9604406952857971,-0.2784845530986786,0.0000000121729444,1.5692034959793091,0.2784845530986786,0.9604406952857971,-0.0000000419821973,-1.0466815233230591,-0.0000000000000000,0.0000000437113883,1.0000000000000000,0.0000000000000853,0.0000000000000000,0.0000000000000000,0.0000000000000000,1.0000000000000000
M 0.9548999071121216,-0.2969279587268829,0.0000000129791333,1.6861807107925415,0.2969279587268829,0.9548999071121216,-0.0000000417400017,-1.1013962030410767,-0.0000000000000000,0.0000000437113883,1.0000000000000000,0.0000000000000853,0.0000000000000000,0.0000000000000000,0.0000000000000000,1.0000000000000000
M 0.9490855336189270,-0.3150184452533722,0.0000000137698937,1.8026160001754761,0.3150184452533722,0.9490855336189270,-0.0000000414858476,-1.1531662940979004,-0.0000000000000000,0.0000000437113883,1.0000000000000000,0.0000000000000853,0.0000000000000000,0.0000000000000000,0.0000000000000000,1.0000000000000000
M 0.9430478215217590,-0.3326571583747864,0.0000000145409063,1.9177908897399902,0.3326571583747864,0.9430478215217590,-0.0000000412219308,-1.2018007040023804,-0.0000000000000000,0.0000000437113883,1.0000000000000000,0.0000000000000853,0.0000000000000000,0.0000000000000000,0.0000000000000000,1.0000000000000000
M 0.9368435740470886,-0.3497486412525177,0.0000000152880002,2.0309736728668213,0.3497486412525177,0.9368435740470886,-0.0000000409507415,-1.2471572160720825,-0.0000000000000000,0.0000000437113883,1.0000000000000000,0.0000000000000853,0.0000000000000000,0.0000000000000000,0.0000000000000000,1.0000000000000000
M 0.9305359721183777,-0.3662005364894867,0.0000000160071352,2.1414198875427246,0.3662005364894867,0.9305359721183777,-0.0000000406750189,-1.2891385555267334,-0.0000000000000000,0.0000000437113883,1.0000000000000000,0.0000000000000853,0.0000000000000000,0.0000000000000000,0.0000000000000000,1.0000000000000000
M 0.9241938591003418,-0.3819236755371094,0.0000000166944147,2.2483768463134766,0.3819236755371094,0.9241938591003418,-0.0000000403978042,-1.3276907205581665,-0.0000000000000000,0.0000000437113883,1.0000000000000000,0.0000000000000853,0.0000000000000000,0.0000000000000000,0.0000000000000000,1.0000000000000000
M 0.9178911447525024,-0.3968322873115540,0.0000000173460943,2.3510851860046387,0.3968322873115540,0.9178911447525024,-0.0000000401222948,-1.3627998828887939,-0.0000000000000000,0.0000000437113883,1.0000000000000000,0.0000000000000853,0.0000000000000000,0.0000000000000000,0.0000000000000000,1.0000000000000000
M 0.9117057919502258,-0.4108436703681946,0.0000000179585466,2.4487829208374023,0.4108436703681946,0.9117057919502258,-0.0000000398519262,-1.3944865465164185,-0.0000000000000000,0.0000000437113883,1.0000000000000000,0.0000000000000853,0.0000000000000000,0.0000000000000000,0.0000000000000000,1.0000000000000000
M 0.9057193994522095,-0.4238778054714203,0.0000000185282900,2.5407056808471680,0.4238778054714203,0.9057193994522095,-0.0000000395902511,-1.4228007793426514,-0.0000000000000000,0.0000000437113883,1.0000000000000000,0.0000000000000853,0.0000000000000000,0.0000000000000000,0.0000000000000000,1.0000000000000000
M 0.9000157117843628,-0.4358574151992798,0.0000000190519334,2.6260919570922852,0.4358574151992798,0.9000157117843628,-0.0000000393409358,-1.4478164911270142,-0.0000000000000000,0.0000000437113883,1.0000000000000000,0.0000000000000853,0.0000000000000000,0.0000000000000000,0.0000000000000000,1.0000000000000000
M 0.8946802616119385,-0.4467070996761322,0.0000000195261869,2.7041831016540527,0.4467070996761322,0.8946802616119385,-0.0000000391077180,-1.4696234464645386,-0.0000000000000000,0.0000000437113883,1.0000000000000000,0.0000000000000853,0.0000000000000000,0.0000000000000000,0.0000000000000000,1.0000000000000000
M 0.8897987604141235,-0.4563531279563904,0.0000000199478283,2.7742273807525635,0.4563531279563904,0.8897987604141235,-0.0000000388943384,-1.4883217811584473,-0.0000000000000000,0.0000000437113883,1.0000000000000000,0.0000000000000853,0.0000000000000000,0.0000000000000000,0.0000000000000000,1.0000000000000000
M 0.8854565620422363,-0.4647221267223358,0.0000000203136494,2.8354766368865967,0.4647221267223358,0.8854565620422363,-0.0000000387045347,-1.5040097236633301,-0.0000000000000000,0.0000000437113883,1.0000000000000000,0.0000000000000853,0.0000000000000000,0.0000000000000000,0.0000000000000000,1.0000000000000000
M 0.8817369937896729,-0.4717413485050201,0.0000000206204689,2.8871946334838867,0.4717413485050201,0.8817369937896729,-0.0000000385419483,-1.5167789459228516,-0.0000000000000000,0.0000000437113883,1.0000000000000000,0.0000000000000853,0.0000000000000000,0.0000000000000000,0.0000000000000000,1.0000000000000000
M 0.8787204623222351,-0.4773367345333099,0.0000000208650519,2.9286515712738037,0.4773367345333099,0.8787204623222351,-0.0000000384100929,-1.5267009735107422,-0.0000000000000000,0.0000000437113883,1.0000000000000000,0.0000000000000853,0.0000000000000000,0.0000000000000000,0.0000000000000000,1.0000000000000000
M 0.8764829635620117,-0.4814328551292419,0.0000000210440980,2.9591310024261475,0.4814328551292419,0.8764829635620117,-0.0000000383122867,-1.5338180065155029,-0.0000000000000000,0.0000000437113883,1.0000000000000000,0.0000000000000853,0.0000000000000000,0.0000000000000000,0.0000000000000000,1.0000000000000000
M 0.8750950098037720,-0.4839511811733246,0.0000000211541789,2.9779250621795654,0.4839511811733246,0.8750950098037720,-0.0000000382516170,-1.5381317138671875,-0.0000000000000000,0.0000000437113883,1.0000000000000000,0.0000000000000853,0.0000000000000000,0.0000000000000000,0.0000000000000000,1.0000000000000000
M 0.8746197223663330,-0.4848096072673798,0.0000000211917008,2.9843411445617676,0.4848096072673798,0.8746197223663330,-0.0000000382308407,-1.5395913124084473,-0.0000000000000000,0.0000000437113883,1.0000000000000000,0.0000000000000853,0.0000000000000000,0.0000000000000000,0.0000000000000000,1.0000000000000000
O Pant_7_mvp_chs4t
A Pant_7_mvp_chs4t_Pant_7_mvp_chs4t
M 1.0000000000000000,0.0000000000000000,0.0000000000000000,0.0000000000000000,0.0000000000000000,1.0000000000000000,-0.0000000437113883,-0.0000000000003064,-0.0000000000000000,0.0000000437113883,1.0000000000000000,0.0000000000000853,0.0000000000000000,0.0000000000000000,0.0000000000000000,1.0000000000000000
M 0.9999997615814209,-0.0006767234299332,0.0000000000295805,0.0034988492261618,0.0006767234299332,0.9999997615814209,-0.0000000437113776,-0.0002594391116872,-0.0000000000000000,0.0000000437113883,1.0000000000000000,0.0000000000000853,0.0000000000000000,0.0000000000000000,0.0000000000000000,1.0000000000000000
M 0.9999964833259583,-0.0026598144322634,0.0000000001162642,0.0137636754661798,0.0026598144322634,0.9999964833259583,-0.0000000437112426,-0.0010093199089170,-0.0000000000000000,0.0000000437113883,1.0000000000000000,0.0000000000000853,0.0000000000000000,0.0000000000000000,0.0000000000000000,1.0000000000000000
M 0.9999827146530151,-0.0058786347508430,0.0000000002569632,0.0304619371891022,0.0058786347508430,0.9999827146530151,-0.0000000437106316,-0.0021831057965755,-0.0000000000000000,0.0000000437113883,1.0000000000000000,0.0000000000000853,0.0000000000000000,0.0000000000000000,0.0000000000000000,1.0000000000000000
M 0.9999473094940186,-0.0102624781429768,0.0000000004485873,0.0532793439924717,0.0102624781429768,0.9999473094940186,-0.0000000437090861,-0.0037017241120338,-0.0000000000000000,0.0000000437113883,1.0000000000000000,0.0000000000000853,0.0000000000000000,0.0000000000000000,0.0000000000000000,1.0000000000000000
M 0.9998760819435120,-0.0157405324280262,0.0000000006880407,0.0819132328033447,0.0157405324280262,0.9998760819435120,-0.0000000437059704,-0.0054663270711899,-0.0000000000000000,0.0000000437113883,1.0000000000000000,0.0000000000000853,0.0000000000000000,0.0000000000000000,0.0000000000000000,1.0000000000000000
M 0.9997526407241821,-0.0222417749464512,0.0000000009722183,0.1160703524947166,0.0222417749464512,0.9997526407241821,-0.0000000437005845,-0.0073695369064808,-0.0000000000000000,0.0000000437113883,1.0000000000000000,0.0000000000000853,0.0000000000000000,0.0000000000000000,0.0000000000000000,1.0000000000000000
M 0.9995590448379517,-0.0296949706971645,0.0000000012980081,0.1554623544216156,0.0296949706971645,0.9995590448379517,-0.0000000436921219,-0.0092978067696095,-0.0000000000000000,0.0000000437113883,1.0000000000000000,0.0000000000000853,0.0000000000000000,0.0000000000000000,0.0000000000000000,1.0000000000000000
