O Pant_1_mvp_chs4t
A Pant_1_mvp_chs4t_Pant_1_mvp_chs4t
M 1.0000000000000000,0.0000000000000000,0.0000000000000000,0.0000000000000000,0.0000000000000000,1.0000000000000000,-0.0000000437113883,-0.0000000000003020,-0.0000000000000000,0.0000000437113883,1.0000000000000000,0.0000000000000853,0.0000000000000000,0.0000000000000000,0.0000000000000000,1.0000000000000000
M 0.9999995231628418,0.0009812492644414,-0.0000000000428918,-0.0049081537872553,-0.0009812492644414,0.9999995231628418,-0.0000000437113670,-0.0043825735338032,-0.0000000000000000,0.0000000437113883,1.0000000000000000,0.0000000000000853,0.0000000000000000,0.0000000000000000,0.0000000000000000,1.0000000000000000
M 0.9999925494194031,0.0038567271549255,-0.0000000001685829,-0.0193170141428709,-0.0038567271549255,0.9999925494194031,-0.0000000437110614,-0.0171975567936897,-0.0000000000000000,0.0000000437113883,1.0000000000000000,0.0000000000000853,0.0000000000000000,0.0000000000000000,0.0000000000000000,1.0000000000000000
M 0.9999636411666870,0.0085239680483937,-0.0000000003725945,-0.0427824407815933,-0.0085239680483937,0.9999636411666870,-0.0000000437098002,-0.0379098057746887,-0.0000000000000000,0.0000000437113883,1.0000000000000000,0.0000000000000853,0.0000000000000000,0.0000000000000000,0.0000000000000000,1.0000000000000000
M 0.9998892545700073,0.0148803107440472,-0.0000000006504390,-0.0748965144157410,-0.0148803107440472,0.9998892545700073,-0.0000000437065459,-0.0659427791833878,-0.0000000000000000,0.0000000437113883,1.0000000000000000,0.0000000000000853,0.0000000000000000,0.0000000000000000,0.0000000000000000,1.0000000000000000
M 0.9997395277023315,0.0228227321058512,-0.0000000009976133,-0.1152776181697845,-0.0228227321058512,0.9997395277023315,-0.0000000437000018,-0.1006868407130241,-0.0000000000000000,0.0000000437113883,1.0000000000000000,0.0000000000000853,0.0000000000000000,0.0000000000000000,0.0000000000000000,1.0000000000000000
M 0.9994798898696899,0.0322476513683796,-0.0000000014095898,-0.1635623574256897,-0.0322476513683796,0.9994798898696899,-0.0000000436886545,-0.1415060162544250,-0.0000000000000000,0.0000000437113883,1.0000000000000000,0.0000000000000853,0.0000000000000000,0.0000000000000000,0.0000000000000000,1.0000000000000000
M 0.9990729093551636,0.0430507361888885,-0.0000000018818074,-0.2193964421749115,-0.0430507361888885,0.9990729093551636,-0.0000000436708625,-0.1877476423978806,-0.0000000000000000,0.0000000437113883,1.0000000000000000,0.0000000000000853,0.0000000000000000,0.0000000000000000,0.0000000000000000,1.0000000000000000
M 0.9984793663024902,0.0551267899572849,-0.0000000024096689,-0.2824293673038483,-0.0551267899572849,0.9984793663024902,-0.0000000436449277,-0.2387446761131287,-0.0000000000000000,0.0000000437113883,1.0000000000000000,0.0000000000000853,0.0000000000000000,0.0000000000000000,0.0000000000000000,1.0000000000000000
M 0.9976600408554077,0.0683695673942566,-0.0000000029885292,-0.3523043990135193,-0.0683695673942566,0.9976600408554077,-0.0000000436091057,-0.2938268184661865,-0.0000000000000000,0.0000000437113883,1.0000000000000000,0.0000000000000853,0.0000000000000000,0.0000000000000000,0.0000000000000000,1.0000000000000000
M 0.9965768456459045,0.0826717838644981,-0.0000000036136985,-0.4286563396453857,-0.0826717838644981,0.9965768456459045,-0.0000000435617658,-0.3523239493370056,-0.0000000000000000,0.0000000437113883,1.0000000000000000,0.0000000000000853,0.0000000000000000,0.0000000000000000,0.0000000000000000,1.0000000000000000
M 0.9951937794685364,0.0979250892996788,-0.0000000042804418,-0.5111031532287598,-0.0979250892996788,0.9951937794685364,-0.0000000435013021,-0.4135715663433075,-0.0000000000000000,0.0000000437113883,1.0000000000000000,0.0000000000000853,0.0000000000000000,0.0000000000000000,0.0000000000000000,1.0000000000000000
M 0.9934784173965454,0.1140201166272163,-0.0000000049839777,-0.5992439389228821,-0.1140201166272163,0.9934784173965454,-0.0000000434263221,-0.4769193530082703,-0.0000000000000000,0.0000000437113883,1.0000000000000000,0.0000000000000853,0.0000000000000000,0.0000000000000000,0.0000000000000000,1.0000000000000000
M 0.9914026260375977,0.1308466494083405,-0.0000000057194889,-0.6926529407501221,-0.1308466494083405,0.9914026260375977,-0.0000000433355929,-0.5417340993881226,-0.0000000000000000,0.0000000437113883,1.0000000000000000,0.0000000000000853,0.0000000000000000,0.0000000000000000,0.0000000000000000,1.0000000000000000
M 0.9889433383941650,0.1482937484979630,-0.0000000064821255,-0.7908781170845032,-0.1482937484979630,0.9889433383941650,-0.0000000432280878,-0.6074041128158569,-0.0000000000000000,0.0000000437113883,1.0000000000000000,0.0000000000000853,0.0000000000000000,0.0000000000000000,0.0000000000000000,1.0000000000000000
M 0.9860836267471313,0.1662501841783524,-0.0000000072670274,-0.8934395313262939,-0.1662501841783524,0.9860836267471313,-0.0000000431030855,-0.6733485460281372,-0.0000000000000000,0.0000000437113883,1.0000000000000000,0.0000000000000853,0.0000000000000000,0.0000000000000000,0.0000000000000000,1.0000000000000000
M 0.9828128814697266,0.1846045255661011,-0.0000000080693212,-0.9998277425765991,-0.1846045255661011,0.9828128814697266,-0.0000000429601172,-0.7390158772468567,-0.0000000000000000,0.0000000437113883,1.0000000000000000,0.0000000000000853,0.0000000000000000,0.0000000000000000,0.0000000000000000,1.0000000000000000
M 0.9791277647018433,0.2032455950975418,-0.0000000088841485,-1.1095006465911865,-0.2032455950975418,0.9791277647018433,-0.0000000427990265,-0.8038926720619202,-0.0000000000000000,0.0000000437113883,1.0000000000000000,0.0000000000000853,0.0000000000000000,0.0000000000000000,0.0000000000000000,1.0000000000000000
M 0.9750323295593262,0.2220628261566162,-0.0000000097066746,-1.2218883037567139,-0.2220628261566162,0.9750323295593262,-0.0000000426200160,-0.8675048947334290,-0.0000000000000000,0.0000000437113883,1.0000000000000000,0.0000000000000853,0.0000000000000000,0.0000000000000000,0.0000000000000000,1.0000000000000000
M 0.9705383181571960,0.2409468293190002,-0.0000000105321201,-1.3363912105560303,-0.2409468293190002,0.9705383181571960,-0.0000000424235758,-0.9294227361679077,-0.0000000000000000,0.0000000437113883,1.0000000000000000,0.0000000000000853,0.0000000000000000,0.0000000000000000,0.0000000000000000,1.0000000000000000
M 0.9656652808189392,0.2597894668579102,-0.0000000113557581,-1.4523806571960449,-0.2597894668579102,0.9656652808189392,-0.0000000422105693,-0.9892604351043701,-0.0000000000000000,0.0000000437113883,1.0000000000000000,0.0000000000000853,0.0000000000000000,0.0000000000000000,0.0000000000000000,1.0000000000000000
M 0.9604406952857971,0.2784845530986786,-0.0000000121729444,-1.5692034959793091,-0.2784845530986786,0.9604406952857971,-0.0000000419821973,-1.0466815233230591,-0.0000000000000000,0.0000000437113883,1.0000000000000000,0.0000000000000853,0.0000000000000000,0.0000000000000000,0.0000000000000000,1.0000000000000000
M 0.9548999071121216,0.2969279587268829,-0.0000000129791333,-1.6861807107925415,-0.2969279587268829,0.9548999071121216,-0.0000000417400017,-1.1013962030410767,-0.0000000000000000,0.0000000437113883,1.0000000000000000,0.0000000000000853,0.0000000000000000,0.0000000000000000,0.0000000000000000,1.0000000000000000
M 0.9490855336189270,0.3150184452533722,-0.0000000137698937,-1.8026160001754761,-0.3150184452533722,0.9490855336189270,-0.0000000414858476,-1.1531662940979004,-0.0000000000000000,0.0000000437113883,1.0000000000000000,0.0000000000000853,0.0000000000000000,0.0000000000000000,0.0000000000000000,1.0000000000000000
M 0.9430478215217590,0.3326571583747864,-0.0000000145409063,-1.9177908897399902,-0.3326571583747864,0.9430478215217590,-0.0000000412219308,-1.2018007040023804,-0.0000000000000000,0.0000000437113883,1.0000000000000000,0.0000000000000853,0.0000000000000000,0.0000000000000000,0.0000000000000000,1.0000000000000000
M 0.9368435740470886,0.3497486412525177,-0.0000000152880002,-2.0309736728668213,-0.3497486412525177,0.9368435740470886,-0.0000000409507415,-1.2471572160720825,-0.0000000000000000,0.0000000437113883,1.0000000000000000,0.0000000000000853,0.0000000000000000,0.0000000000000000,0.0000000000000000,1.0000000000000000
M 0.9305359721183777,0.3662005364894867,-0.0000000160071352,-2.1414198875427246,-0.3662005364894867,0.9305359721183777,-0.0000000406750189,-1.2891385555267334,-0.0000000000000000,0.0000000437113883,1.0000000000000000,0.0000000000000853,0.0000000000000000,0.0000000000000000,0.0000000000000000,1.0000000000000000
M 0.9241938591003418,0.3819236755371094,-0.0000000166944147,-2.2483768463134766,-0.3819236755371094,0.9241938591003418,-0.0000000403978042,-1.3276907205581665,-0.0000000000000000,0.0000000437113883,1.0000000000000000,0.0000000000000853,0.0000000000000000,0.0000000000000000,0.0000000000000000,1.0000000000000000
M 0.9178911447525024,0.3968322873115540,-0.0000000173460943,-2.3510851860046387,-0.3968322873115540,0.9178911447525024,-0.0000000401222948,-1.3627998828887939,-0.0000000000000000,0.0000000437113883,1.0000000000000000,0.0000000000000853,0.0000000000000000,0.0000000000000000,0.0000000000000000,1.0000000000000000
M 0.9117057919502258,0.4108436703681946,-0.0000000179585466,-2.4487829208374023,-0.4108436703681946,0.9117057919502258,-0.0000000398519262,-1.3944865465164185,-0.0000000000000000,0.0000000437113883,1.0000000000000000,0.0000000000000853,0.0000000000000000,0.0000000000000000,0.0000000000000000,1.0000000000000000
M 0.9057193994522095,0.4238778054714203,-0.0000000185282900,-2.5407056808471680,-0.4238778054714203,0.9057193994522095,-0.0000000395902511,-1.4228007793426514,-0.0000000000000000,0.0000000437113883,1.0000000000000000,0.0000000000000853,0.0000000000000000,0.0000000000000000,0.0000000000000000,1.0000000000000000
M 0.9000157117843628,0.4358574151992798,-0.0000000190519334,-2.6260919570922852,-0.4358574151992798,0.9000157117843628,-0.0000000393409358,-1.4478164911270142,-0.0000000000000000,0.0000000437113883,1.0000000000000000,0.0000000000000853,0.0000000000000000,0.0000000000000000,0.0000000000000000,1.0000000000000000
M 0.8946802616119385,0.4467070996761322,-0.0000000195261869,-2.7041831016540527,-0.4467070996761322,0.8946802616119385,-0.0000000391077180,-1.4696234464645386,-0.0000000000000000,0.0000000437113883,1.0000000000000000,0.0000000000000853,0.0000000000000000,0.0000000000000000,0.0000000000000000,1.0000000000000000
M 0.8897987604141235,0.4563531279563904,-0.0000000199478283,-2.7742273807525635,-0.4563531279563904,0.8897987604141235,-0.0000000388943384,-1.4883217811584473,-0.0000000000000000,0.0000000437113883,1.0000000000000000,0.0000000000000853,0.0000000000000000,0.0000000000000000,0.0000000000000000,1.0000000000000000
M 0.8854565620422363,0.4647221267223358,-0.0000000203136494,-2.8354766368865967,-0.4647221267223358,0.8854565620422363,-0.0000000387045347,-1.5040097236633301,-0.0000000000000000,0.0000000437113883,1.0000000000000000,0.0000000000000853,0.0000000000000000,0.0000000000000000,0.0000000000000000,1.0000000000000000
M 0.8817369937896729,0.4717413485050201,-0.0000000206204689,-2.8871946334838867,-0.4717413485050201,0.8817369937896729,-0.0000000385419483,-1.5167789459228516,-0.0000000000000000,0.0000000437113883,1.0000000000000000,0.0000000000000853,0.0000000000000000,0.0000000000000000,0.0000000000000000,1.0000000000000000
M 0.8787204623222351,0.4773367345333099,-0.0000000208650519,-2.9286515712738037,-0.4773367345333099,0.8787204623222351,-0.0000000384100929,-1.5267009735107422,-0.0000000000000000,0.0000000437113883,1.0000000000000000,0.0000000000000853,0.0000000000000000,0.0000000000000000,0.0000000000000000,1.0000000000000000
M 0.8764829635620117,0.4814328551292419,-0.0000000210440980,-2.9591310024261475,-0.4814328551292419,0.8764829635620117,-0.0000000383122867,-1.5338180065155029,-0.0000000000000000,0.0000000437113883,1.0000000000000000,0.0000000000000853,0.0000000000000000,0.0000000000000000,0.0000000000000000,1.0000000000000000
M 0.8750950098037720,0.4839511811733246,-0.0000000211541789,-2.9779250621795654,-0.4839511811733246,0.8750950098037720,-0.0000000382516170,-1.5381317138671875,-0.0000000000000000,0.0000000437113883,1.0000000000000000,0.0000000000000853,0.0000000000000000,0.0000000000000000,0.0000000000000000,1.0000000000000000
M 0.8746197223663330,0.4848096072673798,-0.0000000211917008,-2.9843411445617676,-0.4848096072673798,0.8746197223663330,-0.0000000382308407,-1.5395913124084473,-0.0000000000000000,0.0000000437113883,1.0000000000000000,0.0000000000000853,0.0000000000000000,0.0000000000000000,0.0000000000000000,1.0000000000000000
O Pant_2_mvp_chs4t
A Pant_2_mvp_chs4t_Pant_2_mvp_chs4t
M 1.0000000000000000,0.0000000000000000,0.0000000000000000,0.0000000000000000,0.0000000000000000,1.0000000000000000,-0.0000000437113883,-0.0000000000003020,-0.0000000000000000,0.0000000437113883,1.0000000000000000,0.0000000000000853,0.0000000000000000,0.0000000000000000,0.0000000000000000,1.0000000000000000
M 0.9999995231628418,-0.0009812492644414,0.0000000000428918,0.0049048159271479,0.0009812492644414,0.9999995231628418,-0.0000000437113670,0.0031607802957296,-0.0000000000000000,0.0000000437113883,1.0000000000000000,0.0000000000000853,0.0000000000000000,0.0000000000000000,0.0000000000000000,1.0000000000000000
M 0.9999925494194031,-0.0038567271549255,0.0000000001685829,0.0192595552653074,0.0038567271549255,0.9999925494194031,-0.0000000437110614,0.0124510340392590,-0.0000000000000000,0.0000000437113883,1.0000000000000000,0.0000000000000853,0.0000000000000000,0.0000000000000000,0.0000000000000000,1.0000000000000000
M 0.9999636411666870,-0.0085239680483937,0.0000000003725945,0.0425027757883072,0.0085239680483937,0.9999636411666870,-0.0000000437098002,0.0276181977242231,-0.0000000000000000,0.0000000437113883,1.0000000000000000,0.0000000000000853,0.0000000000000000,0.0000000000000000,0.0000000000000000,1.0000000000000000
M 0.9998892545700073,-0.0148803107440472,0.0000000006504390,0.0740451216697693,0.0148803107440472,0.9998892545700073,-0.0000000437065459,0.0484496094286442,-0.0000000000000000,0.0000000437113883,1.0000000000000000,0.0000000000000853,0.0000000000000000,0.0000000000000000,0.0000000000000000,1.0000000000000000
M 0.9997395277023315,-0.0228227321058512,0.0000000009976133,0.1132753789424896,0.0228227321058512,0.9997395277023315,-0.0000000437000018,0.0747629106044769,-0.0000000000000000,0.0000000437113883,1.0000000000000000,0.0000000000000853,0.0000000000000000,0.0000000000000000,0.0000000000000000,1.0000000000000000
M 0.9994798898696899,-0.0322476513683796,0.0000000014095898,0.1595640778541565,0.0322476513683796,0.9994798898696899,-0.0000000436886545,0.1063978001475334,-0.0000000000000000,0.0000000437113883,1.0000000000000000,0.0000000000000853,0.0000000000000000,0.0000000000000000,0.0000000000000000,1.0000000000000000
M 0.9990729093551636,-0.0430507361888885,0.0000000018818074,0.2122696340084076,0.0430507361888885,0.9990729093551636,-0.0000000436708625,0.1432048976421356,-0.0000000000000000,0.0000000437113883,1.0000000000000000,0.0000000000000853,0.0000000000000000,0.0000000000000000,0.0000000000000000,1.0000000000000000
M 0.9984793663024902,-0.0551267899572849,0.0000000024096689,0.2707394659519196,0.0551267899572849,0.9984793663024902,-0.0000000436449277,0.1850425302982330,-0.0000000000000000,0.0000000437113883,1.0000000000000000,0.0000000000000853,0.0000000000000000,0.0000000000000000,0.0000000000000000,1.0000000000000000
M 0.9976600408554077,-0.0683695673942566,0.0000000029885292,0.3343161940574646,0.0683695673942566,0.9976600408554077,-0.0000000436091057,0.2317642271518707,-0.0000000000000000,0.0000000437113883,1.0000000000000000,0.0000000000000853,0.0000000000000000,0.0000000000000000,0.0000000000000000,1.0000000000000000
M 0.9965768456459045,-0.0826717838644981,0.0000000036136985,0.4023406505584717,0.0826717838644981,0.9965768456459045,-0.0000000435617658,0.2832154035568237,-0.0000000000000000,0.0000000437113883,1.0000000000000000,0.0000000000000853,0.0000000000000000,0.0000000000000000,0.0000000000000000,1.0000000000000000
M 0.9951937794685364,-0.0979250892996788,0.0000000042804418,0.4741554260253906,0.0979250892996788,0.9951937794685364,-0.0000000435013021,0.3392275571823120,-0.0000000000000000,0.0000000437113883,1.0000000000000000,0.0000000000000853,0.0000000000000000,0.0000000000000000,0.0000000000000000,1.0000000000000000
M 0.9934784173965454,-0.1140201166272163,0.0000000049839777,0.5491092801094055,0.1140201166272163,0.9934784173965454,-0.0000000434263221,0.3996102809906006,-0.0000000000000000,0.0000000437113883,1.0000000000000000,0.0000000000000853,0.0000000000000000,0.0000000000000000,0.0000000000000000,1.0000000000000000
M 0.9914026260375977,-0.1308466494083405,0.0000000057194889,0.6265604496002197,0.1308466494083405,0.9914026260375977,-0.0000000433355929,0.4641495347023010,-0.0000000000000000,0.0000000437113883,1.0000000000000000,0.0000000000000853,0.0000000000000000,0.0000000000000000,0.0000000000000000,1.0000000000000000
M 0.9889433383941650,-0.1482937484979630,0.0000000064821255,0.7058799862861633,0.1482937484979630,0.9889433383941650,-0.0000000432280878,0.5326040387153625,-0.0000000000000000,0.0000000437113883,1.0000000000000000,0.0000000000000853,0.0000000000000000,0.0000000000000000,0.0000000000000000,1.0000000000000000
M 0.9860836267471313,-0.1662501841783524,0.0000000072670274,0.7864575386047363,0.1662501841783524,0.9860836267471313,-0.0000000431030855,0.6046997904777527,-0.0000000000000000,0.0000000437113883,1.0000000000000000,0.0000000000000853,0.0000000000000000,0.0000000000000000,0.0000000000000000,1.0000000000000000
M 0.9828128814697266,-0.1846045255661011,0.0000000080693212,0.8677016496658325,0.1846045255661011,0.9828128814697266,-0.0000000429601172,0.6801314353942871,-0.0000000000000000,0.0000000437113883,1.0000000000000000,0.0000000000000853,0.0000000000000000,0.0000000000000000,0.0000000000000000,1.0000000000000000
M 0.9791277647018433,-0.2032455950975418,0.0000000088841485,0.9490454196929932,0.2032455950975418,0.9791277647018433,-0.0000000427990265,0.7585577964782715,-0.0000000000000000,0.0000000437113883,1.0000000000000000,0.0000000000000853,0.0000000000000000,0.0000000000000000,0.0000000000000000,1.0000000000000000
M 0.9750323295593262,-0.2220628261566162,0.0000000097066746,1.0299494266510010,0.2220628261566162,0.9750323295593262,-0.0000000426200160,0.8396030664443970,-0.0000000000000000,0.0000000437113883,1.0000000000000000,0.0000000000000853,0.0000000000000000,0.0000000000000000,0.0000000000000000,1.0000000000000000
M 0.9705383181571960,-0.2409468293190002,0.0000000105321201,1.1099042892456055,0.2409468293190002,0.9705383181571960,-0.0000000424235758,0.9228559732437134,-0.0000000000000000,0.0000000437113883,1.0000000000000000,0.0000000000000853,0.0000000000000000,0.0000000000000000,0.0000000000000000,1.0000000000000000
M 0.9656652808189392,-0.2597894668579102,0.0000000113557581,1.1884324550628662,0.2597894668579102,0.9656652808189392,-0.0000000422105693,1.0078711509704590,-0.0000000000000000,0.0000000437113883,1.0000000000000000,0.0000000000000853,0.0000000000000000,0.0000000000000000,0.0000000000000000,1.0000000000000000
M 0.9604406952857971,-0.2784845530986786,0.0000000121729444,1.2650913000106812,0.2784845530986786,0.9604406952857971,-0.0000000419821973,1.0941684246063232,-0.0000000000000000,0.0000000437113883,1.0000000000000000,0.0000000000000853,0.0000000000000000,0.0000000000000000,0.0000000000000000,1.0000000000000000
M 0.9548999071121216,-0.2969279587268829,0.0000000129791333,1.3394738435745239,0.2969279587268829,0.9548999071121216,-0.0000000417400017,1.1812374591827393,-0.0000000000000000,0.0000000437113883,1.0000000000000000,0.0000000000000853,0.0000000000000000,0.0000000000000000,0.0000000000000000,1.0000000000000000
M 0.9490855336189270,-0.3150184452533722,0.0000000137698937,1.4112113714218140,0.3150184452533722,0.9490855336189270,-0.0000000414858476,1.2685379981994629,-0.0000000000000000,0.0000000437113883,1.0000000000000000,0.0000000000000853,0.0000000000000000,0.0000000000000000,0.0000000000000000,1.0000000000000000
M 0.9430478215217590,-0.3326571583747864,0.0000000145409063,1.4799709320068359,0.3326571583747864,0.9430478215217590,-0.0000000412219308,1.3555011749267578,-0.0000000000000000,0.0000000437113883,1.0000000000000000,0.0000000000000853,0.0000000000000000,0.0000000000000000,0.0000000000000000,1.0000000000000000
M 0.9368435740470886,-0.3497486412525177,0.0000000152880002,1.5454584360122681,0.3497486412525177,0.9368435740470886,-0.0000000409507415,1.4415354728698730,-0.0000000000000000,0.0000000437113883,1.0000000000000000,0.0000000000000853,0.0000000000000000,0.0000000000000000,0.0000000000000000,1.0000000000000000
M 0.9305359721183777,-0.3662005364894867,0.0000000160071352,1.6074154376983643,0.3662005364894867,0.9305359721183777,-0.0000000406750189,1.5260280370712280,-0.0000000000000000,0.0000000437113883,1.0000000000000000,0.0000000000000853,0.0000000000000000,0.0000000000000000,0.0000000000000000,1.0000000000000000
M 0.9241938591003418,-0.3819236755371094,0.0000000166944147,1.6656174659729004,0.3819236755371094,0.9241938591003418,-0.0000000403978042,1.6083475351333618,-0.0000000000000000,0.0000000437113883,1.0000000000000000,0.0000000000000853,0.0000000000000000,0.0000000000000000,0.0000000000000000,1.0000000000000000
M 0.9178911447525024,-0.3968322873115540,0.0000000173460943,1.7198734283447266,0.3968322873115540,0.9178911447525024,-0.0000000401222948,1.6878483295440674,-0.0000000000000000,0.0000000437113883,1.0000000000000000,0.0000000000000853,0.0000000000000000,0.0000000000000000,0.0000000000000000,1.0000000000000000
M 0.9117057919502258,-0.4108436703681946,0.0000000179585466,1.7700212001800537,0.4108436703681946,0.9117057919502258,-0.0000000398519262,1.7638741731643677,-0.0000000000000000,0.0000000437113883,1.0000000000000000,0.0000000000000853,0.0000000000000000,0.0000000000000000,0.0000000000000000,1.0000000000000000
M 0.9057193994522095,-0.4238778054714203,0.0000000185282900,1.8159234523773193,0.4238778054714203,0.9057193994522095,-0.0000000395902511,1.8357597589492798,-0.0000000000000000,0.0000000437113883,1.0000000000000000,0.0000000000000853,0.0000000000000000,0.0000000000000000,0.0000000000000000,1.0000000000000000
M 0.9000157117843628,-0.4358574151992798,0.0000000190519334,1.8574626445770264,0.4358574151992798,0.9000157117843628,-0.0000000393409358,1.9028373956680298,-0.0000000000000000,0.0000000437113883,1.0000000000000000,0.0000000000000853,0.0000000000000000,0.0000000000000000,0.0000000000000000,1.0000000000000000
M 0.8946802616119385,-0.4467070996761322,0.0000000195261869,1.8945376873016357,0.4467070996761322,0.8946802616119385,-0.0000000391077180,1.9644373655319214,-0.0000000000000000,0.0000000437113883,1.0000000000000000,0.0000000000000853,0.0000000000000000,0.0000000000000000,0.0000000000000000,1.0000000000000000
M 0.8897987604141235,-0.4563531279563904,0.0000000199478283,1.9270553588867188,0.4563531279563904,0.8897987604141235,-0.0000000388943384,2.0198929309844971,-0.0000000000000000,0.0000000437113883,1.0000000000000000,0.0000000000000853,0.0000000000000000,0.0000000000000000,0.0000000000000000,1.0000000000000000
M 0.8854565620422363,-0.4647221267223358,0.0000000203136494,1.9549238681793213,0.4647221267223358,0.8854565620422363,-0.0000000387045347,2.0685415267944336,-0.0000000000000000,0.0000000437113883,1.0000000000000000,0.0000000000000853,0.0000000000000000,0.0000000000000000,0.0000000000000000,1.0000000000000000
M 0.8817369937896729,-0.4717413485050201,0.0000000206204689,1.9780476093292236,0.4717413485050201,0.8817369937896729,-0.0000000385419483,2.1097326278686523,-0.0000000000000000,0.0000000437113883,1.0000000000000000,0.0000000000000853,0.0000000000000000,0.0000000000000000,0.0000000000000000,1.0000000000000000
M 0.8787204623222351,-0.4773367345333099,0.0000000208650519,1.9963152408599854,0.4773367345333099,0.8787204623222351,-0.0000000384100929,2.1428251266479492,-0.0000000000000000,0.0000000437113883,1.0000000000000000,0.0000000000000853,0.0000000000000000,0.0000000000000000,0.0000000000000000,1.0000000000000000
M 0.8764829635620117,-0.4814328551292419,0.0000000210440980,2.0095939636230469,0.4814328551292419,0.8764829635620117,-0.0000000383122867,2.1671972274780273,-0.0000000000000000,0.0000000437113883,1.0000000000000000,0.0000000000000853,0.0000000000000000,0.0000000000000000,0.0000000000000000,1.0000000000000000
M 0.8750950098037720,-0.4839511811733246,0.0000000211541789,2.0177180767059326,0.4839511811733246,0.8750950098037720,-0.0000000382516170,2.1822428703308105,-0.0000000000000000,0.0000000437113883,1.0000000000000000,0.0000000000000853,0.0000000000000000,0.0000000000000000,0.0000000000000000,1.0000000000000000
M 0.8746197223663330,-0.4848096072673798,0.0000000211917008,2.0204801559448242,0.4848096072673798,0.8746197223663330,-0.0000000382308407,2.1873824596405029,-0.0000000000000000,0.0000000437113883,1.0000000000000000,0.0000000000000853,0.0000000000000000,0.0000000000000000,0.0000000000000000,1.0000000000000000
O Pant_3_mvp_chs4t
A Pant_3_mvp_chs4t_Pant_3_mvp_chs4t
M 1.0000000000000000,0.0000000000000000,0.0000000000000000,0.0000000000000000,0.0000000000000000,1.0000000000000000,-0.0000000437113883,-0.0000000000003064,-0.0000000000000000,0.0000000437113883,1.0000000000000000,0.0000000000000853,0.0000000000000000,0.0000000000000000,0.0000000000000000,1.0000000000000000
M 0.9999997615814209,-0.0006767234299332,0.0000000000295805,0.0034974187146872,0.0006767234299332,0.9999997615814209,-0.0000000437113776,0.0049423957243562,-0.0000000000000000,0.0000000437113883,1.0000000000000000,0.0000000000000853,0.0000000000000000,0.0000000000000000,0.0000000000000000,1.0000000000000000
M 0.9999964833259583,-0.0026598144322634,0.0000000001162642,0.0137362573295832,0.0026598144322634,0.9999964833259583,-0.0000000437112426,0.0194380041211843,-0.0000000000000000,0.0000000437113883,1.0000000000000000,0.0000000000000853,0.0000000000000000,0.0000000000000000,0.0000000000000000,1.0000000000000000
M 0.9999827146530151,-0.0058786347508430,0.0000000002569632,0.0303288996219635,0.0058786347508430,0.9999827146530151,-0.0000000437106316,0.0430084243416786,-0.0000000000000000,0.0000000437113883,1.0000000000000000,0.0000000000000853,0.0000000000000000,0.0000000000000000,0.0000000000000000,1.0000000000000000
M 0.9999473094940186,-0.0102624781429768,0.0000000004485873,0.0528740324079990,0.0102624781429768,0.9999473094940186,-0.0000000437090861,0.0751910805702209,-0.0000000000000000,0.0000000437113883,1.0000000000000000,0.0000000000000853,0.0000000000000000,0.0000000000000000,0.0000000000000000,1.0000000000000000
M 0.9998760819435120,-0.0157405324280262,0.0000000006880407,0.0809602737426758,0.0157405324280262,0.9998760819435120,-0.0000000437059704,0.1155390217900276,-0.0000000000000000,0.0000000437113883,1.0000000000000000,0.0000000000000853,0.0000000000000000,0.0000000000000000,0.0000000000000000,1.0000000000000000
M 0.9997526407241821,-0.0222417749464512,0.0000000009722183,0.1141684874892235,0.0222417749464512,0.9997526407241821,-0.0000000437005845,0.1636141240596771,-0.0000000000000000,0.0000000437113883,1.0000000000000000,0.0000000000000853,0.0000000000000000,0.0000000000000000,0.0000000000000000,1.0000000000000000
M 0.9995590448379517,-0.0296949706971645,0.0000000012980081,0.1520718038082123,0.0296949706971645,0.9995590448379517,-0.0000000436921219,0.2189827710390091,-0.0000000000000000,0.0000000437113883,1.0000000000000000,0.0000000000000853,0.0000000000000000,0.0000000000000000,0.0000000000000000,1.0000000000000000
M 0.9992766976356506,-0.0380285754799843,0.0000000016622814,0.1942431926727295,0.0380285754799843,0.9992766976356506,-0.0000000436797869,0.2812129855155945,-0.0000000000000000,0.0000000437113883,1.0000000000000000,0.0000000000000853,0.0000000000000000,0.0000000000000000,0.0000000000000000,1.0000000000000000
M 0.9988868236541748,-0.0471707135438919,0.0000000020618973,0.2402477711439133,0.0471707135438919,0.9988868236541748,-0.0000000436627303,0.3498685061931610,-0.0000000000000000,0.0000000437113883,1.0000000000000000,0.0000000000000853,0.0000000000000000,0.0000000000000000,0.0000000000000000,1.0000000000000000
M 0.9983714222908020,-0.0570492073893547,0.0000000024937015,0.2896576821804047,0.0570492073893547,0.9983714222908020,-0.0000000436402097,0.4245104193687439,-0.0000000000000000,0.0000000437113883,1.0000000000000000,0.0000000000000853,0.0000000000000000,0.0000000000000000,0.0000000000000000,1.0000000000000000
M 0.9977130889892578,-0.0675913617014885,0.0000000029545117,0.3420396149158478,0.0675913617014885,0.9977130889892578,-0.0000000436114327,0.5046892762184143,-0.0000000000000000,0.0000000437113883,1.0000000000000000,0.0000000000000853,0.0000000000000000,0.0000000000000000,0.0000000000000000,1.0000000000000000
M 0.9968963861465454,-0.0787243917584419,0.0000000034411525,0.3969683349132538,0.0787243917584419,0.9968963861465454,-0.0000000435757244,0.5899437665939331,-0.0000000000000000,0.0000000437113883,1.0000000000000000,0.0000000000000853,0.0000000000000000,0.0000000000000000,0.0000000000000000,1.0000000000000000
M 0.9959077835083008,-0.0903750658035278,0.0000000039504187,0.4540202319622040,0.0903750658035278,0.9959077835083008,-0.0000000435325198,0.6798022985458374,-0.0000000000000000,0.0000000437113883,1.0000000000000000,0.0000000000000853,0.0000000000000000,0.0000000000000000,0.0000000000000000,1.0000000000000000
M 0.9947360157966614,-0.1024699658155441,0.0000000044791046,0.5127807259559631,0.1024699658155441,0.9947360157966614,-0.0000000434812932,0.7737798690795898,-0.0000000000000000,0.0000000437113883,1.0000000000000000,0.0000000000000853,0.0000000000000000,0.0000000000000000,0.0000000000000000,1.0000000000000000
M 0.9933729171752930,-0.1149355620145798,0.0000000050239919,0.5728408098220825,0.1149355620145798,0.9933729171752930,-0.0000000434217107,0.8713732361793518,-0.0000000000000000,0.0000000437113883,1.0000000000000000,0.0000000000000853,0.0000000000000000,0.0000000000000000,0.0000000000000000,1.0000000000000000
M 0.9918130636215210,-0.1276982277631760,0.0000000055818661,0.6338025927543640,0.1276982277631760,0.9918130636215210,-0.0000000433535270,0.9720672369003296,-0.0000000000000000,0.0000000437113883,1.0000000000000000,0.0000000000000853,0.0000000000000000,0.0000000000000000,0.0000000000000000,1.0000000000000000
M 0.9900544285774231,-0.1406845450401306,0.0000000061495178,0.6952795386314392,0.1406845450401306,0.9900544285774231,-0.0000000432766463,1.0753295421600342,-0.0000000000000000,0.0000000437113883,1.0000000000000000,0.0000000000000853,0.0000000000000000,0.0000000000000000,0.0000000000000000,1.0000000000000000
M 0.9880986809730530,-0.1538210809230804,0.0000000067237349,0.7568951249122620,0.1538210809230804,0.9880986809730530,-0.0000000431911644,1.1806113719940186,-0.0000000000000000,0.0000000437113883,1.0000000000000000,0.0000000000000853,0.0000000000000000,0.0000000000000000,0.0000000000000000,1.0000000000000000
M 0.9859509468078613,-0.1670349240303040,0.0000000073013293,0.8182884454727173,0.1670349240303040,0.9859509468078613,-0.0000000430972840,1.2873507738113403,-0.0000000000000000,0.0000000437113883,1.0000000000000000,0.0000000000000853,0.0000000000000000,0.0000000000000000,0.0000000000000000,1.0000000000000000
M 0.9836201667785645,-0.1802535802125931,0.0000000078791338,0.8791120052337646,0.1802535802125931,0.9836201667785645,-0.0000000429953957,1.3949713706970215,-0.0000000000000000,0.0000000437113883,1.0000000000000000,0.0000000000000853,0.0000000000000000,0.0000000000000000,0.0000000000000000,1.0000000000000000
M 0.9811189770698547,-0.1934050768613815,0.0000000084540037,0.9390324950218201,0.1934050768613815,0.9811189770698547,-0.0000000428860716,1.5028840303421021,-0.0000000000000000,0.0000000437113883,1.0000000000000000,0.0000000000000853,0.0000000000000000,0.0000000000000000,0.0000000000000000,1.0000000000000000
M 0.9784638285636902,-0.2064183950424194,0.0000000090228331,0.9977352619171143,0.2064183950424194,0.9784638285636902,-0.0000000427700186,1.6104863882064819,-0.0000000000000000,0.0000000437113883,1.0000000000000000,0.0000000000000853,0.0000000000000000,0.0000000000000000,0.0000000000000000,1.0000000000000000
M 0.9756748676300049,-0.2192229032516479,0.0000000095825357,1.0549188852310181,0.2192229032516479,0.9756748676300049,-0.0000000426481108,1.7171653509140015,-0.0000000000000000,0.0000000437113883,1.0000000000000000,0.0000000000000853,0.0000000000000000,0.0000000000000000,0.0000000000000000,1.0000000000000000
M 0.9727755188941956,-0.2317494750022888,0.0000000101300950,1.1102988719940186,0.2317494750022888,0.9727755188941956,-0.0000000425213678,1.8223024606704712,-0.0000000000000000,0.0000000437113883,1.0000000000000000,0.0000000000000853,0.0000000000000000,0.0000000000000000,0.0000000000000000,1.0000000000000000
M 0.9697929620742798,-0.2439294457435608,0.0000000106624896,1.1636102199554443,0.2439294457435608,0.9697929620742798,-0.0000000423910045,1.9252681732177734,-0.0000000000000000,0.0000000437113883,1.0000000000000000,0.0000000000000853,0.0000000000000000,0.0000000000000000,0.0000000000000000,1.0000000000000000
M 0.9667572975158691,-0.2556957006454468,0.0000000111768106,1.2146009206771851,0.2556957006454468,0.9667572975158691,-0.0000000422582964,2.0254285335540771,-0.0000000000000000,0.0000000437113883,1.0000000000000000,0.0000000000000853,0.0000000000000000,0.0000000000000000,0.0000000000000000,1.0000000000000000
M 0.9637015461921692,-0.2669819295406342,0.0000000116701528,1.2630354166030884,0.2669819295406342,0.9637015461921692,-0.0000000421247464,2.1221466064453125,-0.0000000000000000,0.0000000437113883,1.0000000000000000,0.0000000000000853,0.0000000000000000,0.0000000000000000,0.0000000000000000,1.0000000000000000
M 0.9606612324714661,-0.2777228057384491,0.0000000121396493,1.3086907863616943,0.2777228057384491,0.9606612324714661,-0.0000000419918287,2.2147796154022217,-0.0000000000000000,0.0000000437113883,1.0000000000000000,0.0000000000000853,0.0000000000000000,0.0000000000000000,0.0000000000000000,1.0000000000000000
M 0.9576742053031921,-0.2878543436527252,0.0000000125825164,1.3513596057891846,0.2878543436527252,0.9576742053031921,-0.0000000418612700,2.3026847839355469,-0.0000000000000000,0.0000000437113883,1.0000000000000000,0.0000000000000853,0.0000000000000000,0.0000000000000000,0.0000000000000000,1.0000000000000000
M 0.9547799825668335,-0.2973133921623230,0.0000000129959794,1.3908437490463257,0.2973133921623230,0.9547799825668335,-0.0000000417347579,2.3852202892303467,-0.0000000000000000,0.0000000437113883,1.0000000000000000,0.0000000000000853,0.0000000000000000,0.0000000000000000,0.0000000000000000,1.0000000000000000
M 0.9520193934440613,-0.3060375154018402,0.0000000133773250,1.4269560575485229,0.3060375154018402,0.9520193934440613,-0.0000000416140900,2.4617455005645752,-0.0000000000000000,0.0000000437113883,1.0000000000000000,0.0000000000000853,0.0000000000000000,0.0000000000000000,0.0000000000000000,1.0000000000000000
M 0.9494345188140869,-0.3139651119709015,0.0000000137238558,1.4595144987106323,0.3139651119709015,0.9494345188140869,-0.0000000415010994,2.5316193103790283,-0.0000000000000000,0.0000000437113883,1.0000000000000000,0.0000000000000853,0.0000000000000000,0.0000000000000000,0.0000000000000000,1.0000000000000000
M 0.9470673799514771,-0.3210350573062897,0.0000000140328895,1.4883440732955933,0.3210350573062897,0.9470673799514771,-0.0000000413976373,2.5942034721374512,-0.0000000000000000,0.0000000437113883,1.0000000000000000,0.0000000000000853,0.0000000000000000,0.0000000000000000,0.0000000000000000,1.0000000000000000
M 0.9449597597122192,-0.3271865844726562,0.0000000143017820,1.5132660865783691,0.3271865844726562,0.9449597597122192,-0.0000000413055012,2.6488666534423828,-0.0000000000000000,0.0000000437113883,1.0000000000000000,0.0000000000000853,0.0000000000000000,0.0000000000000000,0.0000000000000000,1.0000000000000000
M 0.9431532025337219,-0.3323583900928497,0.0000000145278500,1.5341026782989502,0.3323583900928497,0.9431532025337219,-0.0000000412265351,2.6949756145477295,-0.0000000000000000,0.0000000437113883,1.0000000000000000,0.0000000000000853,0.0000000000000000,0.0000000000000000,0.0000000000000000,1.0000000000000000
M 0.9416870474815369,-0.3364900946617126,0.0000000147084513,1.5506720542907715,0.3364900946617126,0.9416870474815369,-0.0000000411624477,2.7319097518920898,-0.0000000000000000,0.0000000437113883,1.0000000000000000,0.0000000000000853,0.0000000000000000,0.0000000000000000,0.0000000000000000,1.0000000000000000
M 0.9405990839004517,-0.3395195305347443,0.0000000148408699,1.5627765655517578,0.3395195305347443,0.9405990839004517,-0.0000000411148910,2.7590463161468506,-0.0000000000000000,0.0000000437113883,1.0000000000000000,0.0000000000000853,0.0000000000000000,0.0000000000000000,0.0000000000000000,1.0000000000000000
M 0.9399238824844360,-0.3413839638233185,0.0000000149223656,1.5702066421508789,0.3413839638233185,0.9399238824844360,-0.0000000410853715,2.7757732868194580,-0.0000000000000000,0.0000000437113883,1.0000000000000000,0.0000000000000853,0.0000000000000000,0.0000000000000000,0.0000000000000000,1.0000000000000000
M 0.9396926760673523,-0.3420200943946838,0.0000000149501744,1.5727397203445435,0.3420200943946838,0.9396926760673523,-0.0000000410752712,2.7814838886260986,-0.0000000000000000,0.0000000437113883,1.0000000000000000,0.0000000000000853,0.0000000000000000,0.0000000000000000,0.0000000000000000,1.0000000000000000
O Pant_4_mvp_chs4t
A Pant_4_mvp_chs4t_Pant_4_mvp_chs4t
M 1.0000000000000000,0.0000000000000000,0.0000000000000000,0.0000000000000000,0.0000000000000000,1.0000000000000000,-0.0000000437113883,-0.0000000000003064,-0.0000000000000000,0.0000000437113883,1.0000000000000000,0.0000000000000568,0.0000000000000000,0.0000000000000000,0.0000000000000000,1.0000000000000000
M 0.9999997615814209,0.0006767234299332,-0.0000000000295805,-0.0034986105747521,-0.0006767234299332,0.9999997615814209,-0.0000000437113776,-0.0002594391116872,-0.0000000000000000,0.0000000437113883,1.0000000000000000,0.0000000000000568,0.0000000000000000,0.0000000000000000,0.0000000000000000,1.0000000000000000
M 0.9999964833259583,0.0026598144322634,-0.0000000001162642,-0.0137636736035347,-0.0026598144322634,0.9999964833259583,-0.0000000437112426,-0.0010093199089170,-0.0000000000000000,0.0000000437113883,1.0000000000000000,0.0000000000000568,0.0000000000000000,0.0000000000000000,0.0000000000000000,1.0000000000000000
M 0.9999827146530151,0.0058786347508430,-0.0000000002569632,-0.0304619334638119,-0.0058786347508430,0.9999827146530151,-0.0000000437106316,-0.0021831057965755,-0.0000000000000000,0.0000000437113883,1.0000000000000000,0.0000000000000568,0.0000000000000000,0.0000000000000000,0.0000000000000000,1.0000000000000000
M 0.9999473094940186,0.0102624781429768,-0.0000000004485873,-0.0532793402671814,-0.0102624781429768,0.9999473094940186,-0.0000000437090861,-0.0037017241120338,-0.0000000000000000,0.0000000437113883,1.0000000000000000,0.0000000000000568,0.0000000000000000,0.0000000000000000,0.0000000000000000,1.0000000000000000
M 0.9998760819435120,0.0157405324280262,-0.0000000006880407,-0.0819132253527641,-0.0157405324280262,0.9998760819435120,-0.0000000437059704,-0.0054663270711899,-0.0000000000000000,0.0000000437113883,1.0000000000000000,0.0000000000000568,0.0000000000000000,0.0000000000000000,0.0000000000000000,1.0000000000000000
M 0.9997526407241821,0.0222417749464512,-0.0000000009722183,-0.1160703375935555,-0.0222417749464512,0.9997526407241821,-0.0000000437005845,-0.0073695369064808,-0.0000000000000000,0.0000000437113883,1.0000000000000000,0.0000000000000568,0.0000000000000000,0.0000000000000000,0.0000000000000000,1.0000000000000000
M 0.9995590448379517,0.0296949706971645,-0.0000000012980081,-0.1554623395204544,-0.0296949706971645,0.9995590448379517,-0.0000000436921219,-0.0092978067696095,-0.0000000000000000,0.0000000437113883,1.0000000000000000,0.0000000000000568,0.0000000000000000,0.0000000000000000,0.0000000000000000,1.0000000000000000
