O DOOR_3_TOGGLE_CG_CDR_CONNECTING_mvp_dr1a_motorhead
A DOOR_3_TOGGLE_CG_CDR_CONNECTING_mvp_dr1a_motorhead_DOOR_3_TOGGLE_CG_CDR_CONNECTING_mvp_dr1a_motorhead
M 1.0000000000000000,0.0000000000000000,0.0000000000000000,0.0000000000000000,0.0000000000000000,1.0000000000000000,-0.0000000437113883,0.0000000000000000,-0.0000000000000000,0.0000000437113883,1.0000000000000000,-0.0000000000000000,0.0000000000000000,0.0000000000000000,0.0000000000000000,1.0000000000000000
M 1.0000000000000000,0.0000000000000000,0.0000000000000000,0.0000000000000000,0.0000000000000000,1.0000000000000000,-0.0000000437113883,0.0000000000000000,-0.0000000000000000,0.0000000437113883,1.0000000000000000,-0.0000000000000000,0.0000000000000000,0.0000000000000000,0.0000000000000000,1.0000000000000000
M 1.0000000000000000,0.0000000000000000,0.0000000000000000,0.0000000000000000,0.0000000000000000,1.0000000000000000,-0.0000000437113883,0.0000000000000000,-0.0000000000000000,0.0000000437113883,1.0000000000000000,-0.0000000000000000,0.0000000000000000,0.0000000000000000,0.0000000000000000,1.0000000000000000
M 1.0000000000000000,0.0000000000000000,0.0000000000000000,0.0000000000000000,0.0000000000000000,1.0000000000000000,-0.0000000437113883,0.0000000000000000,-0.0000000000000000,0.0000000437113883,1.0000000000000000,-0.0000000000000000,0.0000000000000000,0.0000000000000000,0.0000000000000000,1.0000000000000000
M 1.0000000000000000,0.0000000000000000,0.0000000000000000,0.0000000000000000,0.0000000000000000,1.0000000000000000,-0.0000000437113883,0.0000000000000000,-0.0000000000000000,0.0000000437113883,1.0000000000000000,-0.0000000000000000,0.0000000000000000,0.0000000000000000,0.0000000000000000,1.0000000000000000
M 1.0000000000000000,0.0000000000000000,0.0000000000000000,0.0000000000000000,0.0000000000000000,1.0000000000000000,-0.0000000437113883,0.0000000000000000,-0.0000000000000000,0.0000000437113883,1.0000000000000000,-0.0000000000000000,0.0000000000000000,0.0000000000000000,0.0000000000000000,1.0000000000000000
M 1.0000000000000000,0.0000000000000000,0.0000000000000000,0.0000000000000000,0.0000000000000000,1.0000000000000000,-0.0000000437113883,0.0000000000000000,-0.0000000000000000,0.0000000437113883,1.0000000000000000,-0.0000000000000000,0.0000000000000000,0.0000000000000000,0.0000000000000000,1.0000000000000000
M 1.0000000000000000,0.0000000000000000,0.0000000000000000,0.0000000000000000,0.0000000000000000,1.0000000000000000,-0.0000000437113883,0.0000000000000000,-0.0000000000000000,0.0000000437113883,1.0000000000000000,-0.0000000000000000,0.0000000000000000,0.0000000000000000,0.0000000000000000,1.0000000000000000
M 1.0000000000000000,0.0000000000000000,0.0000000000000000,0.0000000000000000,0.0000000000000000,1.0000000000000000,-0.0000000437113883,0.0000000000000000,-0.0000000000000000,0.0000000437113883,1.0000000000000000,-0.0000000000000000,0.0000000000000000,0.0000000000000000,0.0000000000000000,1.0000000000000000
M 1.0000000000000000,0.0000000000000000,0.0000000000000000,0.0000000000000000,0.0000000000000000,1.0000000000000000,-0.0000000437113883,0.0000000000000000,-0.0000000000000000,0.0000000437113883,1.0000000000000000,-0.0000000000000000,0.0000000000000000,0.0000000000000000,0.0000000000000000,1.0000000000000000
M 1.0000000000000000,0.0000000000000000,0.0000000000000000,0.0000000000000000,0.0000000000000000,1.0000000000000000,-0.0000000437113883,0.0000000000000000,-0.0000000000000000,0.0000000437113883,1.0000000000000000,-0.0000000000000000,0.0000000000000000,0.0000000000000000,0.0000000000000000,1.0000000000000000
M 0.9999814629554749,0.0000000002660554,0.0060866372659802,-0.0020507446024567,0.0000000000000000,1.0000000000000000,-0.0000000437113883,0.0000000000000000,-0.0060866372659802,0.0000000437105783,0.9999814629554749,0.0761150419712067,0.0000000000000000,0.0000000000000000,0.0000000000000000,1.0000000000000000
M 0.9997169375419617,0.0000000010399429,0.0237911213189363,-0.0053825797513127,0.0000000000000000,1.0000000000000000,-0.0000000437113883,0.0000000000000000,-0.0237911213189363,0.0000000436990142,0.9997169375419617,0.2975934147834778,0.0000000000000000,0.0000000000000000,0.0000000000000000,1.0000000000000000
M 0.9986332058906555,0.0000000022846300,0.0522662438452244,-0.0025090314447880,0.0000000000000000,1.0000000000000000,-0.0000000437113883,0.0000000000000000,-0.0522662438452244,0.0000000436516423,0.9986332058906555,0.6540564298629761,0.0000000000000000,0.0000000000000000,0.0000000000000000,1.0000000000000000
M 0.9958853125572205,0.0000000039612260,0.0906222909688950,0.0174673907458782,0.0000000000000000,1.0000000000000000,-0.0000000437113883,0.0000000000000000,-0.0906222909688950,0.0000000435315286,0.9958853125572205,1.1346958875656128,0.0000000000000000,0.0000000000000000,0.0000000000000000,1.0000000000000000
M 0.9904471635818481,0.0000000060274830,0.1378927379846573,0.0677398741245270,0.0000000000000000,1.0000000000000000,-0.0000000437113883,0.0000000000000000,-0.1378927379846573,0.0000000432938201,0.9904471635818481,1.7278108596801758,0.0000000000000000,0.0000000000000000,0.0000000000000000,1.0000000000000000
M 0.9811984300613403,0.0000000084363636,0.1930015087127686,0.1627214103937149,0.0000000000000000,1.0000000000000000,-0.0000000437113883,0.0000000000000000,-0.1930015087127686,0.0000000428895461,0.9811984300613403,2.4203662872314453,0.0000000000000000,0.0000000000000000,0.0000000000000000,1.0000000000000000
M 0.9670100808143616,0.0000000111349605,0.2547382116317749,0.3169831633567810,0.0000000000000000,1.0000000000000000,-0.0000000437113883,0.0000000000000000,-0.2547382116317749,0.0000000422693525,0.9670100808143616,3.1976509094238281,0.0000000000000000,0.0000000000000000,0.0000000000000000,1.0000000000000000
M 0.9468257427215576,0.0000000140639980,0.3217467665672302,0.5442429780960083,0.0000000000000000,1.0000000000000000,-0.0000000437113883,0.0000000000000000,-0.3217467665672302,0.0000000413870680,0.9468257427215576,4.0431036949157715,0.0000000000000000,0.0000000000000000,0.0000000000000000,1.0000000000000000
M 0.9197393059730530,0.0000000171580208,0.3925297558307648,0.8563910722732544,0.0000000000000000,1.0000000000000000,-0.0000000437113883,0.0000000000000000,-0.3925297558307648,0.0000000402030835,0.9197393059730530,4.9383406639099121,0.0000000000000000,0.0000000000000000,0.0000000000000000,1.0000000000000000
M 0.8850628733634949,0.0000000203464072,0.4654715359210968,1.2626373767852783,0.0000000000000000,1.0000000000000000,-0.0000000437113883,0.0000000000000000,-0.4654715359210968,0.0000000386873253,0.8850628733634949,5.8634176254272461,0.0000000000000000,0.0000000000000000,0.0000000000000000,1.0000000000000000
M 0.8423840999603271,0.0000000235550850,0.5388775467872620,1.7687710523605347,0.0000000000000000,1.0000000000000000,-0.0000000437113883,0.0000000000000000,-0.5388775467872620,0.0000000368217776,0.8423840999603271,6.7973003387451172,0.0000000000000000,0.0000000000000000,0.0000000000000000,1.0000000000000000
M 0.7916075587272644,0.0000000267089639,0.6110298633575439,2.3766303062438965,0.0000000000000000,1.0000000000000000,-0.0000000437113883,0.0000000000000000,-0.6110298633575439,0.0000000346022659,0.7916075587272644,7.7185435295104980,0.0000000000000000,0.0000000000000000,0.0000000000000000,1.0000000000000000
M 0.7329774498939514,0.0000000297348013,0.6802529692649841,3.0837895870208740,0.0000000000000000,1.0000000000000000,-0.0000000437113883,0.0000000000000000,-0.6802529692649841,0.0000000320394626,0.7329774498939514,8.6061038970947266,0.0000000000000000,0.0000000000000000,0.0000000000000000,1.0000000000000000
M 0.6670797467231750,0.0000000325643867,0.7449862957000732,3.8835084438323975,0.0000000000000000,1.0000000000000000,-0.0000000437113883,0.0000000000000000,-0.7449862957000732,0.0000000291589810,0.6670797467231750,9.4402503967285156,0.0000000000000000,0.0000000000000000,0.0000000000000000,1.0000000000000000
M 0.5948227643966675,0.0000000351376990,0.8038568496704102,4.7649426460266113,0.0000000000000000,1.0000000000000000,-0.0000000437113883,0.0000000000000000,-0.8038568496704102,0.0000000260005280,0.5948227643966675,10.2034711837768555,0.0000000000000000,0.0000000000000000,0.0000000000000000,1.0000000000000000
M 0.5173986554145813,0.0000000374057798,0.8557444810867310,5.7136058807373047,0.0000000000000000,1.0000000000000000,-0.0000000437113883,0.0000000000000000,-0.8557444810867310,0.0000000226162129,0.5173986554145813,10.8813142776489258,0.0000000000000000,0.0000000000000000,0.0000000000000000,1.0000000000000000
M 0.4362271130084991,0.0000000393331057,0.8998365998268127,6.7120504379272461,0.0000000000000000,1.0000000000000000,-0.0000000437113883,0.0000000000000000,-0.8998365998268127,0.0000000190680929,0.4362271130084991,11.4630880355834961,0.0000000000000000,0.0000000000000000,0.0000000000000000,1.0000000000000000
M 0.3528869748115540,0.0000000408992591,0.9356659650802612,7.7407107353210449,0.0000000000000000,1.0000000000000000,-0.0000000437113883,0.0000000000000000,-0.9356659650802612,0.0000000154251794,0.3528869748115540,11.9423551559448242,0.0000000000000000,0.0000000000000000,0.0000000000000000,1.0000000000000000
M 0.2690419852733612,0.0000000420996820,0.9631284475326538,8.7788209915161133,0.0000000000000000,1.0000000000000000,-0.0000000437113883,0.0000000000000000,-0.9631284475326538,0.0000000117601990,0.2690419852733612,12.3171920776367188,0.0000000000000000,0.0000000000000000,0.0000000000000000,1.0000000000000000
M 0.1863651871681213,0.0000000429455866,0.9824805259704590,9.8053646087646484,0.0000000000000000,1.0000000000000000,-0.0000000437113883,0.0000000000000000,-0.9824805259704590,0.0000000081462810,0.1863651871681213,12.5901765823364258,0.0000000000000000,0.0000000000000000,0.0000000000000000,1.0000000000000000
M 0.1064725443720818,0.0000000434629150,0.9943156242370605,10.7999143600463867,0.0000000000000000,1.0000000000000000,-0.0000000437113883,0.0000000000000000,-0.9943156242370605,0.0000000046540629,0.1064725443720818,12.7681236267089844,0.0000000000000000,0.0000000000000000,0.0000000000000000,1.0000000000000000
M 0.0308627504855394,0.0000000436905658,0.9995236396789551,11.7433967590332031,0.0000000000000000,1.0000000000000000,-0.0000000437113883,0.0000000000000000,-0.9995236396789551,0.0000000013490536,0.0308627504855394,12.8615989685058594,0.0000000000000000,0.0000000000000000,0.0000000000000000,1.0000000000000000
M -0.0391188412904739,0.0000000436779288,0.9992345571517944,12.6185636520385742,0.0000000000000000,1.0000000000000000,-0.0000000437113883,0.0000000000000000,-0.9992345571517944,-0.0000000017099389,-0.0391188412904739,12.8842277526855469,0.0000000000000000,0.0000000000000000,0.0000000000000000,1.0000000000000000
M -0.1023066267371178,0.0000000434820286,0.9947528839111328,13.4103527069091797,0.0000000000000000,1.0000000000000000,-0.0000000437113883,0.0000000000000000,-0.9947528839111328,-0.0000000044719646,-0.1023066267371178,12.8518829345703125,0.0000000000000000,0.0000000000000000,0.0000000000000000,1.0000000000000000
M -0.1577113419771194,0.0000000431643485,0.9874852299690247,14.1058654785156250,0.0000000000000000,1.0000000000000000,-0.0000000437113883,0.0000000000000000,-0.9874852299690247,-0.0000000068937815,-0.1577113419771194,12.7817840576171875,0.0000000000000000,0.0000000000000000,0.0000000000000000,1.0000000000000000
M -0.2045062184333801,0.0000000427875584,0.9788652658462524,14.6942272186279297,0.0000000000000000,1.0000000000000000,-0.0000000437113883,0.0000000000000000,-0.9788652658462524,-0.0000000089392511,-0.2045062184333801,12.6915473937988281,0.0000000000000000,0.0000000000000000,0.0000000000000000,1.0000000000000000
M -0.2419898808002472,0.0000000424122319,0.9702787995338440,15.1661481857299805,0.0000000000000000,1.0000000000000000,-0.0000000437113883,0.0000000000000000,-0.9702787995338440,-0.0000000105777138,-0.2419898808002472,12.5982379913330078,0.0000000000000000,0.0000000000000000,0.0000000000000000,1.0000000000000000
M -0.2695369720458984,0.0000000420936317,0.9629900455474854,15.5133333206176758,0.0000000000000000,1.0000000000000000,-0.0000000437113883,0.0000000000000000,-0.9629900455474854,-0.0000000117818351,-0.2695369720458984,12.5174283981323242,0.0000000000000000,0.0000000000000000,0.0000000000000000,1.0000000000000000
M -0.2865458428859711,0.0000000418784190,0.9580665230751038,15.7278614044189453,0.0000000000000000,1.0000000000000000,-0.0000000437113883,0.0000000000000000,-0.9580665230751038,-0.0000000125253168,-0.2865458428859711,12.4622421264648438,0.0000000000000000,0.0000000000000000,0.0000000000000000,1.0000000000000000
M -0.2923717498779297,0.0000000418014068,0.9563047289848328,15.8013696670532227,0.0000000000000000,1.0000000000000000,-0.0000000437113883,0.0000000000000000,-0.9563047289848328,-0.0000000127799753,-0.2923717498779297,12.4423971176147461,0.0000000000000000,0.0000000000000000,0.0000000000000000,1.0000000000000000
M -0.2923717498779297,0.0000000418014068,0.9563047289848328,15.8013696670532227,0.0000000000000000,1.0000000000000000,-0.0000000437113883,0.0000000000000000,-0.9563047289848328,-0.0000000127799753,-0.2923717498779297,12.4423971176147461,0.0000000000000000,0.0000000000000000,0.0000000000000000,1.0000000000000000
O door_3_part_2_INTERIOR_LCG_IL
A door_3_part_2_INTERIOR_LCG_IL_door_3_part_2_INTERIOR_LCG_IL
M 1.0000000000000000,0.0000000000000000,0.0000000000000000,0.0000000000000000,0.0000000000000000,1.0000000000000000,-0.0000000437113883,0.0000000000000000,-0.0000000000000000,0.0000000437113883,1.0000000000000000,-0.0000000000000000,0.0000000000000000,0.0000000000000000,0.0000000000000000,1.0000000000000000
M 1.0000000000000000,0.0000000000000000,0.0000000000000000,0.0000000000000000,0.0000000000000000,1.0000000000000000,-0.0000000437113883,0.0000000000000000,-0.0000000000000000,0.0000000437113883,1.0000000000000000,-0.0000000000000000,0.0000000000000000,0.0000000000000000,0.0000000000000000,1.0000000000000000
M 1.0000000000000000,0.0000000000000000,0.0000000000000000,0.0000000000000000,0.0000000000000000,1.0000000000000000,-0.0000000437113883,0.0000000000000000,-0.0000000000000000,0.0000000437113883,1.0000000000000000,-0.0000000000000000,0.0000000000000000,0.0000000000000000,0.0000000000000000,1.0000000000000000
M 1.0000000000000000,0.0000000000000000,0.0000000000000000,0.0000000000000000,0.0000000000000000,1.0000000000000000,-0.0000000437113883,0.0000000000000000,-0.0000000000000000,0.0000000437113883,1.0000000000000000,-0.0000000000000000,0.0000000000000000,0.0000000000000000,0.0000000000000000,1.0000000000000000
M 1.0000000000000000,0.0000000000000000,0.0000000000000000,0.0000000000000000,0.0000000000000000,1.0000000000000000,-0.0000000437113883,0.0000000000000000,-0.0000000000000000,0.0000000437113883,1.0000000000000000,-0.0000000000000000,0.0000000000000000,0.0000000000000000,0.0000000000000000,1.0000000000000000
M 1.0000000000000000,0.0000000000000000,0.0000000000000000,0.0000000000000000,0.0000000000000000,1.0000000000000000,-0.0000000437113883,0.0000000000000000,-0.0000000000000000,0.0000000437113883,1.0000000000000000,-0.0000000000000000,0.0000000000000000,0.0000000000000000,0.0000000000000000,1.0000000000000000
M 1.0000000000000000,0.0000000000000000,0.0000000000000000,0.0000000000000000,0.0000000000000000,1.0000000000000000,-0.0000000437113883,0.0000000000000000,-0.0000000000000000,0.0000000437113883,1.0000000000000000,-0.0000000000000000,0.0000000000000000,0.0000000000000000,0.0000000000000000,1.0000000000000000
M 1.0000000000000000,0.0000000000000000,0.0000000000000000,0.0000000000000000,0.0000000000000000,1.0000000000000000,-0.0000000437113883,0.0000000000000000,-0.0000000000000000,0.0000000437113883,1.0000000000000000,-0.0000000000000000,0.0000000000000000,0.0000000000000000,0.0000000000000000,1.0000000000000000
M 1.0000000000000000,0.0000000000000000,0.0000000000000000,0.0000000000000000,0.0000000000000000,1.0000000000000000,-0.0000000437113883,0.0000000000000000,-0.0000000000000000,0.0000000437113883,1.0000000000000000,-0.0000000000000000,0.0000000000000000,0.0000000000000000,0.0000000000000000,1.0000000000000000
M 1.0000000000000000,0.0000000000000000,0.0000000000000000,0.0000000000000000,0.0000000000000000,1.0000000000000000,-0.0000000437113883,0.0000000000000000,-0.0000000000000000,0.0000000437113883,1.0000000000000000,-0.0000000000000000,0.0000000000000000,0.0000000000000000,0.0000000000000000,1.0000000000000000
M 1.0000000000000000,0.0000000000000000,0.0000000000000000,0.0000000000000000,0.0000000000000000,1.0000000000000000,-0.0000000437113883,0.0000000000000000,-0.0000000000000000,0.0000000437113883,1.0000000000000000,-0.0000000000000000,0.0000000000000000,0.0000000000000000,0.0000000000000000,1.0000000000000000
M 0.9999814629554749,0.0000000002660554,0.0060866372659802,-0.0020507446024567,0.0000000000000000,1.0000000000000000,-0.0000000437113883,0.0000000000000000,-0.0060866372659802,0.0000000437105783,0.9999814629554749,0.0761150419712067,0.0000000000000000,0.0000000000000000,0.0000000000000000,1.0000000000000000
M 0.9997169375419617,0.0000000010399429,0.0237911213189363,-0.0053825797513127,0.0000000000000000,1.0000000000000000,-0.0000000437113883,0.0000000000000000,-0.0237911213189363,0.0000000436990142,0.9997169375419617,0.2975934147834778,0.0000000000000000,0.0000000000000000,0.0000000000000000,1.0000000000000000
M 0.9986332058906555,0.0000000022846300,0.0522662438452244,-0.0025090314447880,0.0000000000000000,1.0000000000000000,-0.0000000437113883,0.0000000000000000,-0.0522662438452244,0.0000000436516423,0.9986332058906555,0.6540564298629761,0.0000000000000000,0.0000000000000000,0.0000000000000000,1.0000000000000000
M 0.9958853125572205,0.0000000039612260,0.0906222909688950,0.0174673907458782,0.0000000000000000,1.0000000000000000,-0.0000000437113883,0.0000000000000000,-0.0906222909688950,0.0000000435315286,0.9958853125572205,1.1346958875656128,0.0000000000000000,0.0000000000000000,0.0000000000000000,1.0000000000000000
M 0.9904471635818481,0.0000000060274830,0.1378927379846573,0.0677398741245270,0.0000000000000000,1.0000000000000000,-0.0000000437113883,0.0000000000000000,-0.1378927379846573,0.0000000432938201,0.9904471635818481,1.7278108596801758,0.0000000000000000,0.0000000000000000,0.0000000000000000,1.0000000000000000
M 0.9811984300613403,0.0000000084363636,0.1930015087127686,0.1627214103937149,0.0000000000000000,1.0000000000000000,-0.0000000437113883,0.0000000000000000,-0.1930015087127686,0.0000000428895461,0.9811984300613403,2.4203662872314453,0.0000000000000000,0.0000000000000000,0.0000000000000000,1.0000000000000000
M 0.9670100808143616,0.0000000111349605,0.2547382116317749,0.3169831633567810,0.0000000000000000,1.0000000000000000,-0.0000000437113883,0.0000000000000000,-0.2547382116317749,0.0000000422693525,0.9670100808143616,3.1976509094238281,0.0000000000000000,0.0000000000000000,0.0000000000000000,1.0000000000000000
M 0.9468257427215576,0.0000000140639980,0.3217467665672302,0.5442429780960083,0.0000000000000000,1.0000000000000000,-0.0000000437113883,0.0000000000000000,-0.3217467665672302,0.0000000413870680,0.9468257427215576,4.0431036949157715,0.0000000000000000,0.0000000000000000,0.0000000000000000,1.0000000000000000
M 0.9197393059730530,0.0000000171580208,0.3925297558307648,0.8563910722732544,0.0000000000000000,1.0000000000000000,-0.0000000437113883,0.0000000000000000,-0.3925297558307648,0.0000000402030835,0.9197393059730530,4.9383401870727539,0.0000000000000000,0.0000000000000000,0.0000000000000000,1.0000000000000000
M 0.8850628733634949,0.0000000203464072,0.4654715359210968,1.2626373767852783,0.0000000000000000,1.0000000000000000,-0.0000000437113883,0.0000000000000000,-0.4654715359210968,0.0000000386873253,0.8850628733634949,5.8634176254272461,0.0000000000000000,0.0000000000000000,0.0000000000000000,1.0000000000000000
M 0.8423840999603271,0.0000000235550850,0.5388775467872620,1.7687710523605347,0.0000000000000000,1.0000000000000000,-0.0000000437113883,0.0000000000000000,-0.5388775467872620,0.0000000368217776,0.8423840999603271,6.7973003387451172,0.0000000000000000,0.0000000000000000,0.0000000000000000,1.0000000000000000
M 0.7916075587272644,0.0000000267089639,0.6110298633575439,2.3766303062438965,0.0000000000000000,1.0000000000000000,-0.0000000437113883,0.0000000000000000,-0.6110298633575439,0.0000000346022659,0.7916075587272644,7.7185440063476562,0.0000000000000000,0.0000000000000000,0.0000000000000000,1.0000000000000000
M 0.7329774498939514,0.0000000297348013,0.6802529692649841,3.0837895870208740,0.0000000000000000,1.0000000000000000,-0.0000000437113883,0.0000000000000000,-0.6802529692649841,0.0000000320394626,0.7329774498939514,8.6061048507690430,0.0000000000000000,0.0000000000000000,0.0000000000000000,1.0000000000000000
M 0.6670797467231750,0.0000000325643867,0.7449862957000732,3.8835084438323975,0.0000000000000000,1.0000000000000000,-0.0000000437113883,0.0000000000000000,-0.7449862957000732,0.0000000291589810,0.6670797467231750,9.4402503967285156,0.0000000000000000,0.0000000000000000,0.0000000000000000,1.0000000000000000
M 0.5948227643966675,0.0000000351376990,0.8038568496704102,4.7649426460266113,0.0000000000000000,1.0000000000000000,-0.0000000437113883,0.0000000000000000,-0.8038568496704102,0.0000000260005280,0.5948227643966675,10.2034711837768555,0.0000000000000000,0.0000000000000000,0.0000000000000000,1.0000000000000000
M 0.5173986554145813,0.0000000374057798,0.8557444810867310,5.7136058807373047,0.0000000000000000,1.0000000000000000,-0.0000000437113883,0.0000000000000000,-0.8557444810867310,0.0000000226162129,0.5173986554145813,10.8813152313232422,0.0000000000000000,0.0000000000000000,0.0000000000000000,1.0000000000000000
M 0.4362271130084991,0.0000000393331057,0.8998365998268127,6.7120504379272461,0.0000000000000000,1.0000000000000000,-0.0000000437113883,0.0000000000000000,-0.8998365998268127,0.0000000190680929,0.4362271130084991,11.4630889892578125,0.0000000000000000,0.0000000000000000,0.0000000000000000,1.0000000000000000
M 0.3528869748115540,0.0000000408992591,0.9356659650802612,7.7407107353210449,0.0000000000000000,1.0000000000000000,-0.0000000437113883,0.0000000000000000,-0.9356659650802612,0.0000000154251794,0.3528869748115540,11.9423551559448242,0.0000000000000000,0.0000000000000000,0.0000000000000000,1.0000000000000000
M 0.2690419852733612,0.0000000420996820,0.9631284475326538,8.7788209915161133,0.0000000000000000,1.0000000000000000,-0.0000000437113883,0.0000000000000000,-0.9631284475326538,0.0000000117601990,0.2690419852733612,12.3171920776367188,0.0000000000000000,0.0000000000000000,0.0000000000000000,1.0000000000000000
M 0.1863651871681213,0.0000000429455866,0.9824805259704590,9.8053646087646484,0.0000000000000000,1.0000000000000000,-0.0000000437113883,0.0000000000000000,-0.9824805259704590,0.0000000081462810,0.1863651871681213,12.5901765823364258,0.0000000000000000,0.0000000000000000,0.0000000000000000,1.0000000000000000
M 0.1064725443720818,0.0000000434629150,0.9943156242370605,10.7999143600463867,0.0000000000000000,1.0000000000000000,-0.0000000437113883,0.0000000000000000,-0.9943156242370605,0.0000000046540629,0.1064725443720818,12.7681236267089844,0.0000000000000000,0.0000000000000000,0.0000000000000000,1.0000000000000000
M 0.0308627504855394,0.0000000436905658,0.9995236396789551,11.7433967590332031,0.0000000000000000,1.0000000000000000,-0.0000000437113883,0.0000000000000000,-0.9995236396789551,0.0000000013490536,0.0308627504855394,12.8615989685058594,0.0000000000000000,0.0000000000000000,0.0000000000000000,1.0000000000000000
M -0.0391188412904739,0.0000000436779288,0.9992345571517944,12.6185636520385742,0.0000000000000000,1.0000000000000000,-0.0000000437113883,0.0000000000000000,-0.9992345571517944,-0.0000000017099389,-0.0391188412904739,12.8842277526855469,0.0000000000000000,0.0000000000000000,0.0000000000000000,1.0000000000000000
M -0.1023066267371178,0.0000000434820286,0.9947528839111328,13.4103527069091797,0.0000000000000000,1.0000000000000000,-0.0000000437113883,0.0000000000000000,-0.9947528839111328,-0.0000000044719646,-0.1023066267371178,12.8518838882446289,0.0000000000000000,0.0000000000000000,0.0000000000000000,1.0000000000000000
M -0.1577113419771194,0.0000000431643485,0.9874852299690247,14.1058654785156250,0.0000000000000000,1.0000000000000000,-0.0000000437113883,0.0000000000000000,-0.9874852299690247,-0.0000000068937815,-0.1577113419771194,12.7817850112915039,0.0000000000000000,0.0000000000000000,0.0000000000000000,1.0000000000000000
M -0.2045062184333801,0.0000000427875584,0.9788652658462524,14.6942272186279297,0.0000000000000000,1.0000000000000000,-0.0000000437113883,0.0000000000000000,-0.9788652658462524,-0.0000000089392511,-0.2045062184333801,12.6915473937988281,0.0000000000000000,0.0000000000000000,0.0000000000000000,1.0000000000000000
M -0.2419898808002472,0.0000000424122319,0.9702787995338440,15.1661481857299805,0.0000000000000000,1.0000000000000000,-0.0000000437113883,0.0000000000000000,-0.9702787995338440,-0.0000000105777138,-0.2419898808002472,12.5982379913330078,0.0000000000000000,0.0000000000000000,0.0000000000000000,1.0000000000000000
M -0.2695369720458984,0.0000000420936317,0.9629900455474854,15.5133333206176758,0.0000000000000000,1.0000000000000000,-0.0000000437113883,0.0000000000000000,-0.9629900455474854,-0.0000000117818351,-0.2695369720458984,12.5174283981323242,0.0000000000000000,0.0000000000000000,0.0000000000000000,1.0000000000000000
M -0.2865458428859711,0.0000000418784190,0.9580665230751038,15.7278614044189453,0.0000000000000000,1.0000000000000000,-0.0000000437113883,0.0000000000000000,-0.9580665230751038,-0.0000000125253168,-0.2865458428859711,12.4622421264648438,0.0000000000000000,0.0000000000000000,0.0000000000000000,1.0000000000000000
M -0.2923717498779297,0.0000000418014068,0.9563047289848328,15.8013696670532227,0.0000000000000000,1.0000000000000000,-0.0000000437113883,0.0000000000000000,-0.9563047289848328,-0.0000000127799753,-0.2923717498779297,12.4423971176147461,0.0000000000000000,0.0000000000000000,0.0000000000000000,1.0000000000000000
M -0.2923717498779297,0.0000000418014068,0.9563047289848328,15.8013696670532227,0.0000000000000000,1.0000000000000000,-0.0000000437113883,0.0000000000000000,-0.9563047289848328,-0.0000000127799753,-0.2923717498779297,12.4423971176147461,0.0000000000000000,0.0000000000000000,0.0000000000000000,1.0000000000000000
O door_3_part_3_INTERIOR_LCG_IL
A door_3_part_3_INTERIOR_LCG_IL_door_3_part_3_INTERIOR_LCG_IL
M 1.0000000000000000,0.0000000000000000,0.0000000000000000,0.0000000000000000,0.0000000000000000,1.0000000000000000,-0.0000000437113883,0.0000000000000000,-0.0000000000000000,0.0000000437113883,1.0000000000000000,-0.0000000000000000,0.0000000000000000,0.0000000000000000,0.0000000000000000,1.0000000000000000
M 1.0000000000000000,0.0000000000000000,0.0000000000000000,0.0000000000000000,0.0000000000000000,0.9998578429222107,-0.0168602224439383,-0.0043859705328941,-0.0000000000000000,0.0168602224439383,0.9998578429222107,-0.0422438271343708,0.0000000000000000,0.0000000000000000,0.0000000000000000,1.0000000000000000
M 1.0000000000000000,0.0000000000000000,0.0000000000000000,0.0000000000000000,0.0000000000000000,0.9980269074440002,-0.0627873465418816,-0.0127198640257120,-0.0000000000000000,0.0627873465418816,0.9980269074440002,-0.1577219665050507,0.0000000000000000,0.0000000000000000,0.0000000000000000,1.0000000000000000
M 1.0000000000000000,0.0000000000000000,0.0000000000000000,0.0000000000000000,0.0000000000000000,0.9914279580116272,-0.1306543499231339,-0.0152893587946892,-0.0000000000000000,0.1306543499231339,0.9914279580116272,-0.3294603228569031,0.0000000000000000,0.0000000000000000,0.0000000000000000,1.0000000000000000
M 1.0000000000000000,0.0000000000000000,0.0000000000000000,0.0000000000000000,0.0000000000000000,0.9771088957786560,-0.2127397954463959,-0.0025327764451504,-0.0000000000000000,0.2127397954463959,0.9771088957786560,-0.5389611124992371,0.0000000000000000,0.0000000000000000,0.0000000000000000,1.0000000000000000
M 1.0000000000000000,0.0000000000000000,0.0000000000000000,0.0000000000000000,0.0000000000000000,0.9537169933319092,-0.3007057607173920,0.0312804654240608,-0.0000000000000000,0.3007057607173920,0.9537169933319092,-0.7657335400581360,0.0000000000000000,0.0000000000000000,0.0000000000000000,1.0000000000000000
M 1.0000000000000000,0.0000000000000000,0.0000000000000000,0.0000000000000000,0.0000000000000000,0.9224233031272888,-0.3861804306507111,0.0855740755796432,-0.0000000000000000,0.3861804306507111,0.9224233031272888,-0.9884921908378601,0.0000000000000000,0.0000000000000000,0.0000000000000000,1.0000000000000000
M 1.0000000000000000,0.0000000000000000,0.0000000000000000,0.0000000000000000,0.0000000000000000,0.8870705366134644,-0.4616339802742004,0.1528465747833252,-0.0000000000000000,0.4616339802742004,0.8870705366134644,-1.1873079538345337,0.0000000000000000,0.0000000000000000,0.0000000000000000,1.0000000000000000
M 1.0000000000000000,0.0000000000000000,0.0000000000000000,0.0000000000000000,0.0000000000000000,0.8535491824150085,-0.5210123062133789,0.2200559228658676,-0.0000000000000000,0.5210123062133789,0.8535491824150085,-1.3453695774078369,0.0000000000000000,0.0000000000000000,0.0000000000000000,1.0000000000000000
M 1.0000000000000000,0.0000000000000000,0.0000000000000000,0.0000000000000000,0.0000000000000000,0.8287062048912048,-0.5596839189529419,0.2713655233383179,-0.0000000000000000,0.5596839189529419,0.8287062048912048,-1.4491580724716187,0.0000000000000000,0.0000000000000000,0.0000000000000000,1.0000000000000000
M 1.0000000000000000,0.0000000000000000,0.0000000000000000,0.0000000000000000,0.0000000000000000,0.8191520571708679,-0.5735765099525452,0.2913739979267120,-0.0000000000000000,0.5735765099525452,0.8191520571708679,-1.4866206645965576,0.0000000000000000,0.0000000000000000,0.0000000000000000,1.0000000000000000
M 0.9999814629554749,0.0034065928775817,0.0050440342165530,-0.0108708767220378,0.0000000000000000,0.8287062048912048,-0.5596839189529419,0.2713655233383179,-0.0060866372659802,0.5596735477447510,0.8286908268928528,-1.3730163574218750,0.0000000000000000,0.0000000000000000,0.0000000000000000,1.0000000000000000
M 0.9997169375419617,0.0123954666778445,0.0203068926930428,-0.0373901091516018,0.0000000000000000,0.8535491824150085,-0.5210123062133789,0.2200559228658676,-0.0237911213189363,0.5208648443222046,0.8533075451850891,-1.0473954677581787,0.0000000000000000,0.0000000000000000,0.0000000000000000,1.0000000000000000
M 0.9986332058906555,0.0241278745234013,0.0463638454675674,-0.0645652860403061,0.0000000000000000,0.8870705366134644,-0.4616339802742004,0.1528465747833252,-0.0522662438452244,0.4610030353069305,0.8858581185340881,-0.5316287279129028,0.0000000000000000,0.0000000000000000,0.0000000000000000,1.0000000000000000
M 0.9958853125572205,0.0349965468049049,0.0835921093821526,-0.0721122622489929,0.0000000000000000,0.9224233031272888,-0.3861803412437439,0.0855740979313850,-0.0906222909688950,0.3845913410186768,0.9186277985572815,0.1502712666988373,0.0000000000000000,0.0000000000000000,0.0000000000000000,1.0000000000000000
M 0.9904471635818481,0.0414651259779930,0.1315106451511383,-0.0378493145108223,0.0000000000000000,0.9537169933319092,-0.3007056415081024,0.0312805026769638,-0.1378927379846573,0.2978330552577972,0.9446063041687012,0.9693925380706787,0.0000000000000000,0.0000000000000000,0.0000000000000000,1.0000000000000000
M 0.9811984300613403,0.0410590842366219,0.1885834932327271,0.0587009079754353,0.0000000000000000,0.9771088957786560,-0.2127397209405899,-0.0025327540934086,-0.1930015087127686,0.2087398767471313,0.9587377309799194,1.8915386199951172,0.0000000000000000,0.0000000000000000,0.0000000000000000,1.0000000000000000
M 0.9670100808143616,0.0332826115190983,0.2525545954704285,0.2330576032400131,0.0000000000000000,0.9914280176162720,-0.1306541711091995,-0.0152893103659153,-0.2547382116317749,0.1263439059257507,0.9587208628654480,2.8790600299835205,0.0000000000000000,0.0000000000000000,0.0000000000000000,1.0000000000000000
M 0.9468257427215576,0.0202015470713377,0.3211119472980499,0.4934965968132019,0.0000000000000000,0.9980269670486450,-0.0627871006727219,-0.0127200335264206,-0.3217467665672302,0.0594484433531761,0.9449576139450073,3.8937690258026123,0.0000000000000000,0.0000000000000000,0.0000000000000000,1.0000000000000000
M 0.9197393059730530,0.0066180364228785,0.3924739658832550,0.8398091197013855,0.0000000000000000,0.9998578429222107,-0.0168599598109722,-0.0043858969584107,-0.3925297558307648,0.0155067685991526,0.9196085333824158,4.8994874954223633,0.0000000000000000,0.0000000000000000,0.0000000000000000,1.0000000000000000
M 0.8850628733634949,-0.0000000627508712,0.4654715657234192,1.2626376152038574,-0.0000000001531155,1.0000000000000000,0.0000001351025389,0.0000000522060368,-0.4654715657234192,-0.0000001196455059,0.8850628733634949,5.8634185791015625,0.0000000000000000,0.0000000000000000,0.0000000000000000,1.0000000000000000
M 0.8423840999603271,-0.0000000726747516,0.5388775467872620,1.7687710523605347,-0.0000000001531155,1.0000000000000000,0.0000001351025389,0.0000000522060368,-0.5388775467872620,-0.0000001138907493,0.8423840999603271,6.7973008155822754,0.0000000000000000,0.0000000000000000,0.0000000000000000,1.0000000000000000
M 0.7916075587272644,-0.0000000824304891,0.6110298633575439,2.3766303062438965,-0.0000000001531155,1.0000000000000000,0.0000001351025389,0.0000000522060368,-0.6110298633575439,-0.0000001070417426,0.7916075587272644,7.7185440063476562,0.0000000000000000,0.0000000000000000,0.0000000000000000,1.0000000000000000
M 0.7329774498939514,-0.0000000917916836,0.6802529692649841,3.0837900638580322,-0.0000000001531155,1.0000000000000000,0.0000001351025389,0.0000000522060368,-0.6802529692649841,-0.0000000991312703,0.7329774498939514,8.6061048507690430,0.0000000000000000,0.0000000000000000,0.0000000000000000,1.0000000000000000
M 0.6670797467231750,-0.0000001005474104,0.7449862957000732,3.8835086822509766,-0.0000000001531155,1.0000000000000000,0.0000001351025389,0.0000000522060368,-0.7449862957000732,-0.0000000902382453,0.6670797467231750,9.4402503967285156,0.0000000000000000,0.0000000000000000,0.0000000000000000,1.0000000000000000
M 0.5948227643966675,-0.0000001085120260,0.8038568496704102,4.7649435997009277,-0.0000000001531155,1.0000000000000000,0.0000001351025389,0.0000000522060368,-0.8038568496704102,-0.0000000804851510,0.5948227643966675,10.2034711837768555,0.0000000000000000,0.0000000000000000,0.0000000000000000,1.0000000000000000
M 0.5173986554145813,-0.0000001155340357,0.8557444810867310,5.7136063575744629,-0.0000000001531155,1.0000000000000000,0.0000001351025389,0.0000000522060368,-0.8557444810867310,-0.0000000700329039,0.5173986554145813,10.8813152313232422,0.0000000000000000,0.0000000000000000,0.0000000000000000,1.0000000000000000
M 0.4362270832061768,-0.0000001215034331,0.8998365998268127,6.7120509147644043,-0.0000000001531155,1.0000000000000000,0.0000001351025389,0.0000000522060368,-0.8998365998268127,-0.0000000590731730,0.4362270832061768,11.4630889892578125,0.0000000000000000,0.0000000000000000,0.0000000000000000,1.0000000000000000
M 0.3528869450092316,-0.0000001263568095,0.9356659650802612,7.7407116889953613,-0.0000000001531155,1.0000000000000000,0.0000001351025389,0.0000000522060368,-0.9356659650802612,-0.0000000478191922,0.3528869450092316,11.9423551559448242,0.0000000000000000,0.0000000000000000,0.0000000000000000,1.0000000000000000
M 0.2690419554710388,-0.0000001300798971,0.9631284475326538,8.7788209915161133,-0.0000000001531155,1.0000000000000000,0.0000001351025389,0.0000000522060368,-0.9631284475326538,-0.0000000364957238,0.2690419554710388,12.3171920776367188,0.0000000000000000,0.0000000000000000,0.0000000000000000,1.0000000000000000
M 0.1863651573657990,-0.0000001327070862,0.9824805259704590,9.8053655624389648,-0.0000000001531155,1.0000000000000000,0.0000001351025389,0.0000000522060368,-0.9824805259704590,-0.0000000253288412,0.1863651573657990,12.5901765823364258,0.0000000000000000,0.0000000000000000,0.0000000000000000,1.0000000000000000
M 0.1064725145697594,-0.0000001343182703,0.9943156242370605,10.7999162673950195,-0.0000000001531155,1.0000000000000000,0.0000001351025389,0.0000000522060368,-0.9943156242370605,-0.0000000145369530,0.1064725145697594,12.7681236267089844,0.0000000000000000,0.0000000000000000,0.0000000000000000,1.0000000000000000
M 0.0308627225458622,-0.0000001350334600,0.9995236396789551,11.7433977127075195,-0.0000000001531155,1.0000000000000000,0.0000001351025389,0.0000000522060368,-0.9995236396789551,-0.0000000043226751,0.0308627225458622,12.8615989685058594,0.0000000000000000,0.0000000000000000,0.0000000000000000,1.0000000000000000
M -0.0391188673675060,-0.0000001350051093,0.9992345571517944,12.6185646057128906,-0.0000000001531155,1.0000000000000000,0.0000001351025389,0.0000000522060368,-0.9992345571517944,0.0000000051320601,-0.0391188673675060,12.8842277526855469,0.0000000000000000,0.0000000000000000,0.0000000000000000,1.0000000000000000
M -0.1023066565394402,-0.0000001344093050,0.9947528839111328,13.4103527069091797,-0.0000000001531155,1.0000000000000000,0.0000001351025389,0.0000000522060368,-0.9947528839111328,0.0000000136695775,-0.1023066565394402,12.8518829345703125,0.0000000000000000,0.0000000000000000,0.0000000000000000,1.0000000000000000
M -0.1577113717794418,-0.0000001334359183,0.9874852299690247,14.1058664321899414,-0.0000000001531155,1.0000000000000000,0.0000001351025389,0.0000000522060368,-0.9874852299690247,0.0000000211560085,-0.1577113717794418,12.7817850112915039,0.0000000000000000,0.0000000000000000,0.0000000000000000,1.0000000000000000
M -0.2045062482357025,-0.0000001322785010,0.9788652658462524,14.6942281723022461,-0.0000000001531155,1.0000000000000000,0.0000001351025389,0.0000000522060368,-0.9788652658462524,0.0000000274794338,-0.2045062482357025,12.6915473937988281,0.0000000000000000,0.0000000000000000,0.0000000000000000,1.0000000000000000
M -0.2419899106025696,-0.0000001311241817,0.9702787995338440,15.1661481857299805,-0.0000000001531155,1.0000000000000000,0.0000001351025389,0.0000000522060368,-0.9702787995338440,0.0000000325448895,-0.2419899106025696,12.5982379913330078,0.0000000000000000,0.0000000000000000,0.0000000000000000,1.0000000000000000
M -0.2695370018482208,-0.0000001301436754,0.9629900455474854,15.5133342742919922,-0.0000000001531155,1.0000000000000000,0.0000001351025389,0.0000000522060368,-0.9629900455474854,0.0000000362676857,-0.2695370018482208,12.5174283981323242,0.0000000000000000,0.0000000000000000,0.0000000000000000,1.0000000000000000
M -0.2865458726882935,-0.0000001294810943,0.9580665230751038,15.7278623580932617,-0.0000000001531155,1.0000000000000000,0.0000001351025389,0.0000000522060368,-0.9580665230751038,0.0000000385663768,-0.2865458726882935,12.4622421264648438,0.0000000000000000,0.0000000000000000,0.0000000000000000,1.0000000000000000
M -0.2923717796802521,-0.0000001292439720,0.9563047289848328,15.8013696670532227,-0.0000000001531155,1.0000000000000000,0.0000001351025389,0.0000000522060368,-0.9563047289848328,0.0000000393537434,-0.2923717796802521,12.4423971176147461,0.0000000000000000,0.0000000000000000,0.0000000000000000,1.0000000000000000
M -0.2923717796802521,-0.0000001292439720,0.9563047289848328,15.8013696670532227,-0.0000000001531155,1.0000000000000000,0.0000001351025389,0.0000000522060368,-0.9563047289848328,0.0000000393537434,-0.2923717796802521,12.4423971176147461,0.0000000000000000,0.0000000000000000,0.0000000000000000,1.0000000000000000
O door_3_part_1
A door_3_part_1_door_3_part_1
M 1.0000000000000000,0.0000000000000000,0.0000000000000000,0.0000000000000000,0.0000000000000000,1.0000000000000000,-0.0000000437113883,0.0000000000000000,-0.0000000000000000,0.0000000437113883,1.0000000000000000,-0.0000000000000000,0.0000000000000000,0.0000000000000000,0.0000000000000000,1.0000000000000000
