O DOOR_11_TOGGLE_INTERIOR_LCG_IL_CG_ID2_mvp_dr1a_motorhead
A DOOR_11_TOGGLE_INTERIOR_LCG_IL_CG_ID2_mvp_dr1a_motorhead_DOOR_11_TOGGLE_INTERIOR_LCG_IL_CG_ID2_mvp_dr1a_motorhead
M 1.0000000000000000,0.0000000000000000,0.0000000000000000,0.0000000000000000,0.0000000000000000,1.0000000000000000,-0.0000000437113883,0.0000000000000000,-0.0000000000000000,0.0000000437113883,1.0000000000000000,-0.0000000000000000,0.0000000000000000,0.0000000000000000,0.0000000000000000,1.0000000000000000
M 1.0000000000000000,0.0000000000000000,0.0000000000000000,0.0000000000000000,0.0000000000000000,1.0000000000000000,-0.0000000437113883,0.0000000000000000,-0.0000000000000000,0.0000000437113883,1.0000000000000000,-0.0000000000000000,0.0000000000000000,0.0000000000000000,0.0000000000000000,1.0000000000000000
M 1.0000000000000000,0.0000000000000000,0.0000000000000000,0.0000000000000000,0.0000000000000000,1.0000000000000000,-0.0000000437113883,0.0000000000000000,-0.0000000000000000,0.0000000437113883,1.0000000000000000,-0.0000000000000000,0.0000000000000000,0.0000000000000000,0.0000000000000000,1.0000000000000000
M 1.0000000000000000,0.0000000000000000,0.0000000000000000,0.0000000000000000,0.0000000000000000,1.0000000000000000,-0.0000000437113883,0.0000000000000000,-0.0000000000000000,0.0000000437113883,1.0000000000000000,-0.0000000000000000,0.0000000000000000,0.0000000000000000,0.0000000000000000,1.0000000000000000
M 1.0000000000000000,0.0000000000000000,0.0000000000000000,0.0000000000000000,0.0000000000000000,1.0000000000000000,-0.0000000437113883,0.0000000000000000,-0.0000000000000000,0.0000000437113883,1.0000000000000000,-0.0000000000000000,0.0000000000000000,0.0000000000000000,0.0000000000000000,1.0000000000000000
M 1.0000000000000000,0.0000000000000000,0.0000000000000000,0.0000000000000000,0.0000000000000000,1.0000000000000000,-0.0000000437113883,0.0000000000000000,-0.0000000000000000,0.0000000437113883,1.0000000000000000,-0.0000000000000000,0.0000000000000000,0.0000000000000000,0.0000000000000000,1.0000000000000000
M 1.0000000000000000,0.0000000000000000,0.0000000000000000,0.0000000000000000,0.0000000000000000,1.0000000000000000,-0.0000000437113883,0.0000000000000000,-0.0000000000000000,0.0000000437113883,1.0000000000000000,-0.0000000000000000,0.0000000000000000,0.0000000000000000,0.0000000000000000,1.0000000000000000
M 1.0000000000000000,0.0000000000000000,0.0000000000000000,0.0000000000000000,0.0000000000000000,1.0000000000000000,-0.0000000437113883,0.0000000000000000,-0.0000000000000000,0.0000000437113883,1.0000000000000000,-0.0000000000000000,0.0000000000000000,0.0000000000000000,0.0000000000000000,1.0000000000000000
M 1.0000000000000000,0.0000000000000000,0.0000000000000000,0.0000000000000000,0.0000000000000000,1.0000000000000000,-0.0000000437113883,0.0000000000000000,-0.0000000000000000,0.0000000437113883,1.0000000000000000,-0.0000000000000000,0.0000000000000000,0.0000000000000000,0.0000000000000000,1.0000000000000000
M 1.0000000000000000,0.0000000000000000,0.0000000000000000,0.0000000000000000,0.0000000000000000,1.0000000000000000,-0.0000000437113883,0.0000000000000000,-0.0000000000000000,0.0000000437113883,1.0000000000000000,-0.0000000000000000,0.0000000000000000,0.0000000000000000,0.0000000000000000,1.0000000000000000
M 1.0000000000000000,0.0000000000000000,0.0000000000000000,0.0000000000000000,0.0000000000000000,1.0000000000000000,-0.0000000437113883,0.0000000000000000,-0.0000000000000000,0.0000000437113883,1.0000000000000000,-0.0000000000000000,0.0000000000000000,0.0000000000000000,0.0000000000000000,1.0000000000000000
M 0.9999831914901733,-0.0000000002536230,-0.0058022188022733,-0.0076521299779415,0.0000000000000000,1.0000000000000000,-0.0000000437113883,0.0000000000000000,0.0058022188022733,0.0000000437106529,0.9999831914901733,0.0126463398337364,0.0000000000000000,0.0000000000000000,0.0000000000000000,1.0000000000000000
M 0.9997428059577942,-0.0000000009913560,-0.0226795822381973,-0.0303284320980310,0.0000000000000000,1.0000000000000000,-0.0000000437113883,0.0000000000000000,0.0226795822381973,0.0000000437001475,0.9997428059577942,0.0491803325712681,0.0000000000000000,0.0000000000000000,0.0000000000000000,1.0000000000000000
M 0.9987578988075256,-0.0000000021779623,-0.0498259700834751,-0.0681086108088493,0.0000000000000000,1.0000000000000000,-0.0000000437113883,0.0000000000000000,0.0498259700834751,0.0000000436570957,0.9987578988075256,0.1071582511067390,0.0000000000000000,0.0000000000000000,0.0000000000000000,1.0000000000000000
M 0.9962606430053711,-0.0000000037765955,-0.0863984376192093,-0.1215623766183853,0.0000000000000000,1.0000000000000000,-0.0000000437113883,0.0000000000000000,0.0863984376192093,0.0000000435479350,0.9962606430053711,0.1837318390607834,0.0000000000000000,0.0000000000000000,0.0000000000000000,1.0000000000000000
M 0.9913178086280823,-0.0000000057475007,-0.1314874887466431,-0.1915337890386581,0.0000000000000000,1.0000000000000000,-0.0000000437113883,0.0000000000000000,0.1314874887466431,0.0000000433318768,0.9913178086280823,0.2756905853748322,0.0000000000000000,0.0000000000000000,0.0000000000000000,1.0000000000000000
M 0.9829096794128418,-0.0000000080467686,-0.1840886026620865,-0.2789307534694672,0.0000000000000000,1.0000000000000000,-0.0000000437113883,0.0000000000000000,0.1840886026620865,0.0000000429643450,0.9829096794128418,0.3795026242733002,0.0000000000000000,0.0000000000000000,0.0000000000000000,1.0000000000000000
M 0.9700060486793518,-0.0000000106254010,-0.2430808395147324,-0.3845315277576447,0.0000000000000000,1.0000000000000000,-0.0000000437113883,0.0000000000000000,0.2430808395147324,0.0000000424003126,0.9700060486793518,0.4913684725761414,0.0000000000000000,0.0000000000000000,0.0000000000000000,1.0000000000000000
M 0.9516396522521973,-0.0000000134288571,-0.3072164356708527,-0.5088102817535400,0.0000000000000000,1.0000000000000000,-0.0000000437113883,0.0000000000000000,0.3072164356708527,0.0000000415974917,0.9516396522521973,0.6072943210601807,0.0000000000000000,0.0000000000000000,0.0000000000000000,1.0000000000000000
M 0.9269744753837585,-0.0000000163972089,-0.3751243948936462,-0.6517925262451172,0.0000000000000000,1.0000000000000000,-0.0000000437113883,0.0000000000000000,0.3751243948936462,0.0000000405193425,0.9269744753837585,0.7231895327568054,0.0000000000000000,0.0000000000000000,0.0000000000000000,1.0000000000000000
M 0.8953665494918823,-0.0000000194659879,-0.4453299045562744,-0.8129492402076721,0.0000000000000000,1.0000000000000000,-0.0000000437113883,0.0000000000000000,0.4453299045562744,0.0000000391377135,0.8953665494918823,0.8349887132644653,0.0000000000000000,0.0000000000000000,0.0000000000000000,1.0000000000000000
M 0.8564152717590332,-0.0000000225676455,-0.5162875652313232,-0.9911261796951294,0.0000000000000000,1.0000000000000000,-0.0000000437113883,0.0000000000000000,0.5162875652313232,0.0000000374351004,0.8564152717590332,0.9387921094894409,0.0000000000000000,0.0000000000000000,0.0000000000000000,1.0000000000000000
M 0.8100006580352783,-0.0000000256336232,-0.5864289402961731,-1.1845271587371826,0.0000000000000000,1.0000000000000000,-0.0000000437113883,0.0000000000000000,0.5864289402961731,0.0000000354062522,0.8100006580352783,1.0310175418853760,0.0000000000000000,0.0000000000000000,0.0000000000000000,1.0000000000000000
M 0.7563052773475647,-0.0000000285968138,-0.6542188525199890,-1.3907382488250732,0.0000000000000000,1.0000000000000000,-0.0000000437113883,0.0000000000000000,0.6542188525199890,0.0000000330591554,0.7563052773475647,1.1085528135299683,0.0000000000000000,0.0000000000000000,0.0000000000000000,1.0000000000000000
M 0.6958180665969849,-0.0000000313943112,-0.7182180881500244,-1.6068032979965210,0.0000000000000000,1.0000000000000000,-0.0000000437113883,0.0000000000000000,0.7182180881500244,0.0000000304151726,0.6958180665969849,1.1688973903656006,0.0000000000000000,0.0000000000000000,0.0000000000000000,1.0000000000000000
M 0.6293203830718994,-0.0000000339701280,-0.7771459817886353,-1.8293352127075195,0.0000000000000000,1.0000000000000000,-0.0000000437113883,0.0000000000000000,0.7771459817886353,0.0000000275084684,0.6293203830718994,1.2102806568145752,0.0000000000000000,0.0000000000000000,0.0000000000000000,1.0000000000000000
M 0.5578544139862061,-0.0000000362777790,-0.8299388289451599,-2.0546627044677734,0.0000000000000000,1.0000000000000000,-0.0000000437113883,0.0000000000000000,0.8299388289451599,0.0000000243845903,0.5578544139862061,1.2317478656768799,0.0000000000000000,0.0000000000000000,0.0000000000000000,1.0000000000000000
M 0.4826779365539551,-0.0000000382823444,-0.8757979273796082,-2.2789907455444336,0.0000000000000000,1.0000000000000000,-0.0000000437113883,0.0000000000000000,0.8757979273796082,0.0000000210985220,0.4826779365539551,1.2332060337066650,0.0000000000000000,0.0000000000000000,0.0000000000000000,1.0000000000000000
M 0.4052053987979889,-0.0000000399620745,-0.9142256975173950,-2.4985785484313965,0.0000000000000000,1.0000000000000000,-0.0000000437113883,0.0000000000000000,0.9142256975173950,0.0000000177120913,0.4052053987979889,1.2154254913330078,0.0000000000000000,0.0000000000000000,0.0000000000000000,1.0000000000000000
M 0.3269466459751129,-0.0000000413091321,-0.9450427889823914,-2.7098937034606934,0.0000000000000000,1.0000000000000000,-0.0000000437113883,0.0000000000000000,0.9450427889823914,0.0000000142912917,0.3269466459751129,1.1799958944320679,0.0000000000000000,0.0000000000000000,0.0000000000000000,1.0000000000000000
M 0.2494409680366516,-0.0000000423296704,-0.9683899879455566,-2.9097604751586914,0.0000000000000000,1.0000000000000000,-0.0000000437113883,0.0000000000000000,0.9683899879455566,0.0000000109034106,0.2494409680366516,1.1292452812194824,0.0000000000000000,0.0000000000000000,0.0000000000000000,1.0000000000000000
M 0.1741981953382492,-0.0000000430430696,-0.9847106337547302,-3.0954642295837402,0.0000000000000000,1.0000000000000000,-0.0000000437113883,0.0000000000000000,0.9847106337547302,0.0000000076144451,0.1741981953382492,1.0661231279373169,0.0000000000000000,0.0000000000000000,0.0000000000000000,1.0000000000000000
M 0.1026459187269211,-0.0000000434805045,-0.9947179555892944,-3.2648239135742188,0.0000000000000000,1.0000000000000000,-0.0000000437113883,0.0000000000000000,0.9947179555892944,0.0000000044867958,0.1026459187269211,0.9940606355667114,0.0000000000000000,0.0000000000000000,0.0000000000000000,1.0000000000000000
M 0.0360933355987072,-0.0000000436829062,-0.9993484020233154,-3.4162104129791260,0.0000000000000000,1.0000000000000000,-0.0000000437113883,0.0000000000000000,0.9993484020233154,0.0000000015776898,0.0360933355987072,0.9168202280998230,0.0000000000000000,0.0000000000000000,0.0000000000000000,1.0000000000000000
M -0.0242926254868507,-0.0000000436984884,-0.9997048974037170,-3.5485234260559082,0.0000000000000000,1.0000000000000000,-0.0000000437113883,0.0000000000000000,0.9997048974037170,-0.0000000010618644,-0.0242926254868507,0.8383420705795288,0.0000000000000000,0.0000000000000000,0.0000000000000000,1.0000000000000000
M -0.0774923563003540,-0.0000000435799450,-0.9969929456710815,-3.6611185073852539,0.0000000000000000,1.0000000000000000,-0.0000000437113883,0.0000000000000000,0.9969929456710815,-0.0000000033872984,-0.0774923563003540,0.7625960707664490,0.0000000000000000,0.0000000000000000,0.0000000000000000,1.0000000000000000
M -0.1226236671209335,-0.0000000433815082,-0.9924532175064087,-3.7536985874176025,0.0000000000000000,1.0000000000000000,-0.0000000437113883,0.0000000000000000,0.9924532175064087,-0.0000000053600506,-0.1226236671209335,0.6934493780136108,0.0000000000000000,0.0000000000000000,0.0000000000000000,1.0000000000000000
M -0.1589164286851883,-0.0000000431559073,-0.9872920513153076,-3.8261651992797852,0.0000000000000000,1.0000000000000000,-0.0000000437113883,0.0000000000000000,0.9872920513153076,-0.0000000069464576,-0.1589164286851883,0.6345462799072266,0.0000000000000000,0.0000000000000000,0.0000000000000000,1.0000000000000000
M -0.1856742203235626,-0.0000000429513065,-0.9826113581657410,-3.8784437179565430,0.0000000000000000,1.0000000000000000,-0.0000000437113883,0.0000000000000000,0.9826113581657410,-0.0000000081160776,-0.1856742203235626,0.5892071127891541,0.0000000000000000,0.0000000000000000,0.0000000000000000,1.0000000000000000
M -0.2022327929735184,-0.0000000428081997,-0.9793374538421631,-3.9103002548217773,0.0000000000000000,1.0000000000000000,-0.0000000437113883,0.0000000000000000,0.9793374538421631,-0.0000000088398764,-0.2022327929735184,0.5603257417678833,0.0000000000000000,0.0000000000000000,0.0000000000000000,1.0000000000000000
M -0.2079117447137833,-0.0000000427561879,-0.9781475663185120,-3.9211378097534180,0.0000000000000000,1.0000000000000000,-0.0000000437113883,0.0000000000000000,0.9781475663185120,-0.0000000090881107,-0.2079117447137833,0.5502742528915405,0.0000000000000000,0.0000000000000000,0.0000000000000000,1.0000000000000000
M -0.2079117447137833,-0.0000000427561879,-0.9781475663185120,-3.9211378097534180,0.0000000000000000,1.0000000000000000,-0.0000000437113883,0.0000000000000000,0.9781475663185120,-0.0000000090881107,-0.2079117447137833,0.5502742528915405,0.0000000000000000,0.0000000000000000,0.0000000000000000,1.0000000000000000
O door_11_part_1_INTERIOR_LCG_IL
A door_11_part_1_INTERIOR_LCG_IL_door_11_part_1_INTERIOR_LCG_IL
M 1.0000000000000000,0.0000000000000000,0.0000000000000000,0.0000000000000000,0.0000000000000000,1.0000000000000000,-0.0000000437113883,0.0000000000000000,-0.0000000000000000,0.0000000437113883,1.0000000000000000,-0.0000000000000000,0.0000000000000000,0.0000000000000000,0.0000000000000000,1.0000000000000000
M 1.0000000000000000,0.0000000000000000,0.0000000000000000,0.0000000000000000,0.0000000000000000,0.9998537302017212,0.0171033497899771,0.0115903168916702,-0.0000000000000000,-0.0171033497899771,0.9998537302017212,0.0427166707813740,0.0000000000000000,0.0000000000000000,0.0000000000000000,1.0000000000000000
M 1.0000000000000000,0.0000000000000000,0.0000000000000000,0.0000000000000000,0.0000000000000000,0.9979826211929321,0.0634872019290924,0.0467134639620781,-0.0000000000000000,-0.0634872019290924,0.9979826211929321,0.1575952470302582,0.0000000000000000,0.0000000000000000,0.0000000000000000,1.0000000000000000
M 1.0000000000000000,0.0000000000000000,0.0000000000000000,0.0000000000000000,0.0000000000000000,0.9913076162338257,0.1315643042325974,0.1080976948142052,-0.0000000000000000,-0.1315643042325974,0.9913076162338257,0.3236230313777924,0.0000000000000000,0.0000000000000000,0.0000000000000000,1.0000000000000000
M 1.0000000000000000,0.0000000000000000,0.0000000000000000,0.0000000000000000,0.0000000000000000,0.9769711494445801,0.2133713513612747,0.1976701170206070,-0.0000000000000000,-0.2133713513612747,0.9769711494445801,0.5189913511276245,0.0000000000000000,0.0000000000000000,0.0000000000000000,1.0000000000000000
M 1.0000000000000000,0.0000000000000000,0.0000000000000000,0.0000000000000000,0.0000000000000000,0.9537169337272644,0.3007057309150696,0.3131924867630005,-0.0000000000000000,-0.3007057309150696,0.9537169337272644,0.7223432064056396,0.0000000000000000,0.0000000000000000,0.0000000000000000,1.0000000000000000
M 1.0000000000000000,0.0000000000000000,0.0000000000000000,0.0000000000000000,0.0000000000000000,0.9226727485656738,0.3855839371681213,0.4466025531291962,-0.0000000000000000,-0.3855839371681213,0.9226727485656738,0.9144347310066223,0.0000000000000000,0.0000000000000000,0.0000000000000000,1.0000000000000000
M 1.0000000000000000,0.0000000000000000,0.0000000000000000,0.0000000000000000,0.0000000000000000,0.8874939084053040,0.4608194231987000,0.5840343236923218,-0.0000000000000000,-0.4608194231987000,0.8874939084053040,1.0796755552291870,0.0000000000000000,0.0000000000000000,0.0000000000000000,1.0000000000000000
M 1.0000000000000000,0.0000000000000000,0.0000000000000000,0.0000000000000000,0.0000000000000000,0.8539143204689026,0.5204135179519653,0.7071981430053711,-0.0000000000000000,-0.5204135179519653,0.8539143204689026,1.2068128585815430,0.0000000000000000,0.0000000000000000,0.0000000000000000,1.0000000000000000
M 1.0000000000000000,0.0000000000000000,0.0000000000000000,0.0000000000000000,0.0000000000000000,0.8288423418998718,0.5594822168350220,0.7955964207649231,-0.0000000000000000,-0.5594822168350220,0.8288423418998718,1.2881548404693604,0.0000000000000000,0.0000000000000000,0.0000000000000000,1.0000000000000000
M 1.0000000000000000,0.0000000000000000,0.0000000000000000,0.0000000000000000,0.0000000000000000,0.8191520571708679,0.5735763907432556,0.8291021585464478,-0.0000000000000000,-0.5735763907432556,0.8191520571708679,1.3170757293701172,0.0000000000000000,0.0000000000000000,0.0000000000000000,1.0000000000000000
M 0.9999831914901733,0.0032462379895151,-0.0048091243952513,-0.0151261240243912,0.0000000000000000,0.8288423418998718,0.5594821572303772,0.7955963611602783,0.0058022188022733,-0.5594727396965027,0.8288283944129944,1.3007794618606567,0.0000000000000000,0.0000000000000000,0.0000000000000000,1.0000000000000000
M 0.9997428059577942,0.0118027627468109,-0.0193664208054543,-0.0576984919607639,0.0000000000000000,0.8539143204689026,0.5204135775566101,0.7071982026100159,0.0226795822381973,-0.5202797055244446,0.8536946773529053,1.2556830644607544,0.0000000000000000,0.0000000000000000,0.0000000000000000,1.0000000000000000
M 0.9987578988075256,0.0229607764631510,-0.0442202463746071,-0.1219043582677841,0.0000000000000000,0.8874939084053040,0.4608194530010223,0.5840343236923218,0.0498259700834751,-0.4602470695972443,0.8863915801048279,1.1854927539825439,0.0000000000000000,0.0000000000000000,0.0000000000000000,1.0000000000000000
M 0.9962606430053711,0.0333138480782509,-0.0797174870967865,-0.2005681693553925,0.0000000000000000,0.9226727485656738,0.3855839371681213,0.4466025531291962,0.0863984376192093,-0.3841421008110046,0.9192225337028503,1.0947471857070923,0.0000000000000000,0.0000000000000000,0.0000000000000000,1.0000000000000000
M 0.9913178086280823,0.0395390391349792,-0.1254018545150757,-0.2865129113197327,0.0000000000000000,0.9537169933319092,0.3007057011127472,0.3131922483444214,0.1314874887466431,-0.2980949282646179,0.9454366564750671,0.9917622804641724,0.0000000000000000,0.0000000000000000,0.0000000000000000,1.0000000000000000
M 0.9829096794128418,0.0392792411148548,-0.1798492521047592,-0.3744711279869080,0.0000000000000000,0.9769711494445801,0.2133713811635971,0.1976701319217682,0.1840886026620865,-0.2097247987985611,0.9602743983268738,0.8896243572235107,0.0000000000000000,0.0000000000000000,0.0000000000000000,1.0000000000000000
M 0.9700060486793518,0.0319807492196560,-0.2409678846597672,-0.4631980657577515,0.0000000000000000,0.9913076162338257,0.1315642595291138,0.1080976650118828,0.2430808395147324,-0.1276181191205978,0.9615743756294250,0.8052847385406494,0.0000000000000000,0.0000000000000000,0.0000000000000000,1.0000000000000000
M 0.9516396522521973,0.0195042919367552,-0.3065966963768005,-0.5572261214256287,0.0000000000000000,0.9979826807975769,0.0634871348738670,0.0467131808400154,0.3072164356708527,-0.0604168772697449,0.9497199058532715,0.7572680711746216,0.0000000000000000,0.0000000000000000,0.0000000000000000,1.0000000000000000
M 0.9269744753837585,0.0064158765599132,-0.3750695288181305,-0.6678165197372437,0.0000000000000000,0.9998537302017212,0.0171033311635256,0.0115903038531542,0.3751243948936462,-0.0158543493598700,0.9268388748168945,0.7627867460250854,0.0000000000000000,0.0000000000000000,0.0000000000000000,1.0000000000000000
M 0.8953665494918823,-0.0000000216263949,-0.4453299343585968,-0.8129491209983826,0.0000000024128728,1.0000000000000000,-0.0000000437113883,0.0000000052681979,0.4453299343585968,0.0000000380631882,0.8953665494918823,0.8349890112876892,0.0000000000000000,0.0000000000000000,0.0000000000000000,1.0000000000000000
M 0.8564152717590332,-0.0000000246340672,-0.5162875652313232,-0.9911260008811951,0.0000000024128728,1.0000000000000000,-0.0000000437113883,0.0000000052681979,0.5162875652313232,0.0000000361893626,0.8564152717590332,0.9387920498847961,0.0000000000000000,0.0000000000000000,0.0000000000000000,1.0000000000000000
M 0.8100006580352783,-0.0000000275880510,-0.5864289402961731,-1.1845270395278931,0.0000000024128728,1.0000000000000000,-0.0000000437113883,0.0000000052681979,0.5864289402961731,0.0000000339912738,0.8100006580352783,1.0310175418853760,0.0000000000000000,0.0000000000000000,0.0000000000000000,1.0000000000000000
M 0.7563052773475647,-0.0000000304216812,-0.6542188525199890,-1.3907382488250732,0.0000000024128728,1.0000000000000000,-0.0000000437113883,0.0000000052681979,0.6542188525199890,0.0000000314806101,0.7563052773475647,1.1085526943206787,0.0000000000000000,0.0000000000000000,0.0000000000000000,1.0000000000000000
M 0.6958180665969849,-0.0000000330732313,-0.7182180881500244,-1.6068032979965210,0.0000000024128728,1.0000000000000000,-0.0000000437113883,0.0000000052681979,0.7182180881500244,0.0000000286822033,0.6958180665969849,1.1688975095748901,0.0000000000000000,0.0000000000000000,0.0000000000000000,1.0000000000000000
M 0.6293203830718994,-0.0000000354885970,-0.7771459817886353,-1.8293352127075195,0.0000000024128728,1.0000000000000000,-0.0000000437113883,0.0000000052681979,0.7771459817886353,0.0000000256333141,0.6293203830718994,1.2102806568145752,0.0000000000000000,0.0000000000000000,0.0000000000000000,1.0000000000000000
M 0.5578544139862061,-0.0000000376238098,-0.8299388289451599,-2.0546627044677734,0.0000000024128728,1.0000000000000000,-0.0000000437113883,0.0000000052681979,0.8299388289451599,0.0000000223820535,0.5578544139862061,1.2317478656768799,0.0000000000000000,0.0000000000000000,0.0000000000000000,1.0000000000000000
M 0.4826779067516327,-0.0000000394469843,-0.8757979273796082,-2.2789907455444336,0.0000000024128728,1.0000000000000000,-0.0000000437113883,0.0000000052681979,0.8757979273796082,0.0000000189853324,0.4826779067516327,1.2332060337066650,0.0000000000000000,0.0000000000000000,0.0000000000000000,1.0000000000000000
M 0.4052053689956665,-0.0000000409397849,-0.9142256975173950,-2.4985785484313965,0.0000000024128728,1.0000000000000000,-0.0000000437113883,0.0000000052681979,0.9142256975173950,0.0000000155061795,0.4052053689956665,1.2154253721237183,0.0000000000000000,0.0000000000000000,0.0000000000000000,1.0000000000000000
M 0.3269466161727905,-0.0000000420980122,-0.9450427889823914,-2.7098939418792725,0.0000000024128728,1.0000000000000000,-0.0000000437113883,0.0000000052681979,0.9450427889823914,0.0000000120110233,0.3269466161727905,1.1799957752227783,0.0000000000000000,0.0000000000000000,0.0000000000000000,1.0000000000000000
M 0.2494409382343292,-0.0000000429315392,-0.9683899879455566,-2.9097607135772705,0.0000000024128728,1.0000000000000000,-0.0000000437113883,0.0000000052681979,0.9683899879455566,0.0000000085668077,0.2494409382343292,1.1292451620101929,0.0000000000000000,0.0000000000000000,0.0000000000000000,1.0000000000000000
M 0.1741981655359268,-0.0000000434633876,-0.9847106337547302,-3.0954642295837402,0.0000000024128728,1.0000000000000000,-0.0000000437113883,0.0000000052681979,0.9847106337547302,0.0000000052384621,0.1741981655359268,1.0661228895187378,0.0000000000000000,0.0000000000000000,0.0000000000000000,1.0000000000000000
M 0.1026458889245987,-0.0000000437281749,-0.9947179555892944,-3.2648239135742188,0.0000000024128728,1.0000000000000000,-0.0000000437113883,0.0000000052681979,0.9947179555892944,0.0000000020866666,0.1026458889245987,0.9940605759620667,0.0000000000000000,0.0000000000000000,0.0000000000000000,1.0000000000000000
M 0.0360933057963848,-0.0000000437699939,-0.9993484020233154,-3.4162106513977051,0.0000000024128728,1.0000000000000000,-0.0000000437113883,0.0000000052681979,0.9993484020233154,-0.0000000008336120,0.0360933057963848,0.9168203473091125,0.0000000000000000,0.0000000000000000,0.0000000000000000,1.0000000000000000
M -0.0242926552891731,-0.0000000436398722,-0.9997048974037170,-3.5485234260559082,0.0000000024128728,1.0000000000000000,-0.0000000437113883,0.0000000052681979,0.9997048974037170,-0.0000000034740264,-0.0242926552891731,0.8383420109748840,0.0000000000000000,0.0000000000000000,0.0000000000000000,1.0000000000000000
M -0.0774923861026764,-0.0000000433929657,-0.9969929456710815,-3.6611185073852539,0.0000000024128728,1.0000000000000000,-0.0000000437113883,0.0000000052681979,0.9969929456710815,-0.0000000057929173,-0.0774923861026764,0.7625961899757385,0.0000000000000000,0.0000000000000000,0.0000000000000000,1.0000000000000000
M -0.1226236969232559,-0.0000000430856311,-0.9924532175064087,-3.7536988258361816,0.0000000024128728,1.0000000000000000,-0.0000000437113883,0.0000000052681979,0.9924532175064087,-0.0000000077547151,-0.1226236969232559,0.6934494376182556,0.0000000000000000,0.0000000000000000,0.0000000000000000,1.0000000000000000
M -0.1589164584875107,-0.0000000427724629,-0.9872920513153076,-3.8261651992797852,0.0000000024128728,1.0000000000000000,-0.0000000437113883,0.0000000052681979,0.9872920513153076,-0.0000000093286694,-0.1589164584875107,0.6345463991165161,0.0000000000000000,0.0000000000000000,0.0000000000000000,1.0000000000000000
M -0.1856742501258850,-0.0000000425032987,-0.9826113581657410,-3.8784437179565430,0.0000000024128728,1.0000000000000000,-0.0000000437113883,0.0000000052681979,0.9826113581657410,-0.0000000104869953,-0.1856742501258850,0.5892072319984436,0.0000000000000000,0.0000000000000000,0.0000000000000000,1.0000000000000000
M -0.2022328227758408,-0.0000000423202380,-0.9793374538421631,-3.9103002548217773,0.0000000024128728,1.0000000000000000,-0.0000000437113883,0.0000000052681979,0.9793374538421631,-0.0000000112028937,-0.2022328227758408,0.5603256225585938,0.0000000000000000,0.0000000000000000,0.0000000000000000,1.0000000000000000
M -0.2079117745161057,-0.0000000422545234,-0.9781475663185120,-3.9211380481719971,0.0000000024128728,1.0000000000000000,-0.0000000437113883,0.0000000052681979,0.9781475663185120,-0.0000000114482583,-0.2079117745161057,0.5502743124961853,0.0000000000000000,0.0000000000000000,0.0000000000000000,1.0000000000000000
M -0.2079117745161057,-0.0000000422545234,-0.9781475663185120,-3.9211380481719971,0.0000000024128728,1.0000000000000000,-0.0000000437113883,0.0000000052681979,0.9781475663185120,-0.0000000114482583,-0.2079117745161057,0.5502743124961853,0.0000000000000000,0.0000000000000000,0.0000000000000000,1.0000000000000000
