O ENGINEROTOR_1_INTERIOR_LCG_EL_mvp_dr1a_motorhead
A ENGINEROTOR_1_INTERIOR_LCG_EL_mvp_dr1a_motorhead_ENGINEROTOR_1_INTERIOR_LCG_EL_mvp_dr1a_motorhead
M 1.0000000000000000,0.0000000000000000,0.0000000000000000,0.0000000000000000,0.0000000000000000,0.9876883625984192,0.1564344316720963,0.0227390006184578,-0.0000000000000000,-0.1564344316720963,0.9876883625984192,0.2889218330383301,0.0000000000000000,0.0000000000000000,0.0000000000000000,1.0000000000000000
M 1.0000000000000000,0.0000000000000000,0.0000000000000000,0.0000000000000000,0.0000000000000000,0.9510565400123596,0.3090169727802277,0.0903954505920410,-0.0000000000000000,-0.3090169727802277,0.9510565400123596,0.5707293748855591,0.0000000000000000,0.0000000000000000,0.0000000000000000,1.0000000000000000
M 1.0000000000000000,0.0000000000000000,0.0000000000000000,0.0000000000000000,0.0000000000000000,0.8910065293312073,0.4539904892444611,0.2013034075498581,-0.0000000000000000,-0.4539904892444611,0.8910065293312073,0.8384836316108704,0.0000000000000000,0.0000000000000000,0.0000000000000000,1.0000000000000000
M 1.0000000000000000,0.0000000000000000,0.0000000000000000,0.0000000000000000,0.0000000000000000,0.8090170025825500,0.5877851843833923,0.3527317345142365,-0.0000000000000000,-0.5877851843833923,0.8090170025825500,1.0855915546417236,0.0000000000000000,0.0000000000000000,0.0000000000000000,1.0000000000000000
M 1.0000000000000000,0.0000000000000000,0.0000000000000000,0.0000000000000000,0.0000000000000000,0.7071068286895752,0.7071067094802856,0.5409520864486694,-0.0000000000000000,-0.7071067094802856,0.7071068286895752,1.3059684038162231,0.0000000000000000,0.0000000000000000,0.0000000000000000,1.0000000000000000
M 1.0000000000000000,0.0000000000000000,0.0000000000000000,0.0000000000000000,0.0000000000000000,0.5877853035926819,0.8090170025825500,0.7613295912742615,-0.0000000000000000,-0.8090170025825500,0.5877853035926819,1.4941881895065308,0.0000000000000000,0.0000000000000000,0.0000000000000000,1.0000000000000000
M 1.0000000000000000,0.0000000000000000,0.0000000000000000,0.0000000000000000,0.0000000000000000,0.4539904594421387,0.8910065889358521,1.0084381103515625,-0.0000000000000000,-0.8910065889358521,0.4539904594421387,1.6456159353256226,0.0000000000000000,0.0000000000000000,0.0000000000000000,1.0000000000000000
M 1.0000000000000000,0.0000000000000000,0.0000000000000000,0.0000000000000000,0.0000000000000000,0.3090170025825500,0.9510565400123596,1.2761925458908081,-0.0000000000000000,-0.9510565400123596,0.3090170025825500,1.7565228939056396,0.0000000000000000,0.0000000000000000,0.0000000000000000,1.0000000000000000
M 1.0000000000000000,0.0000000000000000,0.0000000000000000,0.0000000000000000,0.0000000000000000,0.1564345359802246,0.9876883625984192,1.5580002069473267,-0.0000000000000000,-0.9876883625984192,0.1564345359802246,1.8241785764694214,0.0000000000000000,0.0000000000000000,0.0000000000000000,1.0000000000000000
M 1.0000000000000000,0.0000000000000000,0.0000000000000000,0.0000000000000000,0.0000000000000000,0.0000000000000000,1.0000000000000000,1.8469221591949463,-0.0000000000000000,-1.0000000000000000,-0.0000000000000000,1.8469166755676270,0.0000000000000000,0.0000000000000000,0.0000000000000000,1.0000000000000000
M 1.0000000000000000,0.0000000000000000,0.0000000000000000,0.0000000000000000,0.0000000000000000,-0.1564345210790634,0.9876883029937744,2.1358442306518555,-0.0000000000000000,-0.9876883029937744,-0.1564345210790634,1.8241776227951050,0.0000000000000000,0.0000000000000000,0.0000000000000000,1.0000000000000000
M 1.0000000000000000,0.0000000000000000,0.0000000000000000,0.0000000000000000,0.0000000000000000,-0.3090170025825500,0.9510564804077148,2.4176516532897949,-0.0000000000000000,-0.9510564804077148,-0.3090170025825500,1.7565211057662964,0.0000000000000000,0.0000000000000000,0.0000000000000000,1.0000000000000000
M 1.0000000000000000,0.0000000000000000,0.0000000000000000,0.0000000000000000,0.0000000000000000,-0.4539905786514282,0.8910064697265625,2.6854059696197510,-0.0000000000000000,-0.8910064697265625,-0.4539905786514282,1.6456131935119629,0.0000000000000000,0.0000000000000000,0.0000000000000000,1.0000000000000000
M 1.0000000000000000,0.0000000000000000,0.0000000000000000,0.0000000000000000,0.0000000000000000,-0.5877853631973267,0.8090168833732605,2.9325139522552490,-0.0000000000000000,-0.8090168833732605,-0.5877853631973267,1.4941847324371338,0.0000000000000000,0.0000000000000000,0.0000000000000000,1.0000000000000000
M 1.0000000000000000,0.0000000000000000,0.0000000000000000,0.0000000000000000,0.0000000000000000,-0.7071068882942200,0.7071066498756409,3.1528909206390381,-0.0000000000000000,-0.7071066498756409,-0.7071068882942200,1.3059642314910889,0.0000000000000000,0.0000000000000000,0.0000000000000000,1.0000000000000000
M 1.0000000000000000,0.0000000000000000,0.0000000000000000,0.0000000000000000,0.0000000000000000,-0.8090171813964844,0.5877850651741028,3.3411104679107666,-0.0000000000000000,-0.5877850651741028,-0.8090171813964844,1.0855866670608521,0.0000000000000000,0.0000000000000000,0.0000000000000000,1.0000000000000000
M 1.0000000000000000,0.0000000000000000,0.0000000000000000,0.0000000000000000,0.0000000000000000,-0.8910065889358521,0.4539903998374939,3.4925379753112793,-0.0000000000000000,-0.4539903998374939,-0.8910065889358521,0.8384785056114197,0.0000000000000000,0.0000000000000000,0.0000000000000000,1.0000000000000000
M 1.0000000000000000,0.0000000000000000,0.0000000000000000,0.0000000000000000,0.0000000000000000,-0.9510565996170044,0.3090168237686157,3.6034452915191650,-0.0000000000000000,-0.3090168237686157,-0.9510565996170044,0.5707238316535950,0.0000000000000000,0.0000000000000000,0.0000000000000000,1.0000000000000000
M 1.0000000000000000,0.0000000000000000,0.0000000000000000,0.0000000000000000,0.0000000000000000,-0.9876883625984192,0.1564342528581619,3.6711006164550781,-0.0000000000000000,-0.1564342528581619,-0.9876883625984192,0.2889159917831421,0.0000000000000000,0.0000000000000000,0.0000000000000000,1.0000000000000000
M 1.0000000000000000,0.0000000000000000,0.0000000000000000,0.0000000000000000,0.0000000000000000,-1.0000000000000000,-0.0000002821299745,3.6938388347625732,-0.0000000000000000,0.0000002821299745,-1.0000000000000000,-0.0000060258253143,0.0000000000000000,0.0000000000000000,0.0000000000000000,1.0000000000000000
M 1.0000000000000000,0.0000000000000000,0.0000000000000000,0.0000000000000000,0.0000000000000000,-0.9876883029937744,-0.1564348042011261,3.6710996627807617,-0.0000000000000000,0.1564348042011261,-0.9876883029937744,-0.2889279425144196,0.0000000000000000,0.0000000000000000,0.0000000000000000,1.0000000000000000
M 1.0000000000000000,0.0000000000000000,0.0000000000000000,0.0000000000000000,0.0000000000000000,-0.9510563611984253,-0.3090173900127411,3.6034429073333740,-0.0000000000000000,0.3090173900127411,-0.9510563611984253,-0.5707355737686157,0.0000000000000000,0.0000000000000000,0.0000000000000000,1.0000000000000000
M 1.0000000000000000,0.0000000000000000,0.0000000000000000,0.0000000000000000,0.0000000000000000,-0.8910064101219177,-0.4539907276630402,3.4925351142883301,-0.0000000000000000,0.4539907276630402,-0.8910064101219177,-0.8384894728660583,0.0000000000000000,0.0000000000000000,0.0000000000000000,1.0000000000000000
M 1.0000000000000000,0.0000000000000000,0.0000000000000000,0.0000000000000000,0.0000000000000000,-0.8090167641639709,-0.5877854824066162,3.3411066532135010,-0.0000000000000000,0.5877854824066162,-0.8090167641639709,-1.0855973958969116,0.0000000000000000,0.0000000000000000,0.0000000000000000,1.0000000000000000
M 1.0000000000000000,0.0000000000000000,0.0000000000000000,0.0000000000000000,0.0000000000000000,-0.7071065306663513,-0.7071070075035095,3.1528861522674561,-0.0000000000000000,0.7071070075035095,-0.7071065306663513,-1.3059743642807007,0.0000000000000000,0.0000000000000000,0.0000000000000000,1.0000000000000000
M 1.0000000000000000,0.0000000000000000,0.0000000000000000,0.0000000000000000,0.0000000000000000,-0.5877851247787476,-0.8090171217918396,2.9325089454650879,-0.0000000000000000,0.8090171217918396,-0.5877851247787476,-1.4941936731338501,0.0000000000000000,0.0000000000000000,0.0000000000000000,1.0000000000000000
M 1.0000000000000000,0.0000000000000000,0.0000000000000000,0.0000000000000000,0.0000000000000000,-0.4539902508258820,-0.8910066485404968,2.6854002475738525,-0.0000000000000000,0.8910066485404968,-0.4539902508258820,-1.6456214189529419,0.0000000000000000,0.0000000000000000,0.0000000000000000,1.0000000000000000
M 1.0000000000000000,0.0000000000000000,0.0000000000000000,0.0000000000000000,0.0000000000000000,-0.3090166747570038,-0.9510565996170044,2.4176456928253174,-0.0000000000000000,0.9510565996170044,-0.3090166747570038,-1.7565284967422485,0.0000000000000000,0.0000000000000000,0.0000000000000000,1.0000000000000000
M 1.0000000000000000,0.0000000000000000,0.0000000000000000,0.0000000000000000,0.0000000000000000,-0.1564340889453888,-0.9876884222030640,2.1358377933502197,-0.0000000000000000,0.9876884222030640,-0.1564340889453888,-1.8241840600967407,0.0000000000000000,0.0000000000000000,0.0000000000000000,1.0000000000000000
M 1.0000000000000000,0.0000000000000000,0.0000000000000000,0.0000000000000000,0.0000000000000000,0.0000004450506594,-1.0000000000000000,1.8469158411026001,-0.0000000000000000,1.0000000000000000,0.0000004450506594,-1.8469221591949463,0.0000000000000000,0.0000000000000000,0.0000000000000000,1.0000000000000000
M 1.0000000000000000,0.0000000000000000,0.0000000000000000,0.0000000000000000,0.0000000000000000,0.1564349681138992,-0.9876882433891296,1.5579938888549805,-0.0000000000000000,0.9876882433891296,0.1564349681138992,-1.8241828680038452,0.0000000000000000,0.0000000000000000,0.0000000000000000,1.0000000000000000
M 1.0000000000000000,0.0000000000000000,0.0000000000000000,0.0000000000000000,0.0000000000000000,0.3090175390243530,-0.9510563015937805,1.2761862277984619,-0.0000000000000000,0.9510563015937805,0.3090175390243530,-1.7565262317657471,0.0000000000000000,0.0000000000000000,0.0000000000000000,1.0000000000000000
M 1.0000000000000000,0.0000000000000000,0.0000000000000000,0.0000000000000000,0.0000000000000000,0.4539910852909088,-0.8910062313079834,1.0084320306777954,-0.0000000000000000,0.8910062313079834,0.4539910852909088,-1.6456180810928345,0.0000000000000000,0.0000000000000000,0.0000000000000000,1.0000000000000000
M 1.0000000000000000,0.0000000000000000,0.0000000000000000,0.0000000000000000,0.0000000000000000,0.5877857804298401,-0.8090165853500366,0.7613241076469421,-0.0000000000000000,0.8090165853500366,0.5877857804298401,-1.4941895008087158,0.0000000000000000,0.0000000000000000,0.0000000000000000,1.0000000000000000
M 1.0000000000000000,0.0000000000000000,0.0000000000000000,0.0000000000000000,0.0000000000000000,0.7071069478988647,-0.7071065902709961,0.5409477949142456,-0.0000000000000000,0.7071065902709961,0.7071069478988647,-1.3059695959091187,0.0000000000000000,0.0000000000000000,0.0000000000000000,1.0000000000000000
M 1.0000000000000000,0.0000000000000000,0.0000000000000000,0.0000000000000000,0.0000000000000000,0.8090172410011292,-0.5877850055694580,0.3527282178401947,-0.0000000000000000,0.5877850055694580,0.8090172410011292,-1.0855919122695923,0.0000000000000000,0.0000000000000000,0.0000000000000000,1.0000000000000000
M 1.0000000000000000,0.0000000000000000,0.0000000000000000,0.0000000000000000,0.0000000000000000,0.8910067081451416,-0.4539901316165924,0.2013005763292313,-0.0000000000000000,0.4539901316165924,0.8910067081451416,-0.8384834527969360,0.0000000000000000,0.0000000000000000,0.0000000000000000,1.0000000000000000
M 1.0000000000000000,0.0000000000000000,0.0000000000000000,0.0000000000000000,0.0000000000000000,0.9510566592216492,-0.3090165257453918,0.0903935432434082,-0.0000000000000000,0.3090165257453918,0.9510566592216492,-0.5707286596298218,0.0000000000000000,0.0000000000000000,0.0000000000000000,1.0000000000000000
M 1.0000000000000000,0.0000000000000000,0.0000000000000000,0.0000000000000000,0.0000000000000000,0.9876884222030640,-0.1564339250326157,0.0227380320429802,-0.0000000000000000,0.1564339250326157,0.9876884222030640,-0.2889207899570465,0.0000000000000000,0.0000000000000000,0.0000000000000000,1.0000000000000000
M 1.0000000000000000,0.0000000000000000,0.0000000000000000,0.0000000000000000,0.0000000000000000,1.0000000000000000,0.0000006079713444,0.0000000000017675,-0.0000000000000000,-0.0000006079713444,1.0000000000000000,0.0000012036055068,0.0000000000000000,0.0000000000000000,0.0000000000000000,1.0000000000000000
