O DOOR_2_TOGGLE_CG_EDR_EXTERNAL_mvp_dr1a_motorhead
A DOOR_2_TOGGLE_CG_EDR_EXTERNAL_mvp_dr1a_motorhead_DOOR_2_TOGGLE_CG_EDR_EXTERNAL_mvp_dr1a_motorhead
M 1.0000000000000000,0.0000000000000000,0.0000000000000000,0.0000000000000000,0.0000000000000000,1.0000000000000000,-0.0000000437113883,0.0000000000000000,-0.0000000000000000,0.0000000437113883,1.0000000000000000,-0.0000000000000000,0.0000000000000000,0.0000000000000000,0.0000000000000000,1.0000000000000000
M 1.0000000000000000,0.0000000000000000,0.0000000000000000,0.0000000000000000,0.0000000000000000,1.0000000000000000,-0.0000000437113883,0.0000000000000000,-0.0000000000000000,0.0000000437113883,1.0000000000000000,-0.0000000000000000,0.0000000000000000,0.0000000000000000,0.0000000000000000,1.0000000000000000
M 1.0000000000000000,0.0000000000000000,0.0000000000000000,0.0000000000000000,0.0000000000000000,1.0000000000000000,-0.0000000437113883,0.0000000000000000,-0.0000000000000000,0.0000000437113883,1.0000000000000000,-0.0000000000000000,0.0000000000000000,0.0000000000000000,0.0000000000000000,1.0000000000000000
M 1.0000000000000000,0.0000000000000000,0.0000000000000000,0.0000000000000000,0.0000000000000000,1.0000000000000000,-0.0000000437113883,0.0000000000000000,-0.0000000000000000,0.0000000437113883,1.0000000000000000,-0.0000000000000000,0.0000000000000000,0.0000000000000000,0.0000000000000000,1.0000000000000000
M 1.0000000000000000,0.0000000000000000,0.0000000000000000,0.0000000000000000,0.0000000000000000,1.0000000000000000,-0.0000000437113883,0.0000000000000000,-0.0000000000000000,0.0000000437113883,1.0000000000000000,-0.0000000000000000,0.0000000000000000,0.0000000000000000,0.0000000000000000,1.0000000000000000
M 1.0000000000000000,0.0000000000000000,0.0000000000000000,0.0000000000000000,0.0000000000000000,1.0000000000000000,-0.0000000437113883,0.0000000000000000,-0.0000000000000000,0.0000000437113883,1.0000000000000000,-0.0000000000000000,0.0000000000000000,0.0000000000000000,0.0000000000000000,1.0000000000000000
M 1.0000000000000000,0.0000000000000000,0.0000000000000000,0.0000000000000000,0.0000000000000000,1.0000000000000000,-0.0000000437113883,0.0000000000000000,-0.0000000000000000,0.0000000437113883,1.0000000000000000,-0.0000000000000000,0.0000000000000000,0.0000000000000000,0.0000000000000000,1.0000000000000000
M 1.0000000000000000,0.0000000000000000,0.0000000000000000,0.0000000000000000,0.0000000000000000,1.0000000000000000,-0.0000000437113883,0.0000000000000000,-0.0000000000000000,0.0000000437113883,1.0000000000000000,-0.0000000000000000,0.0000000000000000,0.0000000000000000,0.0000000000000000,1.0000000000000000
M 1.0000000000000000,0.0000000000000000,0.0000000000000000,0.0000000000000000,0.0000000000000000,1.0000000000000000,-0.0000000437113883,0.0000000000000000,-0.0000000000000000,0.0000000437113883,1.0000000000000000,-0.0000000000000000,0.0000000000000000,0.0000000000000000,0.0000000000000000,1.0000000000000000
M 1.0000000000000000,0.0000000000000000,0.0000000000000000,0.0000000000000000,0.0000000000000000,1.0000000000000000,-0.0000000437113883,0.0000000000000000,-0.0000000000000000,0.0000000437113883,1.0000000000000000,-0.0000000000000000,0.0000000000000000,0.0000000000000000,0.0000000000000000,1.0000000000000000
M 1.0000000000000000,0.0000000000000000,0.0000000000000000,0.0000000000000000,0.0000000000000000,1.0000000000000000,-0.0000000437113883,0.0000000000000000,-0.0000000000000000,0.0000000437113883,1.0000000000000000,-0.0000000000000000,0.0000000000000000,0.0000000000000000,0.0000000000000000,1.0000000000000000
M 0.9999726414680481,0.0000000003232439,0.0073949582874775,0.0112980855628848,0.0000000000000000,1.0000000000000000,-0.0000000437113883,0.0000000000000000,-0.0073949582874775,0.0000000437101910,0.9999726414680481,-0.0693399906158447,0.0000000000000000,0.0000000000000000,0.0000000000000000,1.0000000000000000
M 0.9995821714401245,0.0000000012634254,0.0289038028568029,0.0412464104592800,0.0000000000000000,1.0000000000000000,-0.0000000437113883,0.0000000000000000,-0.0289038028568029,0.0000000436931238,0.9995821714401245,-0.2715066969394684,0.0000000000000000,0.0000000000000000,0.0000000000000000,1.0000000000000000
M 0.9979826211929321,0.0000000027751164,0.0634872615337372,0.0802941769361496,0.0000000000000000,1.0000000000000000,-0.0000000437113883,0.0000000000000000,-0.0634872615337372,0.0000000436232064,0.9979826211929321,-0.5980830192565918,0.0000000000000000,0.0000000000000000,0.0000000000000000,1.0000000000000000
M 0.9939282536506653,0.0000000048095585,0.1100298762321472,0.1150245517492294,0.0000000000000000,1.0000000000000000,-0.0000000437113883,0.0000000000000000,-0.1100298762321472,0.0000000434459828,0.9939282536506653,-1.0405628681182861,0.0000000000000000,0.0000000000000000,0.0000000000000000,1.0000000000000000
M 0.9859096407890320,0.0000000073119812,0.1672786325216293,0.1293338239192963,0.0000000000000000,1.0000000000000000,-0.0000000437113883,0.0000000000000000,-0.1672786325216293,0.0000000430954792,0.9859096407890320,-1.5895625352859497,0.0000000000000000,0.0000000000000000,0.0000000000000000,1.0000000000000000
M 0.9722883701324463,0.0000000102190576,0.2337847948074341,0.1056070923805237,0.0000000000000000,1.0000000000000000,-0.0000000437113883,0.0000000000000000,-0.2337847948074341,0.0000000425000728,0.9722883701324463,-2.2340664863586426,0.0000000000000000,0.0000000000000000,0.0000000000000000,1.0000000000000000
M 0.9514313340187073,0.0000000134570302,0.3078609704971313,0.0259022712707520,0.0000000000000000,1.0000000000000000,-0.0000000437113883,0.0000000000000000,-0.3078609704971313,0.0000000415883861,0.9514313340187073,-2.9608139991760254,0.0000000000000000,0.0000000000000000,0.0000000000000000,1.0000000000000000
M 0.9218431115150452,0.0000000169409287,0.3875632882118225,-0.1268302798271179,0.0000000000000000,1.0000000000000000,-0.0000000437113883,0.0000000000000000,-0.3875632882118225,0.0000000402950420,0.9218431115150452,-3.7539255619049072,0.0000000000000000,0.0000000000000000,0.0000000000000000,1.0000000000000000
M 0.8822911977767944,0.0000000205751221,0.4707039296627045,-0.3675590157508850,0.0000000000000000,1.0000000000000000,-0.0000000437113883,0.0000000000000000,-0.4707039296627045,0.0000000385661743,0.8822911977767944,-4.5948257446289062,0.0000000000000000,0.0000000000000000,0.0000000000000000,1.0000000000000000
M 0.8319182395935059,0.0000000242553710,0.5548982024192810,-0.7080436944961548,0.0000000000000000,1.0000000000000000,-0.0000000437113883,0.0000000000000000,-0.5548982024192810,0.0000000363643018,0.8319182395935059,-5.4625072479248047,0.0000000000000000,0.0000000000000000,0.0000000000000000,1.0000000000000000
M 0.7703319191932678,0.0000000278722645,0.6376430988311768,-1.1558722257614136,0.0000000000000000,1.0000000000000000,-0.0000000437113883,0.0000000000000000,-0.6376430988311768,0.0000000336722792,0.7703319191932678,-6.3341274261474609,0.0000000000000000,0.0000000000000000,0.0000000000000000,1.0000000000000000
M 0.6976653337478638,0.0000000313158779,0.7164238095283508,-1.7137265205383301,0.0000000000000000,1.0000000000000000,-0.0000000437113883,0.0000000000000000,-0.7164238095283508,0.0000000304959187,0.6976653337478638,-7.1859130859375000,0.0000000000000000,0.0000000000000000,0.0000000000000000,1.0000000000000000
M 0.6146013736724854,0.0000000344811966,0.7888378500938416,-2.3789615631103516,0.0000000000000000,1.0000000000000000,-0.0000000437113883,0.0000000000000000,-0.7888378500938416,0.0000000268650791,0.6146013736724854,-7.9942827224731445,0.0000000000000000,0.0000000000000000,0.0000000000000000,1.0000000000000000
M 0.5223553180694580,0.0000000372739208,0.8527279496192932,-3.1435589790344238,0.0000000000000000,1.0000000000000000,-0.0000000437113883,0.0000000000000000,-0.8527279496192932,0.0000000228328769,0.5223553180694580,-8.7371234893798828,0.0000000000000000,0.0000000000000000,0.0000000000000000,1.0000000000000000
M 0.4226182401180267,0.0000000396159727,0.9063078165054321,-3.9944634437561035,0.0000000000000000,1.0000000000000000,-0.0000000437113883,0.0000000000000000,-0.9063078165054321,0.0000000184732301,0.4226182401180267,-9.3950519561767578,0.0000000000000000,0.0000000000000000,0.0000000000000000,1.0000000000000000
M 0.3174638450145721,0.0000000414502139,0.9482703804969788,-4.9142851829528809,0.0000000000000000,1.0000000000000000,-0.0000000437113883,0.0000000000000000,-0.9482703804969788,0.0000000138767851,0.3174638450145721,-9.9525814056396484,0.0000000000000000,0.0000000000000000,0.0000000000000000,1.0000000000000000
M 0.2092266380786896,0.0000000427439311,0.9778671860694885,-5.8823170661926270,0.0000000000000000,1.0000000000000000,-0.0000000437113883,0.0000000000000000,-0.9778671860694885,0.0000000091455865,0.2092266380786896,-10.3990497589111328,0.0000000000000000,0.0000000000000000,0.0000000000000000,1.0000000000000000
M 0.1003616899251938,0.0000000434906902,0.9949510097503662,-6.8757829666137695,0.0000000000000000,1.0000000000000000,-0.0000000437113883,0.0000000000000000,-0.9949510097503662,0.0000000043869486,0.1003616899251938,-10.7292423248291016,0.0000000000000000,0.0000000000000000,0.0000000000000000,1.0000000000000000
M -0.0066968137398362,0.0000000437104077,0.9999775886535645,-7.8711605072021484,0.0000000000000000,1.0000000000000000,-0.0000000437113883,0.0000000000000000,-0.9999775886535645,-0.0000000002927270,-0.0066968137398362,-10.9436244964599609,0.0000000000000000,0.0000000000000000,0.0000000000000000,1.0000000000000000
M -0.1096700578927994,0.0000000434477236,0.9939680695533752,-8.8454990386962891,0.0000000000000000,1.0000000000000000,-0.0000000437113883,0.0000000000000000,-0.9939680695533752,-0.0000000047938307,-0.1096700578927994,-11.0482063293457031,0.0000000000000000,0.0000000000000000,0.0000000000000000,1.0000000000000000
M -0.2065456360578537,0.0000000427688356,0.9784369468688965,-9.7775745391845703,0.0000000000000000,1.0000000000000000,-0.0000000437113883,0.0000000000000000,-0.9784369468688965,-0.0000000090283967,-0.2065456360578537,-11.0540342330932617,0.0000000000000000,0.0000000000000000,0.0000000000000000,1.0000000000000000
M -0.2956585586071014,0.0000000417572110,0.9552936553955078,-10.6488018035888672,0.0000000000000000,1.0000000000000000,-0.0000000437113883,0.0000000000000000,-0.9552936553955078,-0.0000000129236462,-0.2956585586071014,-10.9763994216918945,0.0000000000000000,0.0000000000000000,0.0000000000000000,1.0000000000000000
M -0.3757327198982239,0.0000000405085707,0.9267280697822571,-11.4437999725341797,0.0000000000000000,1.0000000000000000,-0.0000000437113883,0.0000000000000000,-0.9267280697822571,-0.0000000164237992,-0.3757327198982239,-10.8338317871093750,0.0000000000000000,0.0000000000000000,0.0000000000000000,1.0000000000000000
M -0.4458857774734497,0.0000000391256201,0.8950898647308350,-12.1506309509277344,0.0000000000000000,1.0000000000000000,-0.0000000437113883,0.0000000000000000,-0.8950898647308350,-0.0000000194902867,-0.4458857774734497,-10.6469688415527344,0.0000000000000000,0.0000000000000000,0.0000000000000000,1.0000000000000000
M -0.5055879950523376,0.0000000377130966,0.8627750873565674,-12.7605838775634766,0.0000000000000000,1.0000000000000000,-0.0000000437113883,0.0000000000000000,-0.8627750873565674,-0.0000000220999539,-0.5055879950523376,-10.4374351501464844,0.0000000000000000,0.0000000000000000,0.0000000000000000,1.0000000000000000
M -0.5545970201492310,0.0000000363730805,0.8321190476417542,-13.2677412033081055,0.0000000000000000,1.0000000000000000,-0.0000000437113883,0.0000000000000000,-0.8321190476417542,-0.0000000242422065,-0.5545970201492310,-10.2267379760742188,0.0000000000000000,0.0000000000000000,0.0000000000000000,1.0000000000000000
M -0.5928570628166199,0.0000000352011185,0.8053077459335327,-13.6681642532348633,0.0000000000000000,1.0000000000000000,-0.0000000437113883,0.0000000000000000,-0.8053077459335327,-0.0000000259146056,-0.5928570628166199,-10.0352745056152344,0.0000000000000000,0.0000000000000000,0.0000000000000000,1.0000000000000000
M -0.6203775405883789,0.0000000342829907,0.7843033671379089,-13.9588737487792969,0.0000000000000000,1.0000000000000000,-0.0000000437113883,0.0000000000000000,-0.7843033671379089,-0.0000000271175633,-0.6203775405883789,-9.8814458847045898,0.0000000000000000,0.0000000000000000,0.0000000000000000,1.0000000000000000
M -0.6371049880981445,0.0000000336917338,0.7707770466804504,-14.1367597579956055,0.0000000000000000,1.0000000000000000,-0.0000000437113883,0.0000000000000000,-0.7707770466804504,-0.0000000278487438,-0.6371049880981445,-9.7808284759521484,0.0000000000000000,0.0000000000000000,0.0000000000000000,1.0000000000000000
M -0.6427876353263855,0.0000000334848664,0.7660444378852844,-14.1974058151245117,0.0000000000000000,1.0000000000000000,-0.0000000437113883,0.0000000000000000,-0.7660444378852844,-0.0000000280971406,-0.6427876353263855,-9.7453594207763672,0.0000000000000000,0.0000000000000000,0.0000000000000000,1.0000000000000000
M -0.6427876353263855,0.0000000334848664,0.7660444378852844,-14.1974058151245117,0.0000000000000000,1.0000000000000000,-0.0000000437113883,0.0000000000000000,-0.7660444378852844,-0.0000000280971406,-0.6427876353263855,-9.7453594207763672,0.0000000000000000,0.0000000000000000,0.0000000000000000,1.0000000000000000
O door_2_part_2_INTERIOR_LCG_EL
A door_2_part_2_INTERIOR_LCG_EL_door_2_part_2_INTERIOR_LCG_EL
M 1.0000000000000000,0.0000000000000000,0.0000000000000000,0.0000000000000000,0.0000000000000000,1.0000000000000000,-0.0000000437113883,0.0000000000000000,-0.0000000000000000,0.0000000437113883,1.0000000000000000,-0.0000000000000000,0.0000000000000000,0.0000000000000000,0.0000000000000000,1.0000000000000000
M 1.0000000000000000,0.0000000000000000,0.0000000000000000,0.0000000000000000,0.0000000000000000,1.0000000000000000,-0.0000000437113883,0.0000000000000000,-0.0000000000000000,0.0000000437113883,1.0000000000000000,-0.0000000000000000,0.0000000000000000,0.0000000000000000,0.0000000000000000,1.0000000000000000
M 1.0000000000000000,0.0000000000000000,0.0000000000000000,0.0000000000000000,0.0000000000000000,1.0000000000000000,-0.0000000437113883,0.0000000000000000,-0.0000000000000000,0.0000000437113883,1.0000000000000000,-0.0000000000000000,0.0000000000000000,0.0000000000000000,0.0000000000000000,1.0000000000000000
M 1.0000000000000000,0.0000000000000000,0.0000000000000000,0.0000000000000000,0.0000000000000000,1.0000000000000000,-0.0000000437113883,0.0000000000000000,-0.0000000000000000,0.0000000437113883,1.0000000000000000,-0.0000000000000000,0.0000000000000000,0.0000000000000000,0.0000000000000000,1.0000000000000000
M 1.0000000000000000,0.0000000000000000,0.0000000000000000,0.0000000000000000,0.0000000000000000,1.0000000000000000,-0.0000000437113883,0.0000000000000000,-0.0000000000000000,0.0000000437113883,1.0000000000000000,-0.0000000000000000,0.0000000000000000,0.0000000000000000,0.0000000000000000,1.0000000000000000
M 1.0000000000000000,0.0000000000000000,0.0000000000000000,0.0000000000000000,0.0000000000000000,1.0000000000000000,-0.0000000437113883,0.0000000000000000,-0.0000000000000000,0.0000000437113883,1.0000000000000000,-0.0000000000000000,0.0000000000000000,0.0000000000000000,0.0000000000000000,1.0000000000000000
M 1.0000000000000000,0.0000000000000000,0.0000000000000000,0.0000000000000000,0.0000000000000000,1.0000000000000000,-0.0000000437113883,0.0000000000000000,-0.0000000000000000,0.0000000437113883,1.0000000000000000,-0.0000000000000000,0.0000000000000000,0.0000000000000000,0.0000000000000000,1.0000000000000000
M 1.0000000000000000,0.0000000000000000,0.0000000000000000,0.0000000000000000,0.0000000000000000,1.0000000000000000,-0.0000000437113883,0.0000000000000000,-0.0000000000000000,0.0000000437113883,1.0000000000000000,-0.0000000000000000,0.0000000000000000,0.0000000000000000,0.0000000000000000,1.0000000000000000
M 1.0000000000000000,0.0000000000000000,0.0000000000000000,0.0000000000000000,0.0000000000000000,1.0000000000000000,-0.0000000437113883,0.0000000000000000,-0.0000000000000000,0.0000000437113883,1.0000000000000000,-0.0000000000000000,0.0000000000000000,0.0000000000000000,0.0000000000000000,1.0000000000000000
M 1.0000000000000000,0.0000000000000000,0.0000000000000000,0.0000000000000000,0.0000000000000000,1.0000000000000000,-0.0000000437113883,0.0000000000000000,-0.0000000000000000,0.0000000437113883,1.0000000000000000,-0.0000000000000000,0.0000000000000000,0.0000000000000000,0.0000000000000000,1.0000000000000000
M 1.0000000000000000,0.0000000000000000,0.0000000000000000,0.0000000000000000,0.0000000000000000,1.0000000000000000,-0.0000000437113883,0.0000000000000000,-0.0000000000000000,0.0000000437113883,1.0000000000000000,-0.0000000000000000,0.0000000000000000,0.0000000000000000,0.0000000000000000,1.0000000000000000
M 0.9999726414680481,0.0000000003232439,0.0073949582874775,0.0112980855628848,0.0000000000000000,1.0000000000000000,-0.0000000437113883,0.0000000000000000,-0.0073949582874775,0.0000000437101910,0.9999726414680481,-0.0693399906158447,0.0000000000000000,0.0000000000000000,0.0000000000000000,1.0000000000000000
M 0.9995821714401245,0.0000000012634254,0.0289038028568029,0.0412464104592800,0.0000000000000000,1.0000000000000000,-0.0000000437113883,0.0000000000000000,-0.0289038028568029,0.0000000436931238,0.9995821714401245,-0.2715066969394684,0.0000000000000000,0.0000000000000000,0.0000000000000000,1.0000000000000000
M 0.9979826211929321,0.0000000027751164,0.0634872615337372,0.0802941769361496,0.0000000000000000,1.0000000000000000,-0.0000000437113883,0.0000000000000000,-0.0634872615337372,0.0000000436232064,0.9979826211929321,-0.5980830192565918,0.0000000000000000,0.0000000000000000,0.0000000000000000,1.0000000000000000
M 0.9939282536506653,0.0000000048095585,0.1100298762321472,0.1150245517492294,0.0000000000000000,1.0000000000000000,-0.0000000437113883,0.0000000000000000,-0.1100298762321472,0.0000000434459828,0.9939282536506653,-1.0405628681182861,0.0000000000000000,0.0000000000000000,0.0000000000000000,1.0000000000000000
M 0.9859096407890320,0.0000000073119812,0.1672786325216293,0.1293338239192963,0.0000000000000000,1.0000000000000000,-0.0000000437113883,0.0000000000000000,-0.1672786325216293,0.0000000430954792,0.9859096407890320,-1.5895625352859497,0.0000000000000000,0.0000000000000000,0.0000000000000000,1.0000000000000000
M 0.9722883701324463,0.0000000102190576,0.2337847948074341,0.1056070923805237,0.0000000000000000,1.0000000000000000,-0.0000000437113883,0.0000000000000000,-0.2337847948074341,0.0000000425000728,0.9722883701324463,-2.2340664863586426,0.0000000000000000,0.0000000000000000,0.0000000000000000,1.0000000000000000
M 0.9514313340187073,0.0000000134570302,0.3078609704971313,0.0259022712707520,0.0000000000000000,1.0000000000000000,-0.0000000437113883,0.0000000000000000,-0.3078609704971313,0.0000000415883861,0.9514313340187073,-2.9608139991760254,0.0000000000000000,0.0000000000000000,0.0000000000000000,1.0000000000000000
M 0.9218431115150452,0.0000000169409287,0.3875632882118225,-0.1268302798271179,0.0000000000000000,1.0000000000000000,-0.0000000437113883,0.0000000000000000,-0.3875632882118225,0.0000000402950420,0.9218431115150452,-3.7539255619049072,0.0000000000000000,0.0000000000000000,0.0000000000000000,1.0000000000000000
M 0.8822911977767944,0.0000000205751221,0.4707039296627045,-0.3675590157508850,0.0000000000000000,1.0000000000000000,-0.0000000437113883,0.0000000000000000,-0.4707039296627045,0.0000000385661743,0.8822911977767944,-4.5948257446289062,0.0000000000000000,0.0000000000000000,0.0000000000000000,1.0000000000000000
M 0.8319182395935059,0.0000000242553710,0.5548982024192810,-0.7080436944961548,0.0000000000000000,1.0000000000000000,-0.0000000437113883,0.0000000000000000,-0.5548982024192810,0.0000000363643018,0.8319182395935059,-5.4625072479248047,0.0000000000000000,0.0000000000000000,0.0000000000000000,1.0000000000000000
M 0.7703319191932678,0.0000000278722645,0.6376430988311768,-1.1558722257614136,0.0000000000000000,1.0000000000000000,-0.0000000437113883,0.0000000000000000,-0.6376430988311768,0.0000000336722792,0.7703319191932678,-6.3341274261474609,0.0000000000000000,0.0000000000000000,0.0000000000000000,1.0000000000000000
M 0.6976653337478638,0.0000000313158779,0.7164238095283508,-1.7137265205383301,0.0000000000000000,1.0000000000000000,-0.0000000437113883,0.0000000000000000,-0.7164238095283508,0.0000000304959187,0.6976653337478638,-7.1859130859375000,0.0000000000000000,0.0000000000000000,0.0000000000000000,1.0000000000000000
M 0.6146013736724854,0.0000000344811966,0.7888378500938416,-2.3789615631103516,0.0000000000000000,1.0000000000000000,-0.0000000437113883,0.0000000000000000,-0.7888378500938416,0.0000000268650791,0.6146013736724854,-7.9942827224731445,0.0000000000000000,0.0000000000000000,0.0000000000000000,1.0000000000000000
M 0.5223553180694580,0.0000000372739208,0.8527279496192932,-3.1435589790344238,0.0000000000000000,1.0000000000000000,-0.0000000437113883,0.0000000000000000,-0.8527279496192932,0.0000000228328769,0.5223553180694580,-8.7371234893798828,0.0000000000000000,0.0000000000000000,0.0000000000000000,1.0000000000000000
M 0.4226182401180267,0.0000000396159727,0.9063078165054321,-3.9944634437561035,0.0000000000000000,1.0000000000000000,-0.0000000437113883,0.0000000000000000,-0.9063078165054321,0.0000000184732301,0.4226182401180267,-9.3950519561767578,0.0000000000000000,0.0000000000000000,0.0000000000000000,1.0000000000000000
M 0.3174638450145721,0.0000000414502139,0.9482703804969788,-4.9142851829528809,0.0000000000000000,1.0000000000000000,-0.0000000437113883,0.0000000000000000,-0.9482703804969788,0.0000000138767851,0.3174638450145721,-9.9525814056396484,0.0000000000000000,0.0000000000000000,0.0000000000000000,1.0000000000000000
M 0.2092266380786896,0.0000000427439311,0.9778671860694885,-5.8823170661926270,0.0000000000000000,1.0000000000000000,-0.0000000437113883,0.0000000000000000,-0.9778671860694885,0.0000000091455865,0.2092266380786896,-10.3990497589111328,0.0000000000000000,0.0000000000000000,0.0000000000000000,1.0000000000000000
M 0.1003616899251938,0.0000000434906902,0.9949510097503662,-6.8757829666137695,0.0000000000000000,1.0000000000000000,-0.0000000437113883,0.0000000000000000,-0.9949510097503662,0.0000000043869486,0.1003616899251938,-10.7292413711547852,0.0000000000000000,0.0000000000000000,0.0000000000000000,1.0000000000000000
M -0.0066968137398362,0.0000000437104077,0.9999775886535645,-7.8711605072021484,0.0000000000000000,1.0000000000000000,-0.0000000437113883,0.0000000000000000,-0.9999775886535645,-0.0000000002927270,-0.0066968137398362,-10.9436244964599609,0.0000000000000000,0.0000000000000000,0.0000000000000000,1.0000000000000000
M -0.1096700578927994,0.0000000434477236,0.9939680695533752,-8.8454990386962891,0.0000000000000000,1.0000000000000000,-0.0000000437113883,0.0000000000000000,-0.9939680695533752,-0.0000000047938307,-0.1096700578927994,-11.0482053756713867,0.0000000000000000,0.0000000000000000,0.0000000000000000,1.0000000000000000
M -0.2065456360578537,0.0000000427688356,0.9784369468688965,-9.7775745391845703,0.0000000000000000,1.0000000000000000,-0.0000000437113883,0.0000000000000000,-0.9784369468688965,-0.0000000090283967,-0.2065456360578537,-11.0540332794189453,0.0000000000000000,0.0000000000000000,0.0000000000000000,1.0000000000000000
M -0.2956585586071014,0.0000000417572110,0.9552936553955078,-10.6488018035888672,0.0000000000000000,1.0000000000000000,-0.0000000437113883,0.0000000000000000,-0.9552936553955078,-0.0000000129236462,-0.2956585586071014,-10.9763994216918945,0.0000000000000000,0.0000000000000000,0.0000000000000000,1.0000000000000000
M -0.3757327198982239,0.0000000405085707,0.9267280697822571,-11.4437999725341797,0.0000000000000000,1.0000000000000000,-0.0000000437113883,0.0000000000000000,-0.9267280697822571,-0.0000000164237992,-0.3757327198982239,-10.8338317871093750,0.0000000000000000,0.0000000000000000,0.0000000000000000,1.0000000000000000
M -0.4458857774734497,0.0000000391256201,0.8950898647308350,-12.1506309509277344,0.0000000000000000,1.0000000000000000,-0.0000000437113883,0.0000000000000000,-0.8950898647308350,-0.0000000194902867,-0.4458857774734497,-10.6469678878784180,0.0000000000000000,0.0000000000000000,0.0000000000000000,1.0000000000000000
M -0.5055879950523376,0.0000000377130966,0.8627750873565674,-12.7605838775634766,0.0000000000000000,1.0000000000000000,-0.0000000437113883,0.0000000000000000,-0.8627750873565674,-0.0000000220999539,-0.5055879950523376,-10.4374351501464844,0.0000000000000000,0.0000000000000000,0.0000000000000000,1.0000000000000000
M -0.5545970201492310,0.0000000363730805,0.8321190476417542,-13.2677412033081055,0.0000000000000000,1.0000000000000000,-0.0000000437113883,0.0000000000000000,-0.8321190476417542,-0.0000000242422065,-0.5545970201492310,-10.2267379760742188,0.0000000000000000,0.0000000000000000,0.0000000000000000,1.0000000000000000
M -0.5928570628166199,0.0000000352011185,0.8053077459335327,-13.6681642532348633,0.0000000000000000,1.0000000000000000,-0.0000000437113883,0.0000000000000000,-0.8053077459335327,-0.0000000259146056,-0.5928570628166199,-10.0352745056152344,0.0000000000000000,0.0000000000000000,0.0000000000000000,1.0000000000000000
M -0.6203775405883789,0.0000000342829907,0.7843033671379089,-13.9588737487792969,0.0000000000000000,1.0000000000000000,-0.0000000437113883,0.0000000000000000,-0.7843033671379089,-0.0000000271175633,-0.6203775405883789,-9.8814458847045898,0.0000000000000000,0.0000000000000000,0.0000000000000000,1.0000000000000000
M -0.6371049880981445,0.0000000336917338,0.7707770466804504,-14.1367597579956055,0.0000000000000000,1.0000000000000000,-0.0000000437113883,0.0000000000000000,-0.7707770466804504,-0.0000000278487438,-0.6371049880981445,-9.7808284759521484,0.0000000000000000,0.0000000000000000,0.0000000000000000,1.0000000000000000
M -0.6427876353263855,0.0000000334848664,0.7660444378852844,-14.1974058151245117,0.0000000000000000,1.0000000000000000,-0.0000000437113883,0.0000000000000000,-0.7660444378852844,-0.0000000280971406,-0.6427876353263855,-9.7453594207763672,0.0000000000000000,0.0000000000000000,0.0000000000000000,1.0000000000000000
M -0.6427876353263855,0.0000000334848664,0.7660444378852844,-14.1974058151245117,0.0000000000000000,1.0000000000000000,-0.0000000437113883,0.0000000000000000,-0.7660444378852844,-0.0000000280971406,-0.6427876353263855,-9.7453594207763672,0.0000000000000000,0.0000000000000000,0.0000000000000000,1.0000000000000000
O door_2_part_1
A door_2_part_1_door_2_part_1
M 1.0000000000000000,0.0000000000000000,0.0000000000000000,0.0000000000000000,0.0000000000000000,1.0000000000000000,-0.0000000437113883,0.0000000000000000,-0.0000000000000000,0.0000000437113883,1.0000000000000000,-0.0000000000000000,0.0000000000000000,0.0000000000000000,0.0000000000000000,1.0000000000000000
M 0.9998578429222107,0.0168601796030998,-0.0000000007369819,-0.0446738004684448,-0.0168601796030998,0.9998578429222107,-0.0000000437051746,-0.1676405221223831,-0.0000000000000000,0.0000000437113883,1.0000000000000000,-0.0000000000000000,0.0000000000000000,0.0000000000000000,0.0000000000000000,1.0000000000000000
M 0.9980269074440002,0.0627873018383980,-0.0000000027445202,-0.1807522028684616,-0.0627873018383980,0.9980269074440002,-0.0000000436251426,-0.6205893754959106,-0.0000000000000000,0.0000000437113883,1.0000000000000000,-0.0000000000000000,0.0000000000000000,0.0000000000000000,0.0000000000000000,1.0000000000000000
M 0.9914279580116272,0.1306543052196503,-0.0000000057110809,-0.4206321239471436,-0.1306543052196503,0.9914279580116272,-0.0000000433366907,-1.2799277305603027,-0.0000000000000000,0.0000000437113883,1.0000000000000000,-0.0000000000000000,0.0000000000000000,0.0000000000000000,0.0000000000000000,1.0000000000000000
M 0.9771088957786560,0.2127397507429123,-0.0000000092991499,-0.7739199399948120,-0.2127397507429123,0.9771088957786560,-0.0000000427107878,-2.0611402988433838,-0.0000000000000000,0.0000000437113883,1.0000000000000000,-0.0000000000000000,0.0000000000000000,0.0000000000000000,0.0000000000000000,1.0000000000000000
M 0.9537169933319092,0.3007057309150696,-0.0000000131442652,-1.2327036857604980,-0.3007057309150696,0.9537169933319092,-0.0000000416882955,-2.8776719570159912,-0.0000000000000000,0.0000000437113883,1.0000000000000000,-0.0000000000000000,0.0000000000000000,0.0000000000000000,0.0000000000000000,1.0000000000000000
M 0.9224233031272888,0.3861804008483887,-0.0000000168804810,-1.7638325691223145,-0.3861804008483887,0.9224233031272888,-0.0000000403204048,-3.6491055488586426,-0.0000000000000000,0.0000000437113883,1.0000000000000000,-0.0000000000000000,0.0000000000000000,0.0000000000000000,0.0000000000000000,1.0000000000000000
M 0.8870705366134644,0.4616339504718781,-0.0000000201786605,-2.3096981048583984,-0.4616339504718781,0.8870705366134644,-0.0000000387750845,-4.3102684020996094,-0.0000000000000000,0.0000000437113883,1.0000000000000000,-0.0000000000000000,0.0000000000000000,0.0000000000000000,0.0000000000000000,1.0000000000000000
M 0.8535491824150085,0.5210122466087341,-0.0000000227741683,-2.7960700988769531,-0.5210122466087341,0.8535491824150085,-0.0000000373098210,-4.8159461021423340,-0.0000000000000000,0.0000000437113883,1.0000000000000000,-0.0000000000000000,0.0000000000000000,0.0000000000000000,0.0000000000000000,1.0000000000000000
M 0.8287062048912048,0.5596838593482971,-0.0000000244645584,-3.1428396701812744,-0.5596838593482971,0.8287062048912048,-0.0000000362238985,-5.1375551223754883,-0.0000000000000000,0.0000000437113883,1.0000000000000000,-0.0000000000000000,0.0000000000000000,0.0000000000000000,0.0000000000000000,1.0000000000000000
M 0.8191520571708679,0.5735764503479004,-0.0000000250718237,-3.2736868858337402,-0.5735764503479004,0.8191520571708679,-0.0000000358062735,-5.2514767646789551,-0.0000000000000000,0.0000000437113883,1.0000000000000000,-0.0000000000000000,0.0000000000000000,0.0000000000000000,0.0000000000000000,1.0000000000000000
M 0.8286835551261902,0.5596685409545898,0.0073949336074293,-3.1314549446105957,-0.5596838593482971,0.8287062048912048,-0.0000000362238985,-5.1375551223754883,-0.0061282478272915,-0.0041387951932847,0.9999726414680481,-0.0460988692939281,0.0000000000000000,0.0000000000000000,0.0000000000000000,1.0000000000000000
M 0.8531925678253174,0.5207945704460144,0.0289037805050611,-2.7536551952362061,-0.5210122466087341,0.8535491824150085,-0.0000000373098210,-4.8159461021423340,-0.0246708169579506,-0.0150591917335987,0.9995821714401245,-0.1906895637512207,0.0000000000000000,0.0000000000000000,0.0000000000000000,1.0000000000000000
M 0.8852809667587280,0.4607026278972626,0.0634872391819954,-2.2247440814971924,-0.4616339206695557,0.8870705366134644,-0.0000000387750845,-4.3102684020996094,-0.0563176795840263,-0.0293078310787678,0.9979826211929321,-0.4514465928077698,0.0000000000000000,0.0000000000000000,0.0000000000000000,1.0000000000000000
M 0.9168226122856140,0.3838355541229248,0.1100298613309860,-1.6380969285964966,-0.3861803412437439,0.9224233031272888,-0.0000000403204048,-3.6491050720214844,-0.1014941185712814,-0.0424913316965103,0.9939282536506653,-0.8464885950088501,0.0000000000000000,0.0000000000000000,0.0000000000000000,1.0000000000000000
M 0.9402787685394287,0.2964686751365662,0.1672786176204681,-1.0860005617141724,-0.3007057309150696,0.9537169933319092,-0.0000000416882955,-2.8776719570159912,-0.1595364809036255,-0.0503016002476215,0.9859096407890320,-1.3833577632904053,0.0000000000000000,0.0000000000000000,0.0000000000000000,1.0000000000000000
M 0.9500316381454468,0.2068444043397903,0.2337847799062729,-0.6468673944473267,-0.2127397507429123,0.9771088957786560,-0.0000000427107878,-2.0611402988433838,-0.2284332066774368,-0.0497352778911591,0.9722883701324463,-2.0531356334686279,0.0000000000000000,0.0000000000000000,0.0000000000000000,1.0000000000000000
M 0.9432756900787354,0.1243085712194443,0.3078609704971313,-0.3742994070053101,-0.1306542605161667,0.9914280176162720,-0.0000000433366942,-1.2799273729324341,-0.3052220046520233,-0.0402233079075813,0.9514313340187073,-2.8313179016113281,0.0000000000000000,0.0000000000000000,0.0000000000000000,1.0000000000000000
M 0.9200242161750793,0.0578800477087498,0.3875632882118225,-0.2934552729129791,-0.0627872869372368,0.9980269074440002,-0.0000000436251426,-0.6205891966819763,-0.3867985904216766,-0.0243340060114861,0.9218431115150452,-3.6838724613189697,0.0000000000000000,0.0000000000000000,0.0000000000000000,1.0000000000000000
M 0.8821657896041870,0.0148755358532071,0.4707039296627045,-0.4069739282131195,-0.0168600976467133,0.9998578429222107,-0.0000000437051746,-0.1676397174596786,-0.4706370234489441,-0.0079360762611032,0.8822911977767944,-4.5737977027893066,0.0000000000000000,0.0000000000000000,0.0000000000000000,1.0000000000000000
M 0.8319182395935059,0.0000000284659176,0.5548982024192810,-0.7080444097518921,0.0000000000000001,1.0000000000000000,-0.0000000512993488,-0.0000000122118742,-0.5548982024192810,0.0000000426768665,0.8319182395935059,-5.4625072479248047,0.0000000000000000,0.0000000000000000,0.0000000000000000,1.0000000000000000
M 0.7703319191932678,0.0000000327106768,0.6376430988311768,-1.1558718681335449,0.0000000000000001,1.0000000000000000,-0.0000000512993488,-0.0000000122118742,-0.6376430988311768,0.0000000395175270,0.7703319191932678,-6.3341274261474609,0.0000000000000000,0.0000000000000000,0.0000000000000000,1.0000000000000000
M 0.6976653337478638,0.0000000367520734,0.7164238095283508,-1.7137255668640137,0.0000000000000001,1.0000000000000000,-0.0000000512993488,-0.0000000122118742,-0.7164238095283508,0.0000000357897747,0.6976653337478638,-7.1859130859375000,0.0000000000000000,0.0000000000000000,0.0000000000000000,1.0000000000000000
M 0.6146013736724854,0.0000000404668690,0.7888378500938416,-2.3789620399475098,0.0000000000000001,1.0000000000000000,-0.0000000512993488,-0.0000000122118742,-0.7888378500938416,0.0000000315286499,0.6146013736724854,-7.9942827224731445,0.0000000000000000,0.0000000000000000,0.0000000000000000,1.0000000000000000
M 0.5223553180694580,0.0000000437443859,0.8527279496192932,-3.1435592174530029,0.0000000000000001,1.0000000000000000,-0.0000000512993488,-0.0000000122118742,-0.8527279496192932,0.0000000267964886,0.5223553180694580,-8.7371234893798828,0.0000000000000000,0.0000000000000000,0.0000000000000000,1.0000000000000000
M 0.4226182103157043,0.0000000464929997,0.9063078165054321,-3.9944639205932617,0.0000000000000001,1.0000000000000000,-0.0000000512993488,-0.0000000122118742,-0.9063078165054321,0.0000000216800391,0.4226182103157043,-9.3950519561767578,0.0000000000000000,0.0000000000000000,0.0000000000000000,1.0000000000000000
M 0.3174638152122498,0.0000000486456528,0.9482703804969788,-4.9142856597900391,0.0000000000000001,1.0000000000000000,-0.0000000512993488,-0.0000000122118742,-0.9482703804969788,0.0000000162856875,0.3174638152122498,-9.9525814056396484,0.0000000000000000,0.0000000000000000,0.0000000000000000,1.0000000000000000
M 0.2092266082763672,0.0000000501639477,0.9778671860694885,-5.8823175430297852,0.0000000000000001,1.0000000000000000,-0.0000000512993488,-0.0000000122118742,-0.9778671860694885,0.0000000107331894,0.2092266082763672,-10.3990497589111328,0.0000000000000000,0.0000000000000000,0.0000000000000000,1.0000000000000000
M 0.1003616601228714,0.0000000510403382,0.9949510097503662,-6.8757829666137695,0.0000000000000001,1.0000000000000000,-0.0000000512993488,-0.0000000122118742,-0.9949510097503662,0.0000000051484883,0.1003616601228714,-10.7292413711547852,0.0000000000000000,0.0000000000000000,0.0000000000000000,1.0000000000000000
M -0.0066968449391425,0.0000000512982012,0.9999775886535645,-7.8711614608764648,0.0000000000000001,1.0000000000000000,-0.0000000512993488,-0.0000000122118742,-0.9999775886535645,-0.0000000003435437,-0.0066968449391425,-10.9436244964599609,0.0000000000000000,0.0000000000000000,0.0000000000000000,1.0000000000000000
M -0.1096700876951218,0.0000000509899145,0.9939680695533752,-8.8454990386962891,0.0000000000000001,1.0000000000000000,-0.0000000512993488,-0.0000000122118742,-0.9939680695533752,-0.0000000056260041,-0.1096700876951218,-11.0482053756713867,0.0000000000000000,0.0000000000000000,0.0000000000000000,1.0000000000000000
M -0.2065456658601761,0.0000000501931758,0.9784369468688965,-9.7775754928588867,0.0000000000000001,1.0000000000000000,-0.0000000512993488,-0.0000000122118742,-0.9784369468688965,-0.0000000105956577,-0.2065456658601761,-11.0540332794189453,0.0000000000000000,0.0000000000000000,0.0000000000000000,1.0000000000000000
M -0.2956585884094238,0.0000000490059406,0.9552936553955078,-10.6488018035888672,0.0000000000000001,1.0000000000000000,-0.0000000512993488,-0.0000000122118742,-0.9552936553955078,-0.0000000151670925,-0.2956585884094238,-10.9763994216918945,0.0000000000000000,0.0000000000000000,0.0000000000000000,1.0000000000000000
M -0.3757327497005463,0.0000000475405457,0.9267280697822571,-11.4438009262084961,0.0000000000000001,1.0000000000000000,-0.0000000512993488,-0.0000000122118742,-0.9267280697822571,-0.0000000192748466,-0.3757327497005463,-10.8338317871093750,0.0000000000000000,0.0000000000000000,0.0000000000000000,1.0000000000000000
M -0.4458858072757721,0.0000000459175276,0.8950898647308350,-12.1506319046020508,0.0000000000000001,1.0000000000000000,-0.0000000512993488,-0.0000000122118742,-0.8950898647308350,-0.0000000228736532,-0.4458858072757721,-10.6469678878784180,0.0000000000000000,0.0000000000000000,0.0000000000000000,1.0000000000000000
M -0.5055879950523376,0.0000000442597994,0.8627750873565674,-12.7605848312377930,0.0000000000000001,1.0000000000000000,-0.0000000512993488,-0.0000000122118742,-0.8627750873565674,-0.0000000259363357,-0.5055879950523376,-10.4374351501464844,0.0000000000000000,0.0000000000000000,0.0000000000000000,1.0000000000000000
M -0.5545970201492310,0.0000000426871694,0.8321190476417542,-13.2677412033081055,0.0000000000000001,1.0000000000000000,-0.0000000512993488,-0.0000000122118742,-0.8321190476417542,-0.0000000284504669,-0.5545970201492310,-10.2267379760742188,0.0000000000000000,0.0000000000000000,0.0000000000000000,1.0000000000000000
M -0.5928570628166199,0.0000000413117611,0.8053077459335327,-13.6681632995605469,0.0000000000000001,1.0000000000000000,-0.0000000512993488,-0.0000000122118742,-0.8053077459335327,-0.0000000304131831,-0.5928570628166199,-10.0352745056152344,0.0000000000000000,0.0000000000000000,0.0000000000000000,1.0000000000000000
M -0.6203775405883789,0.0000000402342550,0.7843033671379089,-13.9588737487792969,0.0000000000000001,1.0000000000000000,-0.0000000512993488,-0.0000000122118742,-0.7843033671379089,-0.0000000318249640,-0.6203775405883789,-9.8814458847045898,0.0000000000000000,0.0000000000000000,0.0000000000000000,1.0000000000000000
M -0.6371049880981445,0.0000000395403603,0.7707770466804504,-14.1367597579956055,0.0000000000000001,1.0000000000000000,-0.0000000512993488,-0.0000000122118742,-0.7707770466804504,-0.0000000326830722,-0.6371049880981445,-9.7808284759521484,0.0000000000000000,0.0000000000000000,0.0000000000000000,1.0000000000000000
M -0.6427876353263855,0.0000000392975821,0.7660444378852844,-14.1974067687988281,0.0000000000000001,1.0000000000000000,-0.0000000512993488,-0.0000000122118742,-0.7660444378852844,-0.0000000329745902,-0.6427876353263855,-9.7453594207763672,0.0000000000000000,0.0000000000000000,0.0000000000000000,1.0000000000000000
M -0.6427876353263855,0.0000000392975821,0.7660444378852844,-14.1974067687988281,0.0000000000000001,1.0000000000000000,-0.0000000512993488,-0.0000000122118742,-0.7660444378852844,-0.0000000329745902,-0.6427876353263855,-9.7453594207763672,0.0000000000000000,0.0000000000000000,0.0000000000000000,1.0000000000000000
O door_2_part_3_INTERIOR_LCG_EL
A door_2_part_3_INTERIOR_LCG_EL_door_2_part_3_INTERIOR_LCG_EL
M 1.0000000000000000,0.0000000000000000,0.0000000000000000,0.0000000000000000,0.0000000000000000,1.0000000000000000,-0.0000000437113883,0.0000000000000000,-0.0000000000000000,0.0000000437113883,1.0000000000000000,-0.0000000000000000,0.0000000000000000,0.0000000000000000,0.0000000000000000,1.0000000000000000
