O DOOR_8_CONNECTING_mvp_dr1a_trailed
A DOOR_8_CONNECTING_mvp_dr1a_trailed_DOOR_8_CONNECTING_mvp_dr1a_trailed
M 1.0000000000000000,0.0000000000000000,0.0000000000000000,0.0000000000000000,0.0000000000000000,1.0000000000000000,-0.0000000437113883,0.0000000000000000,-0.0000000000000000,0.0000000437113883,1.0000000000000000,-0.0000000000000000,0.0000000000000000,0.0000000000000000,0.0000000000000000,1.0000000000000000
M 1.0000000000000000,0.0000000000000000,0.0000000000000000,0.0000000000000000,0.0000000000000000,1.0000000000000000,-0.0000000437113883,0.0000000000000000,-0.0000000000000000,0.0000000437113883,1.0000000000000000,-0.0000000000000000,0.0000000000000000,0.0000000000000000,0.0000000000000000,1.0000000000000000
M 1.0000000000000000,0.0000000000000000,0.0000000000000000,0.0000000000000000,0.0000000000000000,1.0000000000000000,-0.0000000437113883,0.0000000000000000,-0.0000000000000000,0.0000000437113883,1.0000000000000000,-0.0000000000000000,0.0000000000000000,0.0000000000000000,0.0000000000000000,1.0000000000000000
M 1.0000000000000000,0.0000000000000000,0.0000000000000000,0.0000000000000000,0.0000000000000000,1.0000000000000000,-0.0000000437113883,0.0000000000000000,-0.0000000000000000,0.0000000437113883,1.0000000000000000,-0.0000000000000000,0.0000000000000000,0.0000000000000000,0.0000000000000000,1.0000000000000000
M 1.0000000000000000,0.0000000000000000,0.0000000000000000,0.0000000000000000,0.0000000000000000,1.0000000000000000,-0.0000000437113883,0.0000000000000000,-0.0000000000000000,0.0000000437113883,1.0000000000000000,-0.0000000000000000,0.0000000000000000,0.0000000000000000,0.0000000000000000,1.0000000000000000
M 1.0000000000000000,0.0000000000000000,0.0000000000000000,0.0000000000000000,0.0000000000000000,1.0000000000000000,-0.0000000437113883,0.0000000000000000,-0.0000000000000000,0.0000000437113883,1.0000000000000000,-0.0000000000000000,0.0000000000000000,0.0000000000000000,0.0000000000000000,1.0000000000000000
M 0.9999031424522400,0.0000000006083993,0.0139185525476933,-0.0040454808622599,0.0000000000000000,1.0000000000000000,-0.0000000437113883,0.0000000000000000,-0.0139185525476933,0.0000000437071535,0.9999031424522400,0.1688040643930435,0.0000000000000000,0.0000000000000000,0.0000000000000000,1.0000000000000000
M 0.9985554814338684,0.0000000023486242,0.0537302605807781,-0.0026336517184973,0.0000000000000000,1.0000000000000000,-0.0000000437113883,0.0000000000000000,-0.0537302605807781,0.0000000436482459,0.9985554814338684,0.6520414948463440,0.0000000000000000,0.0000000000000000,0.0000000000000000,1.0000000000000000
M 0.9932062625885010,0.0000000050865800,0.1163673922419548,0.0387387350201607,0.0000000000000000,1.0000000000000000,-0.0000000437113883,0.0000000000000000,-0.1163673922419548,0.0000000434144241,0.9932062625885010,1.4135464429855347,0.0000000000000000,0.0000000000000000,0.0000000000000000,1.0000000000000000
M 0.9801329374313354,0.0000000086697893,0.1983416676521301,0.1665171980857849,0.0000000000000000,1.0000000000000000,-0.0000000437113883,0.0000000000000000,-0.1983416676521301,0.0000000428429701,0.9801329374313354,2.4124181270599365,0.0000000000000000,0.0000000000000000,0.0000000000000000,1.0000000000000000
M 0.9553428292274475,0.0000000129166988,0.2954996228218079,0.4306725263595581,0.0000000000000000,1.0000000000000000,-0.0000000437113883,0.0000000000000000,-0.2954996228218079,0.0000000417593604,0.9553428292274475,3.5997915267944336,0.0000000000000000,0.0000000000000000,0.0000000000000000,1.0000000000000000
M 0.9152411818504333,0.0000000176115993,0.4029064476490021,0.8766430616378784,0.0000000000000000,1.0000000000000000,-0.0000000437113883,0.0000000000000000,-0.4029064476490021,0.0000000400064621,0.9152411818504333,4.9171781539916992,0.0000000000000000,0.0000000000000000,0.0000000000000000,1.0000000000000000
M 0.8572347164154053,0.0000000225081234,0.5149258375167847,1.5379858016967773,0.0000000000000000,1.0000000000000000,-0.0000000437113883,0.0000000000000000,-0.5149258375167847,0.0000000374709188,0.8572347164154053,6.2972083091735840,0.0000000000000000,0.0000000000000000,0.0000000000000000,1.0000000000000000
M 0.7802121043205261,0.0000000273421303,0.6255150437355042,2.4304435253143311,0.0000000000000000,1.0000000000000000,-0.0000000437113883,0.0000000000000000,-0.6255150437355042,0.0000000341041542,0.7802121043205261,7.6670274734497070,0.0000000000000000,0.0000000000000000,0.0000000000000000,1.0000000000000000
M 0.6848333477973938,0.0000000318524762,0.7286996841430664,3.5482528209686279,0.0000000000000000,1.0000000000000000,-0.0000000437113883,0.0000000000000000,-0.7286996841430664,0.0000000299350162,0.6848333477973938,8.9539470672607422,0.0000000000000000,0.0000000000000000,0.0000000000000000,1.0000000000000000
M 0.5735764503479004,0.0000000358062735,0.8191520571708679,4.8633656501770020,0.0000000000000000,1.0000000000000000,-0.0000000437113883,0.0000000000000000,-0.8191520571708679,0.0000000250718237,0.5735764503479004,10.0924377441406250,0.0000000000000000,0.0000000000000000,0.0000000000000000,1.0000000000000000
M 0.4505270123481750,0.0000000390238988,0.8927627801895142,6.3277826309204102,0.0000000000000000,1.0000000000000000,-0.0000000437113883,0.0000000000000000,-0.8927627801895142,0.0000000196931609,0.4505270123481750,11.0311393737792969,0.0000000000000000,0.0000000000000000,0.0000000000000000,1.0000000000000000
M 0.3209435343742371,0.0000000413989838,0.9470983147621155,7.8786559104919434,0.0000000000000000,1.0000000000000000,-0.0000000437113883,0.0000000000000000,-0.9470983147621155,0.0000000140288874,0.3209435343742371,11.7385730743408203,0.0000000000000000,0.0000000000000000,0.0000000000000000,1.0000000000000000
M 0.1906806826591492,0.0000000429093774,0.9816521406173706,9.4451847076416016,0.0000000000000000,1.0000000000000000,-0.0000000437113883,0.0000000000000000,-0.9816521406173706,0.0000000083349176,0.1906806826591492,12.2063989639282227,0.0000000000000000,0.0000000000000000,0.0000000000000000,1.0000000000000000
M 0.0655773356556892,0.0000000436172982,0.9978474974632263,10.9560365676879883,0.0000000000000000,1.0000000000000000,-0.0000000437113883,0.0000000000000000,-0.9978474974632263,0.0000000028664764,0.0655773356556892,12.4496879577636719,0.0000000000000000,0.0000000000000000,0.0000000000000000,1.0000000000000000
M -0.0490677393972874,0.0000000436587371,0.9987954497337341,12.3457965850830078,0.0000000000000000,1.0000000000000000,-0.0000000437113883,0.0000000000000000,-0.9987954497337341,-0.0000000021448190,-0.0490677393972874,12.5041742324829102,0.0000000000000000,0.0000000000000000,0.0000000000000000,1.0000000000000000
M -0.1488452404737473,0.0000000432244640,0.9888604879379272,13.5593624114990234,0.0000000000000000,1.0000000000000000,-0.0000000437113883,0.0000000000000000,-0.9888604879379272,-0.0000000065062320,-0.1488452404737473,12.4211254119873047,0.0000000000000000,0.0000000000000000,0.0000000000000000,1.0000000000000000
M -0.2303471714258194,0.0000000425359232,0.9731085300445557,14.5535106658935547,0.0000000000000000,1.0000000000000000,-0.0000000437113883,0.0000000000000000,-0.9731085300445557,-0.0000000100687947,-0.2303471714258194,12.2606906890869141,0.0000000000000000,0.0000000000000000,0.0000000000000000,1.0000000000000000
M -0.2910361588001251,0.0000000418192130,0.9567120671272278,15.2955369949340820,0.0000000000000000,1.0000000000000000,-0.0000000437113883,0.0000000000000000,-0.9567120671272278,-0.0000000127215944,-0.2910361588001251,12.0846357345581055,0.0000000000000000,0.0000000000000000,0.0000000000000000,1.0000000000000000
M -0.3289080560207367,0.0000000412793710,0.9443619251251221,15.7593793869018555,0.0000000000000000,1.0000000000000000,-0.0000000437113883,0.0000000000000000,-0.9443619251251221,-0.0000000143770276,-0.3289080560207367,11.9490871429443359,0.0000000000000000,0.0000000000000000,0.0000000000000000,1.0000000000000000
M -0.3420201241970062,0.0000000410752676,0.9396926164627075,15.9201192855834961,0.0000000000000000,1.0000000000000000,-0.0000000437113883,0.0000000000000000,-0.9396926164627075,-0.0000000149501744,-0.3420201241970062,11.8973865509033203,0.0000000000000000,0.0000000000000000,0.0000000000000000,1.0000000000000000
O DOOR_8_TOGGLE_CG_CDR
A DOOR_8_TOGGLE_CG_CDR_DOOR_8_TOGGLE_CG_CDR
M 1.0000000000000000,0.0000000000000000,0.0000000000000000,0.0000000000000000,0.0000000000000000,1.0000000000000000,-0.0000000437113883,0.0000000000000000,-0.0000000000000000,0.0000000437113883,1.0000000000000000,-0.0000000000000000,0.0000000000000000,0.0000000000000000,0.0000000000000000,1.0000000000000000
M 1.0000000000000000,0.0000000000000000,0.0000000000000000,0.0000000000000000,0.0000000000000000,0.9980269074440002,-0.0627873465418816,-0.0127198640257120,-0.0000000000000000,0.0627873465418816,0.9980269074440002,-0.1577219665050507,0.0000000000000000,0.0000000000000000,0.0000000000000000,1.0000000000000000
M 1.0000000000000000,0.0000000000000000,0.0000000000000000,0.0000000000000000,0.0000000000000000,0.9771088957786560,-0.2127397954463959,-0.0025327764451504,-0.0000000000000000,0.2127397954463959,0.9771088957786560,-0.5389611124992371,0.0000000000000000,0.0000000000000000,0.0000000000000000,1.0000000000000000
M 1.0000000000000000,0.0000000000000000,0.0000000000000000,0.0000000000000000,0.0000000000000000,0.9224233031272888,-0.3861804306507111,0.0855740755796432,-0.0000000000000000,0.3861804306507111,0.9224233031272888,-0.9884921908378601,0.0000000000000000,0.0000000000000000,0.0000000000000000,1.0000000000000000
M 1.0000000000000000,0.0000000000000000,0.0000000000000000,0.0000000000000000,0.0000000000000000,0.8535491824150085,-0.5210123062133789,0.2200559228658676,-0.0000000000000000,0.5210123062133789,0.8535491824150085,-1.3453695774078369,0.0000000000000000,0.0000000000000000,0.0000000000000000,1.0000000000000000
M 1.0000000000000000,0.0000000000000000,0.0000000000000000,0.0000000000000000,0.0000000000000000,0.8191520571708679,-0.5735765099525452,0.2913739979267120,-0.0000000000000000,0.5735765099525452,0.8191520571708679,-1.4866206645965576,0.0000000000000000,0.0000000000000000,0.0000000000000000,1.0000000000000000
M 0.9999031424522400,0.0077899894677103,0.0115343909710646,-0.0242159068584442,0.0000000000000000,0.8287062048912048,-0.5596839189529419,0.2713655233383179,-0.0139185525476933,0.5596297383308411,0.8286259174346924,-1.2802138328552246,0.0000000000000000,0.0000000000000000,0.0000000000000000,1.0000000000000000
M 0.9985554814338684,0.0279941260814667,0.0458614192903042,-0.0749213844537735,0.0000000000000000,0.8535491824150085,-0.5210123062133789,0.2200559228658676,-0.0537302605807781,0.5202596783638000,0.8523162007331848,-0.6913846135139465,0.0000000000000000,0.0000000000000000,0.0000000000000000,1.0000000000000000
M 0.9932062625885010,0.0537191368639469,0.1032260879874229,-0.0994245409965515,0.0000000000000000,0.8870705366134644,-0.4616339206695557,0.1528465896844864,-0.1163673922419548,0.4584977030754089,0.8810440301895142,0.2343049496412277,0.0000000000000000,0.0000000000000000,0.0000000000000000,1.0000000000000000
M 0.9801329374313354,0.0765956565737724,0.1829549819231033,-0.0295415297150612,0.0000000000000000,0.9224233031272888,-0.3861803412437439,0.0855740979313850,-0.1983416676521301,0.3785080611705780,0.9040974378585815,1.4435645341873169,0.0000000000000000,0.0000000000000000,0.0000000000000000,1.0000000000000000
M 0.9553428292274475,0.0888584330677986,0.2818230092525482,0.2043991386890411,0.0000000000000000,0.9537169933319092,-0.3007057309150696,0.0312804728746414,-0.2954996228218079,0.2872770726680756,0.9111266732215881,2.8682534694671631,0.0000000000000000,0.0000000000000000,0.0000000000000000,1.0000000000000000
M 0.9152411818504333,0.0857141837477684,0.3936834633350372,0.6594924330711365,0.0000000000000000,0.9771088957786560,-0.2127396762371063,-0.0025327429175377,-0.4029064476490021,0.1947081238031387,0.8942903280258179,4.4238986968994141,0.0000000000000000,0.0000000000000000,0.0000000000000000,1.0000000000000000
M 0.8572347164154053,0.0672772601246834,0.5105118751525879,1.3683382272720337,0.0000000000000000,0.9914280176162720,-0.1306542754173279,-0.0152893364429474,-0.5149258375167847,0.1120013818144798,0.8498865365982056,6.0147843360900879,0.0000000000000000,0.0000000000000000,0.0000000000000000,1.0000000000000000
M 0.7802121043205261,0.0392743423581123,0.6242808699607849,2.3317866325378418,0.0000000000000000,0.9980269670486450,-0.0627872124314308,-0.0127200651913881,-0.6255150437355042,0.0489873401820660,0.7786726951599121,7.5439710617065430,0.0000000000000000,0.0000000000000000,0.0000000000000000,1.0000000000000000
M 0.6848333477973938,0.0122859794646502,0.7285960912704468,3.5174705982208252,0.0000000000000000,0.9998578429222107,-0.0168601404875517,-0.0043859477154911,-0.7286996841430664,0.0115463873371482,0.6847360134124756,8.9250183105468750,0.0000000000000000,0.0000000000000000,0.0000000000000000,1.0000000000000000
M 0.5735764503479004,-0.0000000560202267,0.8191520571708679,4.8633656501770020,-0.0000000101538733,1.0000000000000000,0.0000000754978871,0.0000001566472179,-0.8191520571708679,-0.0000000516213738,0.5735764503479004,10.0924386978149414,0.0000000000000000,0.0000000000000000,0.0000000000000000,1.0000000000000000
M 0.4505270123481750,-0.0000000628271124,0.8927627801895142,6.3277835845947266,-0.0000000101538733,1.0000000000000000,0.0000000754978871,0.0000001566472179,-0.8927627801895142,-0.0000000430788347,0.4505270123481750,11.0311403274536133,0.0000000000000000,0.0000000000000000,0.0000000000000000,1.0000000000000000
M 0.3209435343742371,-0.0000000682451002,0.9470983147621155,7.8786563873291016,-0.0000000101538733,1.0000000000000000,0.0000000754978871,0.0000001566472179,-0.9470983147621155,-0.0000000338472752,0.3209435343742371,11.7385730743408203,0.0000000000000000,0.0000000000000000,0.0000000000000000,1.0000000000000000
M 0.1906806677579880,-0.0000000721765190,0.9816521406173706,9.4451856613159180,-0.0000000101538733,1.0000000000000000,0.0000000754978871,0.0000001566472179,-0.9816521406173706,-0.0000000243635565,0.1906806677579880,12.2063989639282227,0.0000000000000000,0.0000000000000000,0.0000000000000000,1.0000000000000000
M 0.0655773282051086,-0.0000000746695150,0.9978474974632263,10.9560365676879883,-0.0000000101538733,1.0000000000000000,0.0000000754978871,0.0000001566472179,-0.9978474974632263,-0.0000000150829678,0.0655773282051086,12.4496879577636719,0.0000000000000000,0.0000000000000000,0.0000000000000000,1.0000000000000000
M -0.0490677468478680,-0.0000000759051701,0.9987954497337341,12.3457965850830078,-0.0000000101538733,1.0000000000000000,0.0000000754978871,0.0000001566472179,-0.9987954497337341,-0.0000000064371304,-0.0490677468478680,12.5041742324829102,0.0000000000000000,0.0000000000000000,0.0000000000000000,1.0000000000000000
M -0.1488452553749084,-0.0000000761682344,0.9888604879379272,13.5593633651733398,-0.0000000101538733,1.0000000000000000,0.0000000754978871,0.0000001566472179,-0.9888604879379272,0.0000000011967387,-0.1488452553749084,12.4211254119873047,0.0000000000000000,0.0000000000000000,0.0000000000000000,1.0000000000000000
M -0.2303471863269806,-0.0000000758065539,0.9731085300445557,14.5535106658935547,-0.0000000101538733,1.0000000000000000,0.0000000754978871,0.0000001566472179,-0.9731085300445557,0.0000000075099038,-0.2303471863269806,12.2606906890869141,0.0000000000000000,0.0000000000000000,0.0000000000000000,1.0000000000000000
M -0.2910361588001251,-0.0000000751848788,0.9567120671272278,15.2955379486083984,-0.0000000101538733,1.0000000000000000,0.0000000754978871,0.0000001566472179,-0.9567120671272278,0.0000000122582851,-0.2910361588001251,12.0846357345581055,0.0000000000000000,0.0000000000000000,0.0000000000000000,1.0000000000000000
M -0.3289080560207367,-0.0000000746370219,0.9443619251251221,15.7593793869018555,-0.0000000101538733,1.0000000000000000,0.0000000754978871,0.0000001566472179,-0.9443619251251221,0.0000000152429340,-0.3289080560207367,11.9490871429443359,0.0000000000000000,0.0000000000000000,0.0000000000000000,1.0000000000000000
M -0.3420201241970062,-0.0000000744176347,0.9396926164627075,15.9201183319091797,-0.0000000101538733,1.0000000000000000,0.0000000754978871,0.0000001566472179,-0.9396926164627075,0.0000000162802820,-0.3420201241970062,11.8973875045776367,0.0000000000000000,0.0000000000000000,0.0000000000000000,1.0000000000000000
O DOOR_8_INTERIOR_LCG_IL
A DOOR_8_INTERIOR_LCG_IL_DOOR_8_INTERIOR_LCG_IL
M 1.0000000000000000,0.0000000000000000,0.0000000000000000,0.0000000000000000,0.0000000000000000,1.0000000000000000,-0.0000000437113883,0.0000000000000000,-0.0000000000000000,0.0000000437113883,1.0000000000000000,-0.0000000000000000,0.0000000000000000,0.0000000000000000,0.0000000000000000,1.0000000000000000
M 1.0000000000000000,0.0000000000000000,0.0000000000000000,0.0000000000000000,0.0000000000000000,0.9980269074440002,-0.0627873465418816,-0.0127198640257120,-0.0000000000000000,0.0627873465418816,0.9980269074440002,-0.1577219665050507,0.0000000000000000,0.0000000000000000,0.0000000000000000,1.0000000000000000
M 1.0000000000000000,0.0000000000000000,0.0000000000000000,0.0000000000000000,0.0000000000000000,0.9771088957786560,-0.2127397954463959,-0.0025327764451504,-0.0000000000000000,0.2127397954463959,0.9771088957786560,-0.5389611124992371,0.0000000000000000,0.0000000000000000,0.0000000000000000,1.0000000000000000
M 1.0000000000000000,0.0000000000000000,0.0000000000000000,0.0000000000000000,0.0000000000000000,0.9224233031272888,-0.3861804306507111,0.0855740755796432,-0.0000000000000000,0.3861804306507111,0.9224233031272888,-0.9884921908378601,0.0000000000000000,0.0000000000000000,0.0000000000000000,1.0000000000000000
M 1.0000000000000000,0.0000000000000000,0.0000000000000000,0.0000000000000000,0.0000000000000000,0.8535491824150085,-0.5210123062133789,0.2200559228658676,-0.0000000000000000,0.5210123062133789,0.8535491824150085,-1.3453695774078369,0.0000000000000000,0.0000000000000000,0.0000000000000000,1.0000000000000000
M 1.0000000000000000,0.0000000000000000,0.0000000000000000,0.0000000000000000,0.0000000000000000,0.8191520571708679,-0.5735765099525452,0.2913739979267120,-0.0000000000000000,0.5735765099525452,0.8191520571708679,-1.4866206645965576,0.0000000000000000,0.0000000000000000,0.0000000000000000,1.0000000000000000
M 0.9999031424522400,0.0077899894677103,0.0115343909710646,-0.0242159068584442,0.0000000000000000,0.8287062048912048,-0.5596839189529419,0.2713655233383179,-0.0139185525476933,0.5596297383308411,0.8286259174346924,-1.2802138328552246,0.0000000000000000,0.0000000000000000,0.0000000000000000,1.0000000000000000
M 0.9985554814338684,0.0279941260814667,0.0458614192903042,-0.0749213844537735,0.0000000000000000,0.8535491824150085,-0.5210123062133789,0.2200559228658676,-0.0537302605807781,0.5202596783638000,0.8523162007331848,-0.6913846731185913,0.0000000000000000,0.0000000000000000,0.0000000000000000,1.0000000000000000
M 0.9932062625885010,0.0537191368639469,0.1032260879874229,-0.0994245409965515,0.0000000000000000,0.8870705366134644,-0.4616339206695557,0.1528465896844864,-0.1163673922419548,0.4584977030754089,0.8810440301895142,0.2343049496412277,0.0000000000000000,0.0000000000000000,0.0000000000000000,1.0000000000000000
M 0.9801329374313354,0.0765956565737724,0.1829549819231033,-0.0295415297150612,0.0000000000000000,0.9224233031272888,-0.3861803412437439,0.0855740979313850,-0.1983416676521301,0.3785080611705780,0.9040974378585815,1.4435645341873169,0.0000000000000000,0.0000000000000000,0.0000000000000000,1.0000000000000000
M 0.9553428292274475,0.0888584330677986,0.2818230092525482,0.2043991386890411,0.0000000000000000,0.9537169933319092,-0.3007057309150696,0.0312804728746414,-0.2954996228218079,0.2872770726680756,0.9111266732215881,2.8682534694671631,0.0000000000000000,0.0000000000000000,0.0000000000000000,1.0000000000000000
M 0.9152411818504333,0.0857141837477684,0.3936834633350372,0.6594924330711365,0.0000000000000000,0.9771088957786560,-0.2127396762371063,-0.0025327429175377,-0.4029064476490021,0.1947081238031387,0.8942903280258179,4.4238986968994141,0.0000000000000000,0.0000000000000000,0.0000000000000000,1.0000000000000000
M 0.8572347164154053,0.0672772601246834,0.5105118751525879,1.3683382272720337,0.0000000000000000,0.9914280176162720,-0.1306542754173279,-0.0152893364429474,-0.5149258375167847,0.1120013818144798,0.8498865365982056,6.0147843360900879,0.0000000000000000,0.0000000000000000,0.0000000000000000,1.0000000000000000
M 0.7802121043205261,0.0392743423581123,0.6242808699607849,2.3317866325378418,0.0000000000000000,0.9980269670486450,-0.0627872124314308,-0.0127200651913881,-0.6255150437355042,0.0489873401820660,0.7786726951599121,7.5439710617065430,0.0000000000000000,0.0000000000000000,0.0000000000000000,1.0000000000000000
M 0.6848333477973938,0.0122859794646502,0.7285960912704468,3.5174705982208252,0.0000000000000000,0.9998578429222107,-0.0168601404875517,-0.0043859477154911,-0.7286996841430664,0.0115463873371482,0.6847360134124756,8.9250183105468750,0.0000000000000000,0.0000000000000000,0.0000000000000000,1.0000000000000000
M 0.5735764503479004,-0.0000000560202267,0.8191520571708679,4.8633656501770020,-0.0000000101538733,1.0000000000000000,0.0000000754978871,0.0000001566472179,-0.8191520571708679,-0.0000000516213738,0.5735764503479004,10.0924386978149414,0.0000000000000000,0.0000000000000000,0.0000000000000000,1.0000000000000000
M 0.4505270123481750,-0.0000000628271124,0.8927627801895142,6.3277835845947266,-0.0000000101538733,1.0000000000000000,0.0000000754978871,0.0000001566472179,-0.8927627801895142,-0.0000000430788347,0.4505270123481750,11.0311403274536133,0.0000000000000000,0.0000000000000000,0.0000000000000000,1.0000000000000000
M 0.3209435343742371,-0.0000000682451002,0.9470983147621155,7.8786563873291016,-0.0000000101538733,1.0000000000000000,0.0000000754978871,0.0000001566472179,-0.9470983147621155,-0.0000000338472752,0.3209435343742371,11.7385730743408203,0.0000000000000000,0.0000000000000000,0.0000000000000000,1.0000000000000000
M 0.1906806677579880,-0.0000000721765190,0.9816521406173706,9.4451856613159180,-0.0000000101538733,1.0000000000000000,0.0000000754978871,0.0000001566472179,-0.9816521406173706,-0.0000000243635565,0.1906806677579880,12.2063989639282227,0.0000000000000000,0.0000000000000000,0.0000000000000000,1.0000000000000000
M 0.0655773282051086,-0.0000000746695150,0.9978474974632263,10.9560365676879883,-0.0000000101538733,1.0000000000000000,0.0000000754978871,0.0000001566472179,-0.9978474974632263,-0.0000000150829678,0.0655773282051086,12.4496879577636719,0.0000000000000000,0.0000000000000000,0.0000000000000000,1.0000000000000000
M -0.0490677468478680,-0.0000000759051701,0.9987954497337341,12.3457965850830078,-0.0000000101538733,1.0000000000000000,0.0000000754978871,0.0000001566472179,-0.9987954497337341,-0.0000000064371304,-0.0490677468478680,12.5041742324829102,0.0000000000000000,0.0000000000000000,0.0000000000000000,1.0000000000000000
M -0.1488452553749084,-0.0000000761682344,0.9888604879379272,13.5593633651733398,-0.0000000101538733,1.0000000000000000,0.0000000754978871,0.0000001566472179,-0.9888604879379272,0.0000000011967387,-0.1488452553749084,12.4211254119873047,0.0000000000000000,0.0000000000000000,0.0000000000000000,1.0000000000000000
M -0.2303471863269806,-0.0000000758065539,0.9731085300445557,14.5535106658935547,-0.0000000101538733,1.0000000000000000,0.0000000754978871,0.0000001566472179,-0.9731085300445557,0.0000000075099038,-0.2303471863269806,12.2606906890869141,0.0000000000000000,0.0000000000000000,0.0000000000000000,1.0000000000000000
M -0.2910361588001251,-0.0000000751848788,0.9567120671272278,15.2955379486083984,-0.0000000101538733,1.0000000000000000,0.0000000754978871,0.0000001566472179,-0.9567120671272278,0.0000000122582851,-0.2910361588001251,12.0846357345581055,0.0000000000000000,0.0000000000000000,0.0000000000000000,1.0000000000000000
M -0.3289080560207367,-0.0000000746370219,0.9443619251251221,15.7593793869018555,-0.0000000101538733,1.0000000000000000,0.0000000754978871,0.0000001566472179,-0.9443619251251221,0.0000000152429340,-0.3289080560207367,11.9490871429443359,0.0000000000000000,0.0000000000000000,0.0000000000000000,1.0000000000000000
M -0.3420201241970062,-0.0000000744176347,0.9396926164627075,15.9201183319091797,-0.0000000101538733,1.0000000000000000,0.0000000754978871,0.0000001566472179,-0.9396926164627075,0.0000000162802820,-0.3420201241970062,11.8973875045776367,0.0000000000000000,0.0000000000000000,0.0000000000000000,1.0000000000000000
O DOOR_8_INTERIOR_LCG_IL_mvp_dr1a_trailed
A DOOR_8_INTERIOR_LCG_IL_mvp_dr1a_trailed_DOOR_8_INTERIOR_LCG_IL_mvp_dr1a_trailed
M 1.0000000000000000,0.0000000000000000,0.0000000000000000,0.0000000000000000,0.0000000000000000,1.0000000000000000,-0.0000000437113883,0.0000000000000000,-0.0000000000000000,0.0000000437113883,1.0000000000000000,-0.0000000000000000,0.0000000000000000,0.0000000000000000,0.0000000000000000,1.0000000000000000
M 1.0000000000000000,0.0000000000000000,0.0000000000000000,0.0000000000000000,0.0000000000000000,1.0000000000000000,-0.0000000437113883,0.0000000000000000,-0.0000000000000000,0.0000000437113883,1.0000000000000000,-0.0000000000000000,0.0000000000000000,0.0000000000000000,0.0000000000000000,1.0000000000000000
M 1.0000000000000000,0.0000000000000000,0.0000000000000000,0.0000000000000000,0.0000000000000000,1.0000000000000000,-0.0000000437113883,0.0000000000000000,-0.0000000000000000,0.0000000437113883,1.0000000000000000,-0.0000000000000000,0.0000000000000000,0.0000000000000000,0.0000000000000000,1.0000000000000000
M 1.0000000000000000,0.0000000000000000,0.0000000000000000,0.0000000000000000,0.0000000000000000,1.0000000000000000,-0.0000000437113883,0.0000000000000000,-0.0000000000000000,0.0000000437113883,1.0000000000000000,-0.0000000000000000,0.0000000000000000,0.0000000000000000,0.0000000000000000,1.0000000000000000
M 1.0000000000000000,0.0000000000000000,0.0000000000000000,0.0000000000000000,0.0000000000000000,1.0000000000000000,-0.0000000437113883,0.0000000000000000,-0.0000000000000000,0.0000000437113883,1.0000000000000000,-0.0000000000000000,0.0000000000000000,0.0000000000000000,0.0000000000000000,1.0000000000000000
M 1.0000000000000000,0.0000000000000000,0.0000000000000000,0.0000000000000000,0.0000000000000000,1.0000000000000000,-0.0000000437113883,0.0000000000000000,-0.0000000000000000,0.0000000437113883,1.0000000000000000,-0.0000000000000000,0.0000000000000000,0.0000000000000000,0.0000000000000000,1.0000000000000000
M 0.9999031424522400,0.0000000006083993,0.0139185525476933,-0.0040454808622599,0.0000000000000000,1.0000000000000000,-0.0000000437113883,0.0000000000000000,-0.0139185525476933,0.0000000437071535,0.9999031424522400,0.1688040643930435,0.0000000000000000,0.0000000000000000,0.0000000000000000,1.0000000000000000
M 0.9985554814338684,0.0000000023486242,0.0537302605807781,-0.0026336517184973,0.0000000000000000,1.0000000000000000,-0.0000000437113883,0.0000000000000000,-0.0537302605807781,0.0000000436482459,0.9985554814338684,0.6520414948463440,0.0000000000000000,0.0000000000000000,0.0000000000000000,1.0000000000000000
M 0.9932062625885010,0.0000000050865800,0.1163673922419548,0.0387387350201607,0.0000000000000000,1.0000000000000000,-0.0000000437113883,0.0000000000000000,-0.1163673922419548,0.0000000434144241,0.9932062625885010,1.4135464429855347,0.0000000000000000,0.0000000000000000,0.0000000000000000,1.0000000000000000
M 0.9801329374313354,0.0000000086697893,0.1983416676521301,0.1665171980857849,0.0000000000000000,1.0000000000000000,-0.0000000437113883,0.0000000000000000,-0.1983416676521301,0.0000000428429701,0.9801329374313354,2.4124181270599365,0.0000000000000000,0.0000000000000000,0.0000000000000000,1.0000000000000000
M 0.9553428292274475,0.0000000129166988,0.2954996228218079,0.4306725263595581,0.0000000000000000,1.0000000000000000,-0.0000000437113883,0.0000000000000000,-0.2954996228218079,0.0000000417593604,0.9553428292274475,3.5997915267944336,0.0000000000000000,0.0000000000000000,0.0000000000000000,1.0000000000000000
M 0.9152411818504333,0.0000000176115993,0.4029064476490021,0.8766430616378784,0.0000000000000000,1.0000000000000000,-0.0000000437113883,0.0000000000000000,-0.4029064476490021,0.0000000400064621,0.9152411818504333,4.9171781539916992,0.0000000000000000,0.0000000000000000,0.0000000000000000,1.0000000000000000
M 0.8572347164154053,0.0000000225081234,0.5149258375167847,1.5379858016967773,0.0000000000000000,1.0000000000000000,-0.0000000437113883,0.0000000000000000,-0.5149258375167847,0.0000000374709188,0.8572347164154053,6.2972087860107422,0.0000000000000000,0.0000000000000000,0.0000000000000000,1.0000000000000000
M 0.7802121043205261,0.0000000273421303,0.6255150437355042,2.4304435253143311,0.0000000000000000,1.0000000000000000,-0.0000000437113883,0.0000000000000000,-0.6255150437355042,0.0000000341041542,0.7802121043205261,7.6670274734497070,0.0000000000000000,0.0000000000000000,0.0000000000000000,1.0000000000000000
M 0.6848333477973938,0.0000000318524762,0.7286996841430664,3.5482528209686279,0.0000000000000000,1.0000000000000000,-0.0000000437113883,0.0000000000000000,-0.7286996841430664,0.0000000299350162,0.6848333477973938,8.9539480209350586,0.0000000000000000,0.0000000000000000,0.0000000000000000,1.0000000000000000
M 0.5735764503479004,0.0000000358062735,0.8191520571708679,4.8633656501770020,0.0000000000000000,1.0000000000000000,-0.0000000437113883,0.0000000000000000,-0.8191520571708679,0.0000000250718237,0.5735764503479004,10.0924386978149414,0.0000000000000000,0.0000000000000000,0.0000000000000000,1.0000000000000000
M 0.4505270123481750,0.0000000390238988,0.8927627801895142,6.3277826309204102,0.0000000000000000,1.0000000000000000,-0.0000000437113883,0.0000000000000000,-0.8927627801895142,0.0000000196931609,0.4505270123481750,11.0311403274536133,0.0000000000000000,0.0000000000000000,0.0000000000000000,1.0000000000000000
M 0.3209435343742371,0.0000000413989838,0.9470983147621155,7.8786559104919434,0.0000000000000000,1.0000000000000000,-0.0000000437113883,0.0000000000000000,-0.9470983147621155,0.0000000140288874,0.3209435343742371,11.7385730743408203,0.0000000000000000,0.0000000000000000,0.0000000000000000,1.0000000000000000
M 0.1906806826591492,0.0000000429093774,0.9816521406173706,9.4451847076416016,0.0000000000000000,1.0000000000000000,-0.0000000437113883,0.0000000000000000,-0.9816521406173706,0.0000000083349176,0.1906806826591492,12.2063989639282227,0.0000000000000000,0.0000000000000000,0.0000000000000000,1.0000000000000000
M 0.0655773356556892,0.0000000436172982,0.9978474974632263,10.9560365676879883,0.0000000000000000,1.0000000000000000,-0.0000000437113883,0.0000000000000000,-0.9978474974632263,0.0000000028664764,0.0655773356556892,12.4496879577636719,0.0000000000000000,0.0000000000000000,0.0000000000000000,1.0000000000000000
M -0.0490677393972874,0.0000000436587371,0.9987954497337341,12.3457965850830078,0.0000000000000000,1.0000000000000000,-0.0000000437113883,0.0000000000000000,-0.9987954497337341,-0.0000000021448190,-0.0490677393972874,12.5041742324829102,0.0000000000000000,0.0000000000000000,0.0000000000000000,1.0000000000000000
M -0.1488452404737473,0.0000000432244640,0.9888604879379272,13.5593624114990234,0.0000000000000000,1.0000000000000000,-0.0000000437113883,0.0000000000000000,-0.9888604879379272,-0.0000000065062320,-0.1488452404737473,12.4211254119873047,0.0000000000000000,0.0000000000000000,0.0000000000000000,1.0000000000000000
M -0.2303471714258194,0.0000000425359232,0.9731085300445557,14.5535106658935547,0.0000000000000000,1.0000000000000000,-0.0000000437113883,0.0000000000000000,-0.9731085300445557,-0.0000000100687947,-0.2303471714258194,12.2606906890869141,0.0000000000000000,0.0000000000000000,0.0000000000000000,1.0000000000000000
M -0.2910361588001251,0.0000000418192130,0.9567120671272278,15.2955369949340820,0.0000000000000000,1.0000000000000000,-0.0000000437113883,0.0000000000000000,-0.9567120671272278,-0.0000000127215944,-0.2910361588001251,12.0846357345581055,0.0000000000000000,0.0000000000000000,0.0000000000000000,1.0000000000000000
M -0.3289080560207367,0.0000000412793710,0.9443619251251221,15.7593793869018555,0.0000000000000000,1.0000000000000000,-0.0000000437113883,0.0000000000000000,-0.9443619251251221,-0.0000000143770276,-0.3289080560207367,11.9490871429443359,0.0000000000000000,0.0000000000000000,0.0000000000000000,1.0000000000000000
M -0.3420201241970062,0.0000000410752676,0.9396926164627075,15.9201192855834961,0.0000000000000000,1.0000000000000000,-0.0000000437113883,0.0000000000000000,-0.9396926164627075,-0.0000000149501744,-0.3420201241970062,11.8973875045776367,0.0000000000000000,0.0000000000000000,0.0000000000000000,1.0000000000000000
