O door_12_part_1_INTERIOR_LCG_IL
A door_12_part_1_INTERIOR_LCG_IL_door_12_part_1_INTERIOR_LCG_IL
M 1.0000000000000000,0.0000000000000000,0.0000000000000000,0.0000000000000000,0.0000000000000000,1.0000000000000000,-0.0000000437113883,0.0000000000000000,-0.0000000000000000,0.0000000437113883,1.0000000000000000,-0.0000000000000000,0.0000000000000000,0.0000000000000000,0.0000000000000000,1.0000000000000000
M 1.0000000000000000,0.0000000000000000,0.0000000000000000,0.0000000000000000,0.0000000000000000,1.0000000000000000,-0.0000000437113883,0.0000000000000000,-0.0000000000000000,0.0000000437113883,1.0000000000000000,-0.0000000000000000,0.0000000000000000,0.0000000000000000,0.0000000000000000,1.0000000000000000
M 1.0000000000000000,0.0000000000000000,0.0000000000000000,0.0000000000000000,0.0000000000000000,1.0000000000000000,-0.0000000437113883,0.0000000000000000,-0.0000000000000000,0.0000000437113883,1.0000000000000000,-0.0000000000000000,0.0000000000000000,0.0000000000000000,0.0000000000000000,1.0000000000000000
M 1.0000000000000000,0.0000000000000000,0.0000000000000000,0.0000000000000000,0.0000000000000000,1.0000000000000000,-0.0000000437113883,0.0000000000000000,-0.0000000000000000,0.0000000437113883,1.0000000000000000,-0.0000000000000000,0.0000000000000000,0.0000000000000000,0.0000000000000000,1.0000000000000000
M 1.0000000000000000,0.0000000000000000,0.0000000000000000,0.0000000000000000,0.0000000000000000,1.0000000000000000,-0.0000000437113883,0.0000000000000000,-0.0000000000000000,0.0000000437113883,1.0000000000000000,-0.0000000000000000,0.0000000000000000,0.0000000000000000,0.0000000000000000,1.0000000000000000
M 1.0000000000000000,0.0000000000000000,0.0000000000000000,0.0000000000000000,0.0000000000000000,1.0000000000000000,-0.0000000437113883,0.0000000000000000,-0.0000000000000000,0.0000000437113883,1.0000000000000000,-0.0000000000000000,0.0000000000000000,0.0000000000000000,0.0000000000000000,1.0000000000000000
M 1.0000000000000000,0.0000000000000000,0.0000000000000000,0.0000000000000000,0.0000000000000000,1.0000000000000000,-0.0000000437113883,0.0000000000000000,-0.0000000000000000,0.0000000437113883,1.0000000000000000,-0.0000000000000000,0.0000000000000000,0.0000000000000000,0.0000000000000000,1.0000000000000000
M 1.0000000000000000,0.0000000000000000,0.0000000000000000,0.0000000000000000,0.0000000000000000,1.0000000000000000,-0.0000000437113883,0.0000000000000000,-0.0000000000000000,0.0000000437113883,1.0000000000000000,-0.0000000000000000,0.0000000000000000,0.0000000000000000,0.0000000000000000,1.0000000000000000
M 1.0000000000000000,0.0000000000000000,0.0000000000000000,0.0000000000000000,0.0000000000000000,1.0000000000000000,-0.0000000437113883,0.0000000000000000,-0.0000000000000000,0.0000000437113883,1.0000000000000000,-0.0000000000000000,0.0000000000000000,0.0000000000000000,0.0000000000000000,1.0000000000000000
M 1.0000000000000000,0.0000000000000000,0.0000000000000000,0.0000000000000000,0.0000000000000000,1.0000000000000000,-0.0000000437113883,0.0000000000000000,-0.0000000000000000,0.0000000437113883,1.0000000000000000,-0.0000000000000000,0.0000000000000000,0.0000000000000000,0.0000000000000000,1.0000000000000000
M 1.0000000000000000,0.0000000000000000,0.0000000000000000,0.0000000000000000,0.0000000000000000,1.0000000000000000,-0.0000000437113883,0.0000000000000000,-0.0000000000000000,0.0000000437113883,1.0000000000000000,-0.0000000000000000,0.0000000000000000,0.0000000000000000,0.0000000000000000,1.0000000000000000
M 0.9999766945838928,0.0000000002983794,0.0068261241540313,0.0067405332811177,0.0000000000000000,1.0000000000000000,-0.0000000437113883,0.0000000000000000,-0.0068261241540313,0.0000000437103687,0.9999766945838928,-0.0250597912818193,0.0000000000000000,0.0000000000000000,0.0000000000000000,1.0000000000000000
M 0.9996439814567566,0.0000000011662628,0.0266809817403555,0.0253751687705517,0.0000000000000000,1.0000000000000000,-0.0000000437113883,0.0000000000000000,-0.0266809817403555,0.0000000436958274,0.9996439814567566,-0.0982150733470917,0.0000000000000000,0.0000000000000000,0.0000000000000000,1.0000000000000000
M 0.9982810020446777,0.0000000025619009,0.0586094595491886,0.0523047335445881,0.0000000000000000,1.0000000000000000,-0.0000000437113883,0.0000000000000000,-0.0586094595491886,0.0000000436362484,0.9982810020446777,-0.2166835814714432,0.0000000000000000,0.0000000000000000,0.0000000000000000,1.0000000000000000
M 0.9948256611824036,0.0000000044409241,0.1015965044498444,0.0826184079051018,0.0000000000000000,1.0000000000000000,-0.0000000437113883,0.0000000000000000,-0.1015965044498444,0.0000000434852119,0.9948256611824036,-0.3778044581413269,0.0000000000000000,0.0000000000000000,0.0000000000000000,1.0000000000000000
M 0.9879898428916931,0.0000000067542318,0.1545188128948212,0.1104686260223389,0.0000000000000000,1.0000000000000000,-0.0000000437113883,0.0000000000000000,-0.1545188128948212,0.0000000431864073,0.9879898428916931,-0.5787458419799805,0.0000000000000000,0.0000000000000000,0.0000000000000000,1.0000000000000000
M 0.9763715267181396,0.0000000094459791,0.2160988152027130,0.1294356137514114,0.0000000000000000,1.0000000000000000,-0.0000000437113883,0.0000000000000000,-0.2160988152027130,0.0000000426785540,0.9763715267181396,-0.8162239789962769,0.0000000000000000,0.0000000000000000,0.0000000000000000,1.0000000000000000
M 0.9585660099983215,0.0000000124520865,0.2848705351352692,0.1329011619091034,0.0000000000000000,1.0000000000000000,-0.0000000437113883,0.0000000000000000,-0.2848705351352692,0.0000000419002504,0.9585660099983215,-1.0862667560577393,0.0000000000000000,0.0000000000000000,0.0000000000000000,1.0000000000000000
M 0.9332742691040039,0.0000000156995767,0.3591644465923309,0.1144314408302307,0.0000000000000000,1.0000000000000000,-0.0000000437113883,0.0000000000000000,-0.3591644465923309,0.0000000407947134,0.9332742691040039,-1.3840495347976685,0.0000000000000000,0.0000000000000000,0.0000000000000000,1.0000000000000000
M 0.8994052410125732,0.0000000191069400,0.4371158182621002,0.0681598186492920,0.0000000000000000,1.0000000000000000,-0.0000000437113883,0.0000000000000000,-0.4371158182621002,0.0000000393142514,0.8994052410125732,-1.7038244009017944,0.0000000000000000,0.0000000000000000,0.0000000000000000,1.0000000000000000
M 0.8561668395996094,0.0000000225856489,0.5166994333267212,-0.0108439922332764,0.0000000000000000,1.0000000000000000,-0.0000000437113883,0.0000000000000000,-0.5166994333267212,0.0000000374242397,0.8561668395996094,-2.0389552116394043,0.0000000000000000,0.0000000000000000,0.0000000000000000,1.0000000000000000
M 0.8031411170959473,0.0000000260427573,0.5957888364791870,-0.1262392997741699,0.0000000000000000,1.0000000000000000,-0.0000000437113883,0.0000000000000000,-0.5957888364791870,0.0000000351064138,0.8031411170959473,-2.3820607662200928,0.0000000000000000,0.0000000000000000,0.0000000000000000,1.0000000000000000
M 0.7403354644775391,0.0000000293844398,0.6722376346588135,-0.2801457047462463,0.0000000000000000,1.0000000000000000,-0.0000000437113883,0.0000000000000000,-0.6722376346588135,0.0000000323610898,0.7403354644775391,-2.7252612113952637,0.0000000000000000,0.0000000000000000,0.0000000000000000,1.0000000000000000
M 0.6682077050209045,0.0000000325201732,0.7439748048782349,-0.4729546904563904,0.0000000000000000,1.0000000000000000,-0.0000000437113883,0.0000000000000000,-0.7439748048782349,0.0000000292082856,0.6682077050209045,-3.0605027675628662,0.0000000000000000,0.0000000000000000,0.0000000000000000,1.0000000000000000
M 0.5876597762107849,0.0000000353672398,0.8091081380844116,-0.7032508254051208,0.0000000000000000,1.0000000000000000,-0.0000000437113883,0.0000000000000000,-0.8091081380844116,0.0000000256874255,0.5876597762107849,-3.3799431324005127,0.0000000000000000,0.0000000000000000,0.0000000000000000,1.0000000000000000
M 0.4999999701976776,0.0000000378551732,0.8660254478454590,-0.9678472876548767,0.0000000000000000,1.0000000000000000,-0.0000000437113883,0.0000000000000000,-0.8660254478454590,0.0000000218556924,0.4999999701976776,-3.6763613224029541,0.0000000000000000,0.0000000000000000,0.0000000000000000,1.0000000000000000
M 0.4068782925605774,0.0000000399295814,0.9134823679924011,-1.2619369029998779,0.0000000000000000,1.0000000000000000,-0.0000000437113883,0.0000000000000000,-0.9134823679924011,0.0000000177852151,0.4068782925605774,-3.9435427188873291,0.0000000000000000,0.0000000000000000,0.0000000000000000,1.0000000000000000
M 0.3101969659328461,0.0000000415552073,0.9506723284721375,-1.5793495178222656,0.0000000000000000,1.0000000000000000,-0.0000000437113883,0.0000000000000000,-0.9506723284721375,0.0000000135591396,0.3101969659328461,-4.1766276359558105,0.0000000000000000,0.0000000000000000,0.0000000000000000,1.0000000000000000
M 0.2120069414377213,0.0000000427177476,0.9772681593894958,-1.9128897190093994,0.0000000000000000,1.0000000000000000,-0.0000000437113883,0.0000000000000000,-0.9772681593894958,0.0000000092671177,0.2120069414377213,-4.3723645210266113,0.0000000000000000,0.0000000000000000,0.0000000000000000,1.0000000000000000
M 0.1143977791070938,0.0000000434244249,0.9934350252151489,-2.2547283172607422,0.0000000000000000,1.0000000000000000,-0.0000000437113883,0.0000000000000000,-0.9934350252151489,0.0000000050004858,0.1143977791070938,-4.5292692184448242,0.0000000000000000,0.0000000000000000,0.0000000000000000,1.0000000000000000
M 0.0193911120295525,0.0000000437031673,0.9998119473457336,-2.5968117713928223,0.0000000000000000,1.0000000000000000,-0.0000000437113883,0.0000000000000000,-0.9998119473457336,0.0000000008476124,0.0193911120295525,-4.6476650238037109,0.0000000000000000,0.0000000000000000,0.0000000000000000,1.0000000000000000
M -0.0711493119597435,0.0000000436006076,0.9974656701087952,-2.9312372207641602,0.0000000000000000,1.0000000000000000,-0.0000000437113883,0.0000000000000000,-0.9974656701087952,-0.0000000031100351,-0.0711493119597435,-4.7295999526977539,0.0000000000000000,0.0000000000000000,0.0000000000000000,1.0000000000000000
M -0.1555916070938110,0.0000000431790461,0.9878214597702026,-3.2505943775177002,0.0000000000000000,1.0000000000000000,-0.0000000437113883,0.0000000000000000,-0.9878214597702026,-0.0000000068011250,-0.1555916070938110,-4.7786698341369629,0.0000000000000000,0.0000000000000000,0.0000000000000000,1.0000000000000000
M -0.2325776666402817,0.0000000425127276,0.9725778102874756,-3.5482032299041748,0.0000000000000000,1.0000000000000000,-0.0000000437113883,0.0000000000000000,-0.9725778102874756,-0.0000000101662927,-0.2325776666402817,-4.7997460365295410,0.0000000000000000,0.0000000000000000,0.0000000000000000,1.0000000000000000
M -0.3010387718677521,0.0000000416837018,0.9536119103431702,-3.8182671070098877,0.0000000000000000,1.0000000000000000,-0.0000000437113883,0.0000000000000000,-0.9536119103431702,-0.0000000131588225,-0.3010387718677521,-4.7986450195312500,0.0000000000000000,0.0000000000000000,0.0000000000000000,1.0000000000000000
M -0.3601779937744141,0.0000000407776390,0.9328836202621460,-4.0559029579162598,0.0000000000000000,1.0000000000000000,-0.0000000437113883,0.0000000000000000,-0.9328836202621460,-0.0000000157438809,-0.3601779937744141,-4.7817583084106445,0.0000000000000000,0.0000000000000000,0.0000000000000000,1.0000000000000000
M -0.4094280004501343,0.0000000398797546,0.9123424291610718,-4.2570805549621582,0.0000000000000000,1.0000000000000000,-0.0000000437113883,0.0000000000000000,-0.9123424291610718,-0.0000000178966655,-0.4094280004501343,-4.7556681632995605,0.0000000000000000,0.0000000000000000,0.0000000000000000,1.0000000000000000
M -0.4483832418918610,0.0000000390710504,0.8938414454460144,-4.4184594154357910,0.0000000000000000,1.0000000000000000,-0.0000000437113883,0.0000000000000000,-0.8938414454460144,-0.0000000195994545,-0.4483832418918610,-4.7267665863037109,0.0000000000000000,0.0000000000000000,0.0000000000000000,1.0000000000000000
M -0.4767153263092041,0.0000000384248366,0.8790577650070190,-4.5371580123901367,0.0000000000000000,1.0000000000000000,-0.0000000437113883,0.0000000000000000,-0.8790577650070190,-0.0000000208378879,-0.4767153263092041,-4.7008757591247559,0.0000000000000000,0.0000000000000000,0.0000000000000000,1.0000000000000000
M -0.4940768182277679,0.0000000380034777,0.8694182634353638,-4.6104750633239746,0.0000000000000000,1.0000000000000000,-0.0000000437113883,0.0000000000000000,-0.8694182634353638,-0.0000000215967830,-0.4940768182277679,-4.6828823089599609,0.0000000000000000,0.0000000000000000,0.0000000000000000,1.0000000000000000
M -0.5000000596046448,0.0000000378551732,0.8660253882408142,-4.6355929374694824,0.0000000000000000,1.0000000000000000,-0.0000000437113883,0.0000000000000000,-0.8660253882408142,-0.0000000218556959,-0.5000000596046448,-4.6763610839843750,0.0000000000000000,0.0000000000000000,0.0000000000000000,1.0000000000000000
M -0.5000000596046448,0.0000000378551732,0.8660253882408142,-4.6355929374694824,0.0000000000000000,1.0000000000000000,-0.0000000437113883,0.0000000000000000,-0.8660253882408142,-0.0000000218556959,-0.5000000596046448,-4.6763610839843750,0.0000000000000000,0.0000000000000000,0.0000000000000000,1.0000000000000000
O DOOR_12_TOGGLE_CG_ID1_INTERIOR_LCG_EL_mvp_dr1a_motorhead
A DOOR_12_TOGGLE_CG_ID1_INTERIOR_LCG_EL_mvp_dr1a_motorhead_DOOR_12_TOGGLE_CG_ID1_INTERIOR_LCG_EL_mvp_dr1a_motorhead
M 1.0000000000000000,0.0000000000000000,0.0000000000000000,0.0000000000000000,0.0000000000000000,1.0000000000000000,-0.0000000437113883,0.0000000000000000,-0.0000000000000000,0.0000000437113883,1.0000000000000000,-0.0000000000000000,0.0000000000000000,0.0000000000000000,0.0000000000000000,1.0000000000000000
M 1.0000000000000000,0.0000000000000000,0.0000000000000000,0.0000000000000000,0.0000000000000000,1.0000000000000000,-0.0000000437113883,0.0000000000000000,-0.0000000000000000,0.0000000437113883,1.0000000000000000,-0.0000000000000000,0.0000000000000000,0.0000000000000000,0.0000000000000000,1.0000000000000000
M 1.0000000000000000,0.0000000000000000,0.0000000000000000,0.0000000000000000,0.0000000000000000,1.0000000000000000,-0.0000000437113883,0.0000000000000000,-0.0000000000000000,0.0000000437113883,1.0000000000000000,-0.0000000000000000,0.0000000000000000,0.0000000000000000,0.0000000000000000,1.0000000000000000
M 1.0000000000000000,0.0000000000000000,0.0000000000000000,0.0000000000000000,0.0000000000000000,1.0000000000000000,-0.0000000437113883,0.0000000000000000,-0.0000000000000000,0.0000000437113883,1.0000000000000000,-0.0000000000000000,0.0000000000000000,0.0000000000000000,0.0000000000000000,1.0000000000000000
M 1.0000000000000000,0.0000000000000000,0.0000000000000000,0.0000000000000000,0.0000000000000000,1.0000000000000000,-0.0000000437113883,0.0000000000000000,-0.0000000000000000,0.0000000437113883,1.0000000000000000,-0.0000000000000000,0.0000000000000000,0.0000000000000000,0.0000000000000000,1.0000000000000000
M 1.0000000000000000,0.0000000000000000,0.0000000000000000,0.0000000000000000,0.0000000000000000,1.0000000000000000,-0.0000000437113883,0.0000000000000000,-0.0000000000000000,0.0000000437113883,1.0000000000000000,-0.0000000000000000,0.0000000000000000,0.0000000000000000,0.0000000000000000,1.0000000000000000
M 1.0000000000000000,0.0000000000000000,0.0000000000000000,0.0000000000000000,0.0000000000000000,1.0000000000000000,-0.0000000437113883,0.0000000000000000,-0.0000000000000000,0.0000000437113883,1.0000000000000000,-0.0000000000000000,0.0000000000000000,0.0000000000000000,0.0000000000000000,1.0000000000000000
M 1.0000000000000000,0.0000000000000000,0.0000000000000000,0.0000000000000000,0.0000000000000000,1.0000000000000000,-0.0000000437113883,0.0000000000000000,-0.0000000000000000,0.0000000437113883,1.0000000000000000,-0.0000000000000000,0.0000000000000000,0.0000000000000000,0.0000000000000000,1.0000000000000000
M 1.0000000000000000,0.0000000000000000,0.0000000000000000,0.0000000000000000,0.0000000000000000,1.0000000000000000,-0.0000000437113883,0.0000000000000000,-0.0000000000000000,0.0000000437113883,1.0000000000000000,-0.0000000000000000,0.0000000000000000,0.0000000000000000,0.0000000000000000,1.0000000000000000
M 1.0000000000000000,0.0000000000000000,0.0000000000000000,0.0000000000000000,0.0000000000000000,1.0000000000000000,-0.0000000437113883,0.0000000000000000,-0.0000000000000000,0.0000000437113883,1.0000000000000000,-0.0000000000000000,0.0000000000000000,0.0000000000000000,0.0000000000000000,1.0000000000000000
M 1.0000000000000000,0.0000000000000000,0.0000000000000000,0.0000000000000000,0.0000000000000000,1.0000000000000000,-0.0000000437113883,0.0000000000000000,-0.0000000000000000,0.0000000437113883,1.0000000000000000,-0.0000000000000000,0.0000000000000000,0.0000000000000000,0.0000000000000000,1.0000000000000000
M 0.9999766945838928,0.0000000002983794,0.0068261241540313,0.0067405332811177,0.0000000000000000,1.0000000000000000,-0.0000000437113883,0.0000000000000000,-0.0068261241540313,0.0000000437103687,0.9999766945838928,-0.0250597912818193,0.0000000000000000,0.0000000000000000,0.0000000000000000,1.0000000000000000
M 0.9996439814567566,0.0000000011662628,0.0266809817403555,0.0253751687705517,0.0000000000000000,1.0000000000000000,-0.0000000437113883,0.0000000000000000,-0.0266809817403555,0.0000000436958274,0.9996439814567566,-0.0982150733470917,0.0000000000000000,0.0000000000000000,0.0000000000000000,1.0000000000000000
M 0.9982810020446777,0.0000000025619009,0.0586094595491886,0.0523047335445881,0.0000000000000000,1.0000000000000000,-0.0000000437113883,0.0000000000000000,-0.0586094595491886,0.0000000436362484,0.9982810020446777,-0.2166835814714432,0.0000000000000000,0.0000000000000000,0.0000000000000000,1.0000000000000000
M 0.9948256611824036,0.0000000044409241,0.1015965044498444,0.0826184079051018,0.0000000000000000,1.0000000000000000,-0.0000000437113883,0.0000000000000000,-0.1015965044498444,0.0000000434852119,0.9948256611824036,-0.3778044581413269,0.0000000000000000,0.0000000000000000,0.0000000000000000,1.0000000000000000
M 0.9879898428916931,0.0000000067542318,0.1545188128948212,0.1104686260223389,0.0000000000000000,1.0000000000000000,-0.0000000437113883,0.0000000000000000,-0.1545188128948212,0.0000000431864073,0.9879898428916931,-0.5787458419799805,0.0000000000000000,0.0000000000000000,0.0000000000000000,1.0000000000000000
M 0.9763715267181396,0.0000000094459791,0.2160988152027130,0.1294356137514114,0.0000000000000000,1.0000000000000000,-0.0000000437113883,0.0000000000000000,-0.2160988152027130,0.0000000426785540,0.9763715267181396,-0.8162239789962769,0.0000000000000000,0.0000000000000000,0.0000000000000000,1.0000000000000000
M 0.9585660099983215,0.0000000124520865,0.2848705351352692,0.1329011619091034,0.0000000000000000,1.0000000000000000,-0.0000000437113883,0.0000000000000000,-0.2848705351352692,0.0000000419002504,0.9585660099983215,-1.0862667560577393,0.0000000000000000,0.0000000000000000,0.0000000000000000,1.0000000000000000
M 0.9332742691040039,0.0000000156995767,0.3591644465923309,0.1144314408302307,0.0000000000000000,1.0000000000000000,-0.0000000437113883,0.0000000000000000,-0.3591644465923309,0.0000000407947134,0.9332742691040039,-1.3840495347976685,0.0000000000000000,0.0000000000000000,0.0000000000000000,1.0000000000000000
M 0.8994052410125732,0.0000000191069400,0.4371158182621002,0.0681598186492920,0.0000000000000000,1.0000000000000000,-0.0000000437113883,0.0000000000000000,-0.4371158182621002,0.0000000393142514,0.8994052410125732,-1.7038244009017944,0.0000000000000000,0.0000000000000000,0.0000000000000000,1.0000000000000000
M 0.8561668395996094,0.0000000225856489,0.5166994333267212,-0.0108439922332764,0.0000000000000000,1.0000000000000000,-0.0000000437113883,0.0000000000000000,-0.5166994333267212,0.0000000374242397,0.8561668395996094,-2.0389552116394043,0.0000000000000000,0.0000000000000000,0.0000000000000000,1.0000000000000000
M 0.8031411170959473,0.0000000260427573,0.5957888364791870,-0.1262392997741699,0.0000000000000000,1.0000000000000000,-0.0000000437113883,0.0000000000000000,-0.5957888364791870,0.0000000351064138,0.8031411170959473,-2.3820607662200928,0.0000000000000000,0.0000000000000000,0.0000000000000000,1.0000000000000000
M 0.7403354644775391,0.0000000293844398,0.6722376346588135,-0.2801457047462463,0.0000000000000000,1.0000000000000000,-0.0000000437113883,0.0000000000000000,-0.6722376346588135,0.0000000323610898,0.7403354644775391,-2.7252612113952637,0.0000000000000000,0.0000000000000000,0.0000000000000000,1.0000000000000000
M 0.6682077050209045,0.0000000325201732,0.7439748048782349,-0.4729546904563904,0.0000000000000000,1.0000000000000000,-0.0000000437113883,0.0000000000000000,-0.7439748048782349,0.0000000292082856,0.6682077050209045,-3.0605027675628662,0.0000000000000000,0.0000000000000000,0.0000000000000000,1.0000000000000000
M 0.5876597762107849,0.0000000353672398,0.8091081380844116,-0.7032508254051208,0.0000000000000000,1.0000000000000000,-0.0000000437113883,0.0000000000000000,-0.8091081380844116,0.0000000256874255,0.5876597762107849,-3.3799431324005127,0.0000000000000000,0.0000000000000000,0.0000000000000000,1.0000000000000000
M 0.4999999701976776,0.0000000378551732,0.8660254478454590,-0.9678472876548767,0.0000000000000000,1.0000000000000000,-0.0000000437113883,0.0000000000000000,-0.8660254478454590,0.0000000218556924,0.4999999701976776,-3.6763613224029541,0.0000000000000000,0.0000000000000000,0.0000000000000000,1.0000000000000000
M 0.4068782925605774,0.0000000399295814,0.9134823679924011,-1.2619369029998779,0.0000000000000000,1.0000000000000000,-0.0000000437113883,0.0000000000000000,-0.9134823679924011,0.0000000177852151,0.4068782925605774,-3.9435427188873291,0.0000000000000000,0.0000000000000000,0.0000000000000000,1.0000000000000000
M 0.3101969659328461,0.0000000415552073,0.9506723284721375,-1.5793495178222656,0.0000000000000000,1.0000000000000000,-0.0000000437113883,0.0000000000000000,-0.9506723284721375,0.0000000135591396,0.3101969659328461,-4.1766271591186523,0.0000000000000000,0.0000000000000000,0.0000000000000000,1.0000000000000000
M 0.2120069414377213,0.0000000427177476,0.9772681593894958,-1.9128897190093994,0.0000000000000000,1.0000000000000000,-0.0000000437113883,0.0000000000000000,-0.9772681593894958,0.0000000092671177,0.2120069414377213,-4.3723640441894531,0.0000000000000000,0.0000000000000000,0.0000000000000000,1.0000000000000000
M 0.1143977791070938,0.0000000434244249,0.9934350252151489,-2.2547283172607422,0.0000000000000000,1.0000000000000000,-0.0000000437113883,0.0000000000000000,-0.9934350252151489,0.0000000050004858,0.1143977791070938,-4.5292692184448242,0.0000000000000000,0.0000000000000000,0.0000000000000000,1.0000000000000000
M 0.0193911120295525,0.0000000437031673,0.9998119473457336,-2.5968117713928223,0.0000000000000000,1.0000000000000000,-0.0000000437113883,0.0000000000000000,-0.9998119473457336,0.0000000008476124,0.0193911120295525,-4.6476650238037109,0.0000000000000000,0.0000000000000000,0.0000000000000000,1.0000000000000000
M -0.0711493119597435,0.0000000436006076,0.9974656701087952,-2.9312372207641602,0.0000000000000000,1.0000000000000000,-0.0000000437113883,0.0000000000000000,-0.9974656701087952,-0.0000000031100351,-0.0711493119597435,-4.7295999526977539,0.0000000000000000,0.0000000000000000,0.0000000000000000,1.0000000000000000
M -0.1555916070938110,0.0000000431790461,0.9878214597702026,-3.2505943775177002,0.0000000000000000,1.0000000000000000,-0.0000000437113883,0.0000000000000000,-0.9878214597702026,-0.0000000068011250,-0.1555916070938110,-4.7786698341369629,0.0000000000000000,0.0000000000000000,0.0000000000000000,1.0000000000000000
M -0.2325776666402817,0.0000000425127276,0.9725778102874756,-3.5482032299041748,0.0000000000000000,1.0000000000000000,-0.0000000437113883,0.0000000000000000,-0.9725778102874756,-0.0000000101662927,-0.2325776666402817,-4.7997460365295410,0.0000000000000000,0.0000000000000000,0.0000000000000000,1.0000000000000000
M -0.3010387718677521,0.0000000416837018,0.9536119103431702,-3.8182671070098877,0.0000000000000000,1.0000000000000000,-0.0000000437113883,0.0000000000000000,-0.9536119103431702,-0.0000000131588225,-0.3010387718677521,-4.7986450195312500,0.0000000000000000,0.0000000000000000,0.0000000000000000,1.0000000000000000
M -0.3601779937744141,0.0000000407776390,0.9328836202621460,-4.0559029579162598,0.0000000000000000,1.0000000000000000,-0.0000000437113883,0.0000000000000000,-0.9328836202621460,-0.0000000157438809,-0.3601779937744141,-4.7817583084106445,0.0000000000000000,0.0000000000000000,0.0000000000000000,1.0000000000000000
M -0.4094280004501343,0.0000000398797546,0.9123424291610718,-4.2570805549621582,0.0000000000000000,1.0000000000000000,-0.0000000437113883,0.0000000000000000,-0.9123424291610718,-0.0000000178966655,-0.4094280004501343,-4.7556681632995605,0.0000000000000000,0.0000000000000000,0.0000000000000000,1.0000000000000000
M -0.4483832418918610,0.0000000390710504,0.8938414454460144,-4.4184594154357910,0.0000000000000000,1.0000000000000000,-0.0000000437113883,0.0000000000000000,-0.8938414454460144,-0.0000000195994545,-0.4483832418918610,-4.7267665863037109,0.0000000000000000,0.0000000000000000,0.0000000000000000,1.0000000000000000
M -0.4767153263092041,0.0000000384248366,0.8790577650070190,-4.5371580123901367,0.0000000000000000,1.0000000000000000,-0.0000000437113883,0.0000000000000000,-0.8790577650070190,-0.0000000208378879,-0.4767153263092041,-4.7008762359619141,0.0000000000000000,0.0000000000000000,0.0000000000000000,1.0000000000000000
M -0.4940768182277679,0.0000000380034777,0.8694182634353638,-4.6104750633239746,0.0000000000000000,1.0000000000000000,-0.0000000437113883,0.0000000000000000,-0.8694182634353638,-0.0000000215967830,-0.4940768182277679,-4.6828823089599609,0.0000000000000000,0.0000000000000000,0.0000000000000000,1.0000000000000000
M -0.5000000596046448,0.0000000378551732,0.8660253882408142,-4.6355929374694824,0.0000000000000000,1.0000000000000000,-0.0000000437113883,0.0000000000000000,-0.8660253882408142,-0.0000000218556959,-0.5000000596046448,-4.6763610839843750,0.0000000000000000,0.0000000000000000,0.0000000000000000,1.0000000000000000
M -0.5000000596046448,0.0000000378551732,0.8660253882408142,-4.6355929374694824,0.0000000000000000,1.0000000000000000,-0.0000000437113883,0.0000000000000000,-0.8660253882408142,-0.0000000218556959,-0.5000000596046448,-4.6763610839843750,0.0000000000000000,0.0000000000000000,0.0000000000000000,1.0000000000000000
O door_12_part_3_INTERIOR_LCG_EL
A door_12_part_3_INTERIOR_LCG_EL_door_12_part_3_INTERIOR_LCG_EL
M 1.0000000000000000,0.0000000000000000,0.0000000000000000,0.0000000000000000,0.0000000000000000,1.0000000000000000,-0.0000000437113883,0.0000000000000000,-0.0000000000000000,0.0000000437113883,1.0000000000000000,-0.0000000000000000,0.0000000000000000,0.0000000000000000,0.0000000000000000,1.0000000000000000
M 1.0000000000000000,0.0000000000000000,0.0000000000000000,0.0000000000000000,0.0000000000000000,0.9998578429222107,0.0168601367622614,0.0051243528723717,-0.0000000000000000,-0.0168601367622614,0.9998578429222107,0.0453251190483570,0.0000000000000000,0.0000000000000000,0.0000000000000000,1.0000000000000000
M 1.0000000000000000,0.0000000000000000,0.0000000000000000,0.0000000000000000,0.0000000000000000,0.9980269074440002,0.0627872571349144,0.0229678098112345,-0.0000000000000000,-0.0627872571349144,0.9980269074440002,0.1683847457170486,0.0000000000000000,0.0000000000000000,0.0000000000000000,1.0000000000000000
M 1.0000000000000000,0.0000000000000000,0.0000000000000000,0.0000000000000000,0.0000000000000000,0.9914279580116272,0.1306542605161667,0.0598111674189568,-0.0000000000000000,-0.1306542605161667,0.9914279580116272,0.3491362333297729,0.0000000000000000,0.0000000000000000,0.0000000000000000,1.0000000000000000
M 1.0000000000000000,0.0000000000000000,0.0000000000000000,0.0000000000000000,0.0000000000000000,0.9771088957786560,0.2127397060394287,0.1214254498481750,-0.0000000000000000,-0.2127397060394287,0.9771088957786560,0.5659735202789307,0.0000000000000000,0.0000000000000000,0.0000000000000000,1.0000000000000000
M 1.0000000000000000,0.0000000000000000,0.0000000000000000,0.0000000000000000,0.0000000000000000,0.9537169933319092,0.3007057011127472,0.2091057896614075,-0.0000000000000000,-0.3007057011127472,0.9537169933319092,0.7960816025733948,0.0000000000000000,0.0000000000000000,0.0000000000000000,1.0000000000000000
M 1.0000000000000000,0.0000000000000000,0.0000000000000000,0.0000000000000000,0.0000000000000000,0.9224233031272888,0.3861803710460663,0.3173463940620422,-0.0000000000000000,-0.3861803710460663,0.9224233031272888,1.0172641277313232,0.0000000000000000,0.0000000000000000,0.0000000000000000,1.0000000000000000
M 1.0000000000000000,0.0000000000000000,0.0000000000000000,0.0000000000000000,0.0000000000000000,0.8870705366134644,0.4616339206695557,0.4336900711059570,-0.0000000000000000,-0.4616339206695557,0.8870705366134644,1.2103414535522461,0.0000000000000000,0.0000000000000000,0.0000000000000000,1.0000000000000000
M 1.0000000000000000,0.0000000000000000,0.0000000000000000,0.0000000000000000,0.0000000000000000,0.8535491824150085,0.5210121870040894,0.5405851602554321,-0.0000000000000000,-0.5210121870040894,0.8535491824150085,1.3606806993484497,0.0000000000000000,0.0000000000000000,0.0000000000000000,1.0000000000000000
M 1.0000000000000000,0.0000000000000000,0.0000000000000000,0.0000000000000000,0.0000000000000000,0.8287062048912048,0.5596837997436523,0.6183055639266968,-0.0000000000000000,-0.5596837997436523,0.8287062048912048,1.4577460289001465,0.0000000000000000,0.0000000000000000,0.0000000000000000,1.0000000000000000
M 1.0000000000000000,0.0000000000000000,0.0000000000000000,0.0000000000000000,0.0000000000000000,0.8191520571708679,0.5735763907432556,0.6479198932647705,-0.0000000000000000,-0.5735763907432556,0.8191520571708679,1.4924392700195312,0.0000000000000000,0.0000000000000000,0.0000000000000000,1.0000000000000000
M 0.9999766945838928,-0.0038204712327570,0.0056568514555693,0.0166914276778698,0.0000000000000000,0.8287062048912048,0.5596837997436523,0.6183055639266968,-0.0068261241540313,-0.5596707463264465,0.8286868929862976,1.4326521158218384,0.0000000000000000,0.0000000000000000,0.0000000000000000,1.0000000000000000
M 0.9996439814567566,-0.0139011172577739,0.0227735303342342,0.0616794712841511,0.0000000000000000,0.8535491824150085,0.5210121870040894,0.5405851602554321,-0.0266809817403555,-0.5208266973495483,0.8532453179359436,1.2619812488555908,0.0000000000000000,0.0000000000000000,0.0000000000000000,1.0000000000000000
M 0.9982810020446777,-0.0270561128854752,0.0519907251000404,0.1232421025633812,0.0000000000000000,0.8870705366134644,0.4616338908672333,0.4336900711059570,-0.0586094595491886,-0.4608403444290161,0.8855456709861755,0.9915772080421448,0.0000000000000000,0.0000000000000000,0.0000000000000000,1.0000000000000000
M 0.9948256611824036,-0.0392345674335957,0.0937149822711945,0.1859689801931381,0.0000000000000000,0.9224233031272888,0.3861803114414215,0.3173463940620422,-0.1015965044498444,-0.3841820955276489,0.9176504015922546,0.6341958045959473,0.0000000000000000,0.0000000000000000,0.0000000000000000,1.0000000000000000
M 0.9879898428916931,-0.0464646853506565,0.1473672240972519,0.2334782183170319,0.0000000000000000,0.9537169933319092,0.3007057011127472,0.2091057896614075,-0.1545188128948212,-0.2970941662788391,0.9422627091407776,0.2077746987342834,0.0000000000000000,0.0000000000000000,0.0000000000000000,1.0000000000000000
M 0.9763715267181396,-0.0459728017449379,0.2111520767211914,0.2517417073249817,0.0000000000000000,0.9771088957786560,0.2127397060394287,0.1214254498481750,-0.2160988152027130,-0.2077129930257797,0.9540212750434875,-0.2636235356330872,0.0000000000000000,0.0000000000000000,0.0000000000000000,1.0000000000000000
M 0.9585660099983215,-0.0372195392847061,0.2824286222457886,0.2323598563671112,0.0000000000000000,0.9914280176162720,0.1306542158126831,0.0598109178245068,-0.2848705351352692,-0.1252406835556030,0.9503492116928101,-0.7515967488288879,0.0000000000000000,0.0000000000000000,0.0000000000000000,1.0000000000000000
M 0.9332742691040039,-0.0225509461015463,0.3584557771682739,0.1749091744422913,0.0000000000000000,0.9980269074440002,0.0627872422337532,0.0229678060859442,-0.3591644465923309,-0.0585977174341679,0.9314328432083130,-1.2269003391265869,0.0000000000000000,0.0000000000000000,0.0000000000000000,1.0000000000000000
M 0.8994052410125732,-0.0073697962798178,0.4370536804199219,0.0879721119999886,0.0000000000000000,0.9998578429222107,0.0168600548058748,0.0051243300549686,-0.4371158182621002,-0.0151640214025974,0.8992773890495300,-1.6630589962005615,0.0000000000000000,0.0000000000000000,0.0000000000000000,1.0000000000000000
M 0.8561668395996094,0.0000000382124483,0.5166994333267212,-0.0108440341427922,-0.0000000182520523,1.0000000000000000,-0.0000000437113883,-0.0000000672290881,-0.5166994333267212,0.0000000279934156,0.8561668395996094,-2.0389552116394043,0.0000000000000000,0.0000000000000000,0.0000000000000000,1.0000000000000000
M 0.8031411170959473,0.0000000407017318,0.5957888364791870,-0.1262394189834595,-0.0000000182520523,1.0000000000000000,-0.0000000437113883,-0.0000000672290881,-0.5957888364791870,0.0000000242320439,0.8031411170959473,-2.3820607662200928,0.0000000000000000,0.0000000000000000,0.0000000000000000,1.0000000000000000
M 0.7403354644775391,0.0000000428970814,0.6722376346588135,-0.2801455855369568,-0.0000000182520523,1.0000000000000000,-0.0000000437113883,-0.0000000672290881,-0.6722376346588135,0.0000000200913739,0.7403354644775391,-2.7252612113952637,0.0000000000000000,0.0000000000000000,0.0000000000000000,1.0000000000000000
M 0.6682077050209045,0.0000000447163373,0.7439748048782349,-0.4729547500610352,-0.0000000182520523,1.0000000000000000,-0.0000000437113883,-0.0000000672290881,-0.7439748048782349,0.0000000156292188,0.6682077050209045,-3.0605027675628662,0.0000000000000000,0.0000000000000000,0.0000000000000000,1.0000000000000000
M 0.5876597762107849,0.0000000460932377,0.8091081380844116,-0.7032510042190552,-0.0000000182520523,1.0000000000000000,-0.0000000437113883,-0.0000000672290881,-0.8091081380844116,0.0000000109195417,0.5876597762107849,-3.3799431324005127,0.0000000000000000,0.0000000000000000,0.0000000000000000,1.0000000000000000
M 0.4999999701976776,0.0000000469811994,0.8660254478454590,-0.9678474664688110,-0.0000000182520523,1.0000000000000000,-0.0000000437113883,-0.0000000672290881,-0.8660254478454590,0.0000000060489498,0.4999999701976776,-3.6763610839843750,0.0000000000000000,0.0000000000000000,0.0000000000000000,1.0000000000000000
M 0.4068782925605774,0.0000000473559467,0.9134823679924011,-1.2619370222091675,-0.0000000182520523,1.0000000000000000,-0.0000000437113883,-0.0000000672290881,-0.9134823679924011,0.0000000011122872,0.4068782925605774,-3.9435427188873291,0.0000000000000000,0.0000000000000000,0.0000000000000000,1.0000000000000000
M 0.3101969659328461,0.0000000472169397,0.9506723284721375,-1.5793493986129761,-0.0000000182520523,1.0000000000000000,-0.0000000437113883,-0.0000000672290881,-0.9506723284721375,-0.0000000037925822,0.3101969659328461,-4.1766271591186523,0.0000000000000000,0.0000000000000000,0.0000000000000000,1.0000000000000000
M 0.2120069414377213,0.0000000465873100,0.9772681593894958,-1.9128897190093994,-0.0000000182520523,1.0000000000000000,-0.0000000437113883,-0.0000000672290881,-0.9772681593894958,-0.0000000085700327,0.2120069414377213,-4.3723640441894531,0.0000000000000000,0.0000000000000000,0.0000000000000000,1.0000000000000000
M 0.1143977865576744,0.0000000455124187,0.9934350252151489,-2.2547280788421631,-0.0000000182520523,1.0000000000000000,-0.0000000437113883,-0.0000000672290881,-0.9934350252151489,-0.0000000131317419,0.1143977865576744,-4.5292692184448242,0.0000000000000000,0.0000000000000000,0.0000000000000000,1.0000000000000000
M 0.0193911176174879,0.0000000440570957,0.9998119473457336,-2.5968117713928223,-0.0000000182520523,1.0000000000000000,-0.0000000437113883,-0.0000000672290881,-0.9998119473457336,-0.0000000174010069,0.0193911176174879,-4.6476650238037109,0.0000000000000000,0.0000000000000000,0.0000000000000000,1.0000000000000000
M -0.0711493045091629,0.0000000423019877,0.9974656701087952,-2.9312372207641602,-0.0000000182520523,1.0000000000000000,-0.0000000437113883,-0.0000000672290881,-0.9974656701087952,-0.0000000213158309,-0.0711493045091629,-4.7295999526977539,0.0000000000000000,0.0000000000000000,0.0000000000000000,1.0000000000000000
M -0.1555916070938110,0.0000000403391809,0.9878214597702026,-3.2505943775177002,-0.0000000182520523,1.0000000000000000,-0.0000000437113883,-0.0000000672290881,-0.9878214597702026,-0.0000000248308947,-0.1555916070938110,-4.7786698341369629,0.0000000000000000,0.0000000000000000,0.0000000000000000,1.0000000000000000
M -0.2325776666402817,0.0000000382677072,0.9725778102874756,-3.5482032299041748,-0.0000000182520523,1.0000000000000000,-0.0000000437113883,-0.0000000672290881,-0.9725778102874756,-0.0000000279178334,-0.2325776666402817,-4.7997460365295410,0.0000000000000000,0.0000000000000000,0.0000000000000000,1.0000000000000000
M -0.3010387718677521,0.0000000361891281,0.9536119103431702,-3.8182671070098877,-0.0000000182520523,1.0000000000000000,-0.0000000437113883,-0.0000000672290881,-0.9536119103431702,-0.0000000305641983,-0.3010387718677521,-4.7986450195312500,0.0000000000000000,0.0000000000000000,0.0000000000000000,1.0000000000000000
M -0.3601779937744141,0.0000000342036515,0.9328836202621460,-4.0559029579162598,-0.0000000182520523,1.0000000000000000,-0.0000000437113883,-0.0000000672290881,-0.9328836202621460,-0.0000000327709202,-0.3601779937744141,-4.7817583084106445,0.0000000000000000,0.0000000000000000,0.0000000000000000,1.0000000000000000
M -0.4094280004501343,0.0000000324068523,0.9123424291610718,-4.2570805549621582,-0.0000000182520523,1.0000000000000000,-0.0000000437113883,-0.0000000672290881,-0.9123424291610718,-0.0000000345487869,-0.4094280004501343,-4.7556681632995605,0.0000000000000000,0.0000000000000000,0.0000000000000000,1.0000000000000000
M -0.4483832418918610,0.0000000308871364,0.8938414454460144,-4.4184594154357910,-0.0000000182520523,1.0000000000000000,-0.0000000437113883,-0.0000000672290881,-0.8938414454460144,-0.0000000359138959,-0.4483832418918610,-4.7267665863037109,0.0000000000000000,0.0000000000000000,0.0000000000000000,1.0000000000000000
M -0.4767153263092041,0.0000000297238039,0.8790577650070190,-4.5371580123901367,-0.0000000182520523,1.0000000000000000,-0.0000000437113883,-0.0000000672290881,-0.8790577650070190,-0.0000000368824971,-0.4767153263092041,-4.7008762359619141,0.0000000000000000,0.0000000000000000,0.0000000000000000,1.0000000000000000
M -0.4940768182277679,0.0000000289855606,0.8694182634353638,-4.6104750633239746,-0.0000000182520523,1.0000000000000000,-0.0000000437113883,-0.0000000672290881,-0.8694182634353638,-0.0000000374654512,-0.4940768182277679,-4.6828823089599609,0.0000000000000000,0.0000000000000000,0.0000000000000000,1.0000000000000000
M -0.5000000596046448,0.0000000287291471,0.8660253882408142,-4.6355929374694824,-0.0000000182520523,1.0000000000000000,-0.0000000437113883,-0.0000000672290881,-0.8660253882408142,-0.0000000376624385,-0.5000000596046448,-4.6763610839843750,0.0000000000000000,0.0000000000000000,0.0000000000000000,1.0000000000000000
M -0.5000000596046448,0.0000000287291471,0.8660253882408142,-4.6355929374694824,-0.0000000182520523,1.0000000000000000,-0.0000000437113883,-0.0000000672290881,-0.8660253882408142,-0.0000000376624385,-0.5000000596046448,-4.6763610839843750,0.0000000000000000,0.0000000000000000,0.0000000000000000,1.0000000000000000
O door_12_part_2_INTERIOR_LCG_IL
A door_12_part_2_INTERIOR_LCG_IL_door_12_part_2_INTERIOR_LCG_IL
M 1.0000000000000000,0.0000000000000000,0.0000000000000000,0.0000000000000000,0.0000000000000000,1.0000000000000000,-0.0000000437113883,0.0000000000000000,-0.0000000000000000,0.0000000437113883,1.0000000000000000,-0.0000000000000000,0.0000000000000000,0.0000000000000000,0.0000000000000000,1.0000000000000000
