O DOOR_1_TOGGLE_CG_EDL_EXTERNAL_mvp_dr1a_motorhead
A DOOR_1_TOGGLE_CG_EDL_EXTERNAL_mvp_dr1a_motorhead_DOOR_1_TOGGLE_CG_EDL_EXTERNAL_mvp_dr1a_motorhead
M 1.0000000000000000,0.0000000000000000,0.0000000000000000,0.0000000000000000,0.0000000000000000,1.0000000000000000,-0.0000000437113883,0.0000000000000000,-0.0000000000000000,0.0000000437113883,1.0000000000000000,-0.0000000000000000,0.0000000000000000,0.0000000000000000,0.0000000000000000,1.0000000000000000
M 1.0000000000000000,0.0000000000000000,0.0000000000000000,0.0000000000000000,0.0000000000000000,1.0000000000000000,-0.0000000437113883,0.0000000000000000,-0.0000000000000000,0.0000000437113883,1.0000000000000000,-0.0000000000000000,0.0000000000000000,0.0000000000000000,0.0000000000000000,1.0000000000000000
M 1.0000000000000000,0.0000000000000000,0.0000000000000000,0.0000000000000000,0.0000000000000000,1.0000000000000000,-0.0000000437113883,0.0000000000000000,-0.0000000000000000,0.0000000437113883,1.0000000000000000,-0.0000000000000000,0.0000000000000000,0.0000000000000000,0.0000000000000000,1.0000000000000000
M 1.0000000000000000,0.0000000000000000,0.0000000000000000,0.0000000000000000,0.0000000000000000,1.0000000000000000,-0.0000000437113883,0.0000000000000000,-0.0000000000000000,0.0000000437113883,1.0000000000000000,-0.0000000000000000,0.0000000000000000,0.0000000000000000,0.0000000000000000,1.0000000000000000
M 1.0000000000000000,0.0000000000000000,0.0000000000000000,0.0000000000000000,0.0000000000000000,1.0000000000000000,-0.0000000437113883,0.0000000000000000,-0.0000000000000000,0.0000000437113883,1.0000000000000000,-0.0000000000000000,0.0000000000000000,0.0000000000000000,0.0000000000000000,1.0000000000000000
M 1.0000000000000000,0.0000000000000000,0.0000000000000000,0.0000000000000000,0.0000000000000000,1.0000000000000000,-0.0000000437113883,0.0000000000000000,-0.0000000000000000,0.0000000437113883,1.0000000000000000,-0.0000000000000000,0.0000000000000000,0.0000000000000000,0.0000000000000000,1.0000000000000000
M 1.0000000000000000,0.0000000000000000,0.0000000000000000,0.0000000000000000,0.0000000000000000,1.0000000000000000,-0.0000000437113883,0.0000000000000000,-0.0000000000000000,0.0000000437113883,1.0000000000000000,-0.0000000000000000,0.0000000000000000,0.0000000000000000,0.0000000000000000,1.0000000000000000
M 1.0000000000000000,0.0000000000000000,0.0000000000000000,0.0000000000000000,0.0000000000000000,1.0000000000000000,-0.0000000437113883,0.0000000000000000,-0.0000000000000000,0.0000000437113883,1.0000000000000000,-0.0000000000000000,0.0000000000000000,0.0000000000000000,0.0000000000000000,1.0000000000000000
M 1.0000000000000000,0.0000000000000000,0.0000000000000000,0.0000000000000000,0.0000000000000000,1.0000000000000000,-0.0000000437113883,0.0000000000000000,-0.0000000000000000,0.0000000437113883,1.0000000000000000,-0.0000000000000000,0.0000000000000000,0.0000000000000000,0.0000000000000000,1.0000000000000000
M 1.0000000000000000,0.0000000000000000,0.0000000000000000,0.0000000000000000,0.0000000000000000,1.0000000000000000,-0.0000000437113883,0.0000000000000000,-0.0000000000000000,0.0000000437113883,1.0000000000000000,-0.0000000000000000,0.0000000000000000,0.0000000000000000,0.0000000000000000,1.0000000000000000
M 1.0000000000000000,0.0000000000000000,0.0000000000000000,0.0000000000000000,0.0000000000000000,1.0000000000000000,-0.0000000437113883,0.0000000000000000,-0.0000000000000000,0.0000000437113883,1.0000000000000000,-0.0000000000000000,0.0000000000000000,0.0000000000000000,0.0000000000000000,1.0000000000000000
M 0.9999726414680481,-0.0000000003232439,-0.0073949582874775,0.0112980855628848,0.0000000000000000,1.0000000000000000,-0.0000000437113883,0.0000000000000000,0.0073949582874775,0.0000000437101910,0.9999726414680481,0.0693399906158447,0.0000000000000000,0.0000000000000000,0.0000000000000000,1.0000000000000000
M 0.9995821714401245,-0.0000000012634254,-0.0289038028568029,0.0412464104592800,0.0000000000000000,1.0000000000000000,-0.0000000437113883,0.0000000000000000,0.0289038028568029,0.0000000436931238,0.9995821714401245,0.2715066969394684,0.0000000000000000,0.0000000000000000,0.0000000000000000,1.0000000000000000
M 0.9979826211929321,-0.0000000027751164,-0.0634872615337372,0.0802941769361496,0.0000000000000000,1.0000000000000000,-0.0000000437113883,0.0000000000000000,0.0634872615337372,0.0000000436232064,0.9979826211929321,0.5980830192565918,0.0000000000000000,0.0000000000000000,0.0000000000000000,1.0000000000000000
M 0.9939282536506653,-0.0000000048095585,-0.1100298762321472,0.1150245517492294,0.0000000000000000,1.0000000000000000,-0.0000000437113883,0.0000000000000000,0.1100298762321472,0.0000000434459828,0.9939282536506653,1.0405628681182861,0.0000000000000000,0.0000000000000000,0.0000000000000000,1.0000000000000000
M 0.9859096407890320,-0.0000000073119812,-0.1672786325216293,0.1293338239192963,0.0000000000000000,1.0000000000000000,-0.0000000437113883,0.0000000000000000,0.1672786325216293,0.0000000430954792,0.9859096407890320,1.5895625352859497,0.0000000000000000,0.0000000000000000,0.0000000000000000,1.0000000000000000
M 0.9722883701324463,-0.0000000102190576,-0.2337847948074341,0.1056070923805237,0.0000000000000000,1.0000000000000000,-0.0000000437113883,0.0000000000000000,0.2337847948074341,0.0000000425000728,0.9722883701324463,2.2340664863586426,0.0000000000000000,0.0000000000000000,0.0000000000000000,1.0000000000000000
M 0.9514313340187073,-0.0000000134570302,-0.3078609704971313,0.0259022712707520,0.0000000000000000,1.0000000000000000,-0.0000000437113883,0.0000000000000000,0.3078609704971313,0.0000000415883861,0.9514313340187073,2.9608139991760254,0.0000000000000000,0.0000000000000000,0.0000000000000000,1.0000000000000000
M 0.9218431115150452,-0.0000000169409287,-0.3875632882118225,-0.1268302798271179,0.0000000000000000,1.0000000000000000,-0.0000000437113883,0.0000000000000000,0.3875632882118225,0.0000000402950420,0.9218431115150452,3.7539255619049072,0.0000000000000000,0.0000000000000000,0.0000000000000000,1.0000000000000000
M 0.8822911977767944,-0.0000000205751221,-0.4707039296627045,-0.3675590157508850,0.0000000000000000,1.0000000000000000,-0.0000000437113883,0.0000000000000000,0.4707039296627045,0.0000000385661743,0.8822911977767944,4.5948257446289062,0.0000000000000000,0.0000000000000000,0.0000000000000000,1.0000000000000000
M 0.8319182395935059,-0.0000000242553710,-0.5548982024192810,-0.7080436944961548,0.0000000000000000,1.0000000000000000,-0.0000000437113883,0.0000000000000000,0.5548982024192810,0.0000000363643018,0.8319182395935059,5.4625072479248047,0.0000000000000000,0.0000000000000000,0.0000000000000000,1.0000000000000000
M 0.7703319191932678,-0.0000000278722645,-0.6376430988311768,-1.1558722257614136,0.0000000000000000,1.0000000000000000,-0.0000000437113883,0.0000000000000000,0.6376430988311768,0.0000000336722792,0.7703319191932678,6.3341274261474609,0.0000000000000000,0.0000000000000000,0.0000000000000000,1.0000000000000000
M 0.6976653337478638,-0.0000000313158779,-0.7164238095283508,-1.7137265205383301,0.0000000000000000,1.0000000000000000,-0.0000000437113883,0.0000000000000000,0.7164238095283508,0.0000000304959187,0.6976653337478638,7.1859130859375000,0.0000000000000000,0.0000000000000000,0.0000000000000000,1.0000000000000000
M 0.6146013736724854,-0.0000000344811966,-0.7888378500938416,-2.3789615631103516,0.0000000000000000,1.0000000000000000,-0.0000000437113883,0.0000000000000000,0.7888378500938416,0.0000000268650791,0.6146013736724854,7.9942827224731445,0.0000000000000000,0.0000000000000000,0.0000000000000000,1.0000000000000000
M 0.5223553180694580,-0.0000000372739208,-0.8527279496192932,-3.1435589790344238,0.0000000000000000,1.0000000000000000,-0.0000000437113883,0.0000000000000000,0.8527279496192932,0.0000000228328769,0.5223553180694580,8.7371234893798828,0.0000000000000000,0.0000000000000000,0.0000000000000000,1.0000000000000000
M 0.4226182401180267,-0.0000000396159727,-0.9063078165054321,-3.9944634437561035,0.0000000000000000,1.0000000000000000,-0.0000000437113883,0.0000000000000000,0.9063078165054321,0.0000000184732301,0.4226182401180267,9.3950519561767578,0.0000000000000000,0.0000000000000000,0.0000000000000000,1.0000000000000000
M 0.3174638450145721,-0.0000000414502139,-0.9482703804969788,-4.9142851829528809,0.0000000000000000,1.0000000000000000,-0.0000000437113883,0.0000000000000000,0.9482703804969788,0.0000000138767851,0.3174638450145721,9.9525814056396484,0.0000000000000000,0.0000000000000000,0.0000000000000000,1.0000000000000000
M 0.2092266380786896,-0.0000000427439311,-0.9778671860694885,-5.8823170661926270,0.0000000000000000,1.0000000000000000,-0.0000000437113883,0.0000000000000000,0.9778671860694885,0.0000000091455865,0.2092266380786896,10.3990497589111328,0.0000000000000000,0.0000000000000000,0.0000000000000000,1.0000000000000000
M 0.1003616899251938,-0.0000000434906902,-0.9949510097503662,-6.8757829666137695,0.0000000000000000,1.0000000000000000,-0.0000000437113883,0.0000000000000000,0.9949510097503662,0.0000000043869486,0.1003616899251938,10.7292423248291016,0.0000000000000000,0.0000000000000000,0.0000000000000000,1.0000000000000000
M -0.0066968137398362,-0.0000000437104077,-0.9999775886535645,-7.8711605072021484,0.0000000000000000,1.0000000000000000,-0.0000000437113883,0.0000000000000000,0.9999775886535645,-0.0000000002927270,-0.0066968137398362,10.9436244964599609,0.0000000000000000,0.0000000000000000,0.0000000000000000,1.0000000000000000
M -0.1096700578927994,-0.0000000434477236,-0.9939680695533752,-8.8454990386962891,0.0000000000000000,1.0000000000000000,-0.0000000437113883,0.0000000000000000,0.9939680695533752,-0.0000000047938307,-0.1096700578927994,11.0482063293457031,0.0000000000000000,0.0000000000000000,0.0000000000000000,1.0000000000000000
M -0.2065456360578537,-0.0000000427688356,-0.9784369468688965,-9.7775745391845703,0.0000000000000000,1.0000000000000000,-0.0000000437113883,0.0000000000000000,0.9784369468688965,-0.0000000090283967,-0.2065456360578537,11.0540342330932617,0.0000000000000000,0.0000000000000000,0.0000000000000000,1.0000000000000000
M -0.2956585586071014,-0.0000000417572110,-0.9552936553955078,-10.6488018035888672,0.0000000000000000,1.0000000000000000,-0.0000000437113883,0.0000000000000000,0.9552936553955078,-0.0000000129236462,-0.2956585586071014,10.9763994216918945,0.0000000000000000,0.0000000000000000,0.0000000000000000,1.0000000000000000
M -0.3757327198982239,-0.0000000405085707,-0.9267280697822571,-11.4437999725341797,0.0000000000000000,1.0000000000000000,-0.0000000437113883,0.0000000000000000,0.9267280697822571,-0.0000000164237992,-0.3757327198982239,10.8338317871093750,0.0000000000000000,0.0000000000000000,0.0000000000000000,1.0000000000000000
M -0.4458857774734497,-0.0000000391256201,-0.8950898647308350,-12.1506309509277344,0.0000000000000000,1.0000000000000000,-0.0000000437113883,0.0000000000000000,0.8950898647308350,-0.0000000194902867,-0.4458857774734497,10.6469688415527344,0.0000000000000000,0.0000000000000000,0.0000000000000000,1.0000000000000000
M -0.5055879950523376,-0.0000000377130966,-0.8627750873565674,-12.7605838775634766,0.0000000000000000,1.0000000000000000,-0.0000000437113883,0.0000000000000000,0.8627750873565674,-0.0000000220999539,-0.5055879950523376,10.4374351501464844,0.0000000000000000,0.0000000000000000,0.0000000000000000,1.0000000000000000
M -0.5545970201492310,-0.0000000363730805,-0.8321190476417542,-13.2677412033081055,0.0000000000000000,1.0000000000000000,-0.0000000437113883,0.0000000000000000,0.8321190476417542,-0.0000000242422065,-0.5545970201492310,10.2267379760742188,0.0000000000000000,0.0000000000000000,0.0000000000000000,1.0000000000000000
M -0.5928570628166199,-0.0000000352011185,-0.8053077459335327,-13.6681642532348633,0.0000000000000000,1.0000000000000000,-0.0000000437113883,0.0000000000000000,0.8053077459335327,-0.0000000259146056,-0.5928570628166199,10.0352745056152344,0.0000000000000000,0.0000000000000000,0.0000000000000000,1.0000000000000000
M -0.6203775405883789,-0.0000000342829907,-0.7843033671379089,-13.9588737487792969,0.0000000000000000,1.0000000000000000,-0.0000000437113883,0.0000000000000000,0.7843033671379089,-0.0000000271175633,-0.6203775405883789,9.8814458847045898,0.0000000000000000,0.0000000000000000,0.0000000000000000,1.0000000000000000
M -0.6371049880981445,-0.0000000336917338,-0.7707770466804504,-14.1367597579956055,0.0000000000000000,1.0000000000000000,-0.0000000437113883,0.0000000000000000,0.7707770466804504,-0.0000000278487438,-0.6371049880981445,9.7808284759521484,0.0000000000000000,0.0000000000000000,0.0000000000000000,1.0000000000000000
M -0.6427876353263855,-0.0000000334848664,-0.7660444378852844,-14.1974058151245117,0.0000000000000000,1.0000000000000000,-0.0000000437113883,0.0000000000000000,0.7660444378852844,-0.0000000280971406,-0.6427876353263855,9.7453594207763672,0.0000000000000000,0.0000000000000000,0.0000000000000000,1.0000000000000000
M -0.6427876353263855,-0.0000000334848664,-0.7660444378852844,-14.1974058151245117,0.0000000000000000,1.0000000000000000,-0.0000000437113883,0.0000000000000000,0.7660444378852844,-0.0000000280971406,-0.6427876353263855,9.7453594207763672,0.0000000000000000,0.0000000000000000,0.0000000000000000,1.0000000000000000
O door_1_part_2_INTERIOR_LCG_EL
A door_1_part_2_INTERIOR_LCG_EL_door_1_part_2_INTERIOR_LCG_EL
M 1.0000000000000000,0.0000000000000000,0.0000000000000000,0.0000000000000000,0.0000000000000000,1.0000000000000000,-0.0000000437113883,0.0000000000000000,-0.0000000000000000,0.0000000437113883,1.0000000000000000,-0.0000000000000000,0.0000000000000000,0.0000000000000000,0.0000000000000000,1.0000000000000000
M 1.0000000000000000,0.0000000000000000,0.0000000000000000,0.0000000000000000,0.0000000000000000,1.0000000000000000,-0.0000000437113883,0.0000000000000000,-0.0000000000000000,0.0000000437113883,1.0000000000000000,-0.0000000000000000,0.0000000000000000,0.0000000000000000,0.0000000000000000,1.0000000000000000
M 1.0000000000000000,0.0000000000000000,0.0000000000000000,0.0000000000000000,0.0000000000000000,1.0000000000000000,-0.0000000437113883,0.0000000000000000,-0.0000000000000000,0.0000000437113883,1.0000000000000000,-0.0000000000000000,0.0000000000000000,0.0000000000000000,0.0000000000000000,1.0000000000000000
M 1.0000000000000000,0.0000000000000000,0.0000000000000000,0.0000000000000000,0.0000000000000000,1.0000000000000000,-0.0000000437113883,0.0000000000000000,-0.0000000000000000,0.0000000437113883,1.0000000000000000,-0.0000000000000000,0.0000000000000000,0.0000000000000000,0.0000000000000000,1.0000000000000000
M 1.0000000000000000,0.0000000000000000,0.0000000000000000,0.0000000000000000,0.0000000000000000,1.0000000000000000,-0.0000000437113883,0.0000000000000000,-0.0000000000000000,0.0000000437113883,1.0000000000000000,-0.0000000000000000,0.0000000000000000,0.0000000000000000,0.0000000000000000,1.0000000000000000
M 1.0000000000000000,0.0000000000000000,0.0000000000000000,0.0000000000000000,0.0000000000000000,1.0000000000000000,-0.0000000437113883,0.0000000000000000,-0.0000000000000000,0.0000000437113883,1.0000000000000000,-0.0000000000000000,0.0000000000000000,0.0000000000000000,0.0000000000000000,1.0000000000000000
M 1.0000000000000000,0.0000000000000000,0.0000000000000000,0.0000000000000000,0.0000000000000000,1.0000000000000000,-0.0000000437113883,0.0000000000000000,-0.0000000000000000,0.0000000437113883,1.0000000000000000,-0.0000000000000000,0.0000000000000000,0.0000000000000000,0.0000000000000000,1.0000000000000000
M 1.0000000000000000,0.0000000000000000,0.0000000000000000,0.0000000000000000,0.0000000000000000,1.0000000000000000,-0.0000000437113883,0.0000000000000000,-0.0000000000000000,0.0000000437113883,1.0000000000000000,-0.0000000000000000,0.0000000000000000,0.0000000000000000,0.0000000000000000,1.0000000000000000
M 1.0000000000000000,0.0000000000000000,0.0000000000000000,0.0000000000000000,0.0000000000000000,1.0000000000000000,-0.0000000437113883,0.0000000000000000,-0.0000000000000000,0.0000000437113883,1.0000000000000000,-0.0000000000000000,0.0000000000000000,0.0000000000000000,0.0000000000000000,1.0000000000000000
M 1.0000000000000000,0.0000000000000000,0.0000000000000000,0.0000000000000000,0.0000000000000000,1.0000000000000000,-0.0000000437113883,0.0000000000000000,-0.0000000000000000,0.0000000437113883,1.0000000000000000,-0.0000000000000000,0.0000000000000000,0.0000000000000000,0.0000000000000000,1.0000000000000000
M 1.0000000000000000,0.0000000000000000,0.0000000000000000,0.0000000000000000,0.0000000000000000,1.0000000000000000,-0.0000000437113883,0.0000000000000000,-0.0000000000000000,0.0000000437113883,1.0000000000000000,-0.0000000000000000,0.0000000000000000,0.0000000000000000,0.0000000000000000,1.0000000000000000
M 0.9999726414680481,-0.0000000003232439,-0.0073949582874775,0.0112980855628848,0.0000000000000000,1.0000000000000000,-0.0000000437113883,0.0000000000000000,0.0073949582874775,0.0000000437101910,0.9999726414680481,0.0693399906158447,0.0000000000000000,0.0000000000000000,0.0000000000000000,1.0000000000000000
M 0.9995821714401245,-0.0000000012634254,-0.0289038028568029,0.0412464104592800,0.0000000000000000,1.0000000000000000,-0.0000000437113883,0.0000000000000000,0.0289038028568029,0.0000000436931238,0.9995821714401245,0.2715066969394684,0.0000000000000000,0.0000000000000000,0.0000000000000000,1.0000000000000000
M 0.9979826211929321,-0.0000000027751164,-0.0634872615337372,0.0802941769361496,0.0000000000000000,1.0000000000000000,-0.0000000437113883,0.0000000000000000,0.0634872615337372,0.0000000436232064,0.9979826211929321,0.5980830192565918,0.0000000000000000,0.0000000000000000,0.0000000000000000,1.0000000000000000
M 0.9939282536506653,-0.0000000048095585,-0.1100298762321472,0.1150245517492294,0.0000000000000000,1.0000000000000000,-0.0000000437113883,0.0000000000000000,0.1100298762321472,0.0000000434459828,0.9939282536506653,1.0405628681182861,0.0000000000000000,0.0000000000000000,0.0000000000000000,1.0000000000000000
M 0.9859096407890320,-0.0000000073119812,-0.1672786325216293,0.1293338239192963,0.0000000000000000,1.0000000000000000,-0.0000000437113883,0.0000000000000000,0.1672786325216293,0.0000000430954792,0.9859096407890320,1.5895625352859497,0.0000000000000000,0.0000000000000000,0.0000000000000000,1.0000000000000000
M 0.9722883701324463,-0.0000000102190576,-0.2337847948074341,0.1056070923805237,0.0000000000000000,1.0000000000000000,-0.0000000437113883,0.0000000000000000,0.2337847948074341,0.0000000425000728,0.9722883701324463,2.2340664863586426,0.0000000000000000,0.0000000000000000,0.0000000000000000,1.0000000000000000
M 0.9514313340187073,-0.0000000134570302,-0.3078609704971313,0.0259022712707520,0.0000000000000000,1.0000000000000000,-0.0000000437113883,0.0000000000000000,0.3078609704971313,0.0000000415883861,0.9514313340187073,2.9608139991760254,0.0000000000000000,0.0000000000000000,0.0000000000000000,1.0000000000000000
M 0.9218431115150452,-0.0000000169409287,-0.3875632882118225,-0.1268302798271179,0.0000000000000000,1.0000000000000000,-0.0000000437113883,0.0000000000000000,0.3875632882118225,0.0000000402950420,0.9218431115150452,3.7539255619049072,0.0000000000000000,0.0000000000000000,0.0000000000000000,1.0000000000000000
M 0.8822911977767944,-0.0000000205751221,-0.4707039296627045,-0.3675590157508850,0.0000000000000000,1.0000000000000000,-0.0000000437113883,0.0000000000000000,0.4707039296627045,0.0000000385661743,0.8822911977767944,4.5948257446289062,0.0000000000000000,0.0000000000000000,0.0000000000000000,1.0000000000000000
M 0.8319182395935059,-0.0000000242553710,-0.5548982024192810,-0.7080436944961548,0.0000000000000000,1.0000000000000000,-0.0000000437113883,0.0000000000000000,0.5548982024192810,0.0000000363643018,0.8319182395935059,5.4625072479248047,0.0000000000000000,0.0000000000000000,0.0000000000000000,1.0000000000000000
M 0.7703319191932678,-0.0000000278722645,-0.6376430988311768,-1.1558722257614136,0.0000000000000000,1.0000000000000000,-0.0000000437113883,0.0000000000000000,0.6376430988311768,0.0000000336722792,0.7703319191932678,6.3341274261474609,0.0000000000000000,0.0000000000000000,0.0000000000000000,1.0000000000000000
M 0.6976653337478638,-0.0000000313158779,-0.7164238095283508,-1.7137265205383301,0.0000000000000000,1.0000000000000000,-0.0000000437113883,0.0000000000000000,0.7164238095283508,0.0000000304959187,0.6976653337478638,7.1859130859375000,0.0000000000000000,0.0000000000000000,0.0000000000000000,1.0000000000000000
M 0.6146013736724854,-0.0000000344811966,-0.7888378500938416,-2.3789615631103516,0.0000000000000000,1.0000000000000000,-0.0000000437113883,0.0000000000000000,0.7888378500938416,0.0000000268650791,0.6146013736724854,7.9942827224731445,0.0000000000000000,0.0000000000000000,0.0000000000000000,1.0000000000000000
M 0.5223553180694580,-0.0000000372739208,-0.8527279496192932,-3.1435589790344238,0.0000000000000000,1.0000000000000000,-0.0000000437113883,0.0000000000000000,0.8527279496192932,0.0000000228328769,0.5223553180694580,8.7371234893798828,0.0000000000000000,0.0000000000000000,0.0000000000000000,1.0000000000000000
M 0.4226182401180267,-0.0000000396159727,-0.9063078165054321,-3.9944634437561035,0.0000000000000000,1.0000000000000000,-0.0000000437113883,0.0000000000000000,0.9063078165054321,0.0000000184732301,0.4226182401180267,9.3950519561767578,0.0000000000000000,0.0000000000000000,0.0000000000000000,1.0000000000000000
M 0.3174638450145721,-0.0000000414502139,-0.9482703804969788,-4.9142851829528809,0.0000000000000000,1.0000000000000000,-0.0000000437113883,0.0000000000000000,0.9482703804969788,0.0000000138767851,0.3174638450145721,9.9525814056396484,0.0000000000000000,0.0000000000000000,0.0000000000000000,1.0000000000000000
M 0.2092266380786896,-0.0000000427439311,-0.9778671860694885,-5.8823170661926270,0.0000000000000000,1.0000000000000000,-0.0000000437113883,0.0000000000000000,0.9778671860694885,0.0000000091455865,0.2092266380786896,10.3990497589111328,0.0000000000000000,0.0000000000000000,0.0000000000000000,1.0000000000000000
M 0.1003616899251938,-0.0000000434906902,-0.9949510097503662,-6.8757829666137695,0.0000000000000000,1.0000000000000000,-0.0000000437113883,0.0000000000000000,0.9949510097503662,0.0000000043869486,0.1003616899251938,10.7292413711547852,0.0000000000000000,0.0000000000000000,0.0000000000000000,1.0000000000000000
M -0.0066968137398362,-0.0000000437104077,-0.9999775886535645,-7.8711605072021484,0.0000000000000000,1.0000000000000000,-0.0000000437113883,0.0000000000000000,0.9999775886535645,-0.0000000002927270,-0.0066968137398362,10.9436244964599609,0.0000000000000000,0.0000000000000000,0.0000000000000000,1.0000000000000000
M -0.1096700578927994,-0.0000000434477236,-0.9939680695533752,-8.8454990386962891,0.0000000000000000,1.0000000000000000,-0.0000000437113883,0.0000000000000000,0.9939680695533752,-0.0000000047938307,-0.1096700578927994,11.0482053756713867,0.0000000000000000,0.0000000000000000,0.0000000000000000,1.0000000000000000
M -0.2065456360578537,-0.0000000427688356,-0.9784369468688965,-9.7775745391845703,0.0000000000000000,1.0000000000000000,-0.0000000437113883,0.0000000000000000,0.9784369468688965,-0.0000000090283967,-0.2065456360578537,11.0540332794189453,0.0000000000000000,0.0000000000000000,0.0000000000000000,1.0000000000000000
M -0.2956585586071014,-0.0000000417572110,-0.9552936553955078,-10.6488018035888672,0.0000000000000000,1.0000000000000000,-0.0000000437113883,0.0000000000000000,0.9552936553955078,-0.0000000129236462,-0.2956585586071014,10.9763994216918945,0.0000000000000000,0.0000000000000000,0.0000000000000000,1.0000000000000000
M -0.3757327198982239,-0.0000000405085707,-0.9267280697822571,-11.4437999725341797,0.0000000000000000,1.0000000000000000,-0.0000000437113883,0.0000000000000000,0.9267280697822571,-0.0000000164237992,-0.3757327198982239,10.8338317871093750,0.0000000000000000,0.0000000000000000,0.0000000000000000,1.0000000000000000
M -0.4458857774734497,-0.0000000391256201,-0.8950898647308350,-12.1506309509277344,0.0000000000000000,1.0000000000000000,-0.0000000437113883,0.0000000000000000,0.8950898647308350,-0.0000000194902867,-0.4458857774734497,10.6469678878784180,0.0000000000000000,0.0000000000000000,0.0000000000000000,1.0000000000000000
M -0.5055879950523376,-0.0000000377130966,-0.8627750873565674,-12.7605838775634766,0.0000000000000000,1.0000000000000000,-0.0000000437113883,0.0000000000000000,0.8627750873565674,-0.0000000220999539,-0.5055879950523376,10.4374351501464844,0.0000000000000000,0.0000000000000000,0.0000000000000000,1.0000000000000000
M -0.5545970201492310,-0.0000000363730805,-0.8321190476417542,-13.2677412033081055,0.0000000000000000,1.0000000000000000,-0.0000000437113883,0.0000000000000000,0.8321190476417542,-0.0000000242422065,-0.5545970201492310,10.2267379760742188,0.0000000000000000,0.0000000000000000,0.0000000000000000,1.0000000000000000
M -0.5928570628166199,-0.0000000352011185,-0.8053077459335327,-13.6681642532348633,0.0000000000000000,1.0000000000000000,-0.0000000437113883,0.0000000000000000,0.8053077459335327,-0.0000000259146056,-0.5928570628166199,10.0352745056152344,0.0000000000000000,0.0000000000000000,0.0000000000000000,1.0000000000000000
M -0.6203775405883789,-0.0000000342829907,-0.7843033671379089,-13.9588737487792969,0.0000000000000000,1.0000000000000000,-0.0000000437113883,0.0000000000000000,0.7843033671379089,-0.0000000271175633,-0.6203775405883789,9.8814458847045898,0.0000000000000000,0.0000000000000000,0.0000000000000000,1.0000000000000000
M -0.6371049880981445,-0.0000000336917338,-0.7707770466804504,-14.1367597579956055,0.0000000000000000,1.0000000000000000,-0.0000000437113883,0.0000000000000000,0.7707770466804504,-0.0000000278487438,-0.6371049880981445,9.7808284759521484,0.0000000000000000,0.0000000000000000,0.0000000000000000,1.0000000000000000
M -0.6427876353263855,-0.0000000334848664,-0.7660444378852844,-14.1974058151245117,0.0000000000000000,1.0000000000000000,-0.0000000437113883,0.0000000000000000,0.7660444378852844,-0.0000000280971406,-0.6427876353263855,9.7453594207763672,0.0000000000000000,0.0000000000000000,0.0000000000000000,1.0000000000000000
M -0.6427876353263855,-0.0000000334848664,-0.7660444378852844,-14.1974058151245117,0.0000000000000000,1.0000000000000000,-0.0000000437113883,0.0000000000000000,0.7660444378852844,-0.0000000280971406,-0.6427876353263855,9.7453594207763672,0.0000000000000000,0.0000000000000000,0.0000000000000000,1.0000000000000000
O door_1_part_1
A door_1_part_1_door_1_part_1
M 1.0000000000000000,0.0000000000000000,0.0000000000000000,0.0000000000000000,0.0000000000000000,1.0000000000000000,-0.0000000437113883,0.0000000000000000,-0.0000000000000000,0.0000000437113883,1.0000000000000000,-0.0000000000000000,0.0000000000000000,0.0000000000000000,0.0000000000000000,1.0000000000000000
M 0.9998537302017212,0.0171033926308155,-0.0000000007476130,-0.0453388094902039,-0.0171033926308155,0.9998537302017212,-0.0000000437049934,-0.1700535565614700,-0.0000000000000000,0.0000000437113883,1.0000000000000000,-0.0000000000000000,0.0000000000000000,0.0000000000000000,0.0000000000000000,1.0000000000000000
M 0.9979826211929321,0.0634872466325760,-0.0000000027751157,-0.1829895824193954,-0.0634872466325760,0.9979826211929321,-0.0000000436232064,-0.6274505853652954,-0.0000000000000000,0.0000000437113883,1.0000000000000000,-0.0000000000000000,0.0000000000000000,0.0000000000000000,0.0000000000000000,1.0000000000000000
M 0.9913076162338257,0.1315643489360809,-0.0000000057508602,-0.4241667091846466,-0.1315643489360809,0.9913076162338257,-0.0000000433314327,-1.2886872291564941,-0.0000000000000000,0.0000000437113883,1.0000000000000000,-0.0000000000000000,0.0000000000000000,0.0000000000000000,0.0000000000000000,1.0000000000000000
M 0.9769711494445801,0.2133713960647583,-0.0000000093267598,-0.7769138216972351,-0.2133713960647583,0.9769711494445801,-0.0000000427047659,-2.0670807361602783,-0.0000000000000000,0.0000000437113883,1.0000000000000000,-0.0000000000000000,0.0000000000000000,0.0000000000000000,0.0000000000000000,1.0000000000000000
M 0.9537169337272644,0.3007057607173920,-0.0000000131442661,-1.2327036857604980,-0.3007057607173920,0.9537169337272644,-0.0000000416882919,-2.8776721954345703,-0.0000000000000000,0.0000000437113883,1.0000000000000000,-0.0000000000000000,0.0000000000000000,0.0000000000000000,0.0000000000000000,1.0000000000000000
M 0.9226727485656738,0.3855839669704437,-0.0000000168544112,-1.7598161697387695,-0.3855839669704437,0.9226727485656738,-0.0000000403313081,-3.6438024044036865,-0.0000000000000000,0.0000000437113883,1.0000000000000000,-0.0000000000000000,0.0000000000000000,0.0000000000000000,0.0000000000000000,1.0000000000000000
M 0.8874939084053040,0.4608194530010223,-0.0000000201430588,-2.3033893108367920,-0.4608194530010223,0.8874939084053040,-0.0000000387935906,-4.3032379150390625,-0.0000000000000000,0.0000000437113883,1.0000000000000000,-0.0000000000000000,0.0000000000000000,0.0000000000000000,0.0000000000000000,1.0000000000000000
M 0.8539143204689026,0.5204135775566101,-0.0000000227480008,-2.7908959388732910,-0.5204135775566101,0.8539143204689026,-0.0000000373257798,-4.8109169006347656,-0.0000000000000000,0.0000000437113883,1.0000000000000000,-0.0000000000000000,0.0000000000000000,0.0000000000000000,0.0000000000000000,1.0000000000000000
M 0.8288423418998718,0.5594822764396667,-0.0000000244557476,-3.1409664154052734,-0.5594822764396667,0.8288423418998718,-0.0000000362298493,-5.1358957290649414,-0.0000000000000000,0.0000000437113883,1.0000000000000000,-0.0000000000000000,0.0000000000000000,0.0000000000000000,0.0000000000000000,1.0000000000000000
M 0.8191520571708679,0.5735764503479004,-0.0000000250718237,-3.2736868858337402,-0.5735764503479004,0.8191520571708679,-0.0000000358062735,-5.2514767646789551,-0.0000000000000000,0.0000000437113883,1.0000000000000000,-0.0000000000000000,0.0000000000000000,0.0000000000000000,0.0000000000000000,1.0000000000000000
M 0.8288196921348572,0.5594668984413147,-0.0073949829675257,-3.1295804977416992,-0.5594822168350220,0.8288423418998718,-0.0000000362298493,-5.1358947753906250,0.0061292545869946,0.0041373912245035,0.9999726414680481,0.0461127310991287,0.0000000000000000,0.0000000000000000,0.0000000000000000,1.0000000000000000
M 0.8535575270652771,0.5201961994171143,-0.0289038252085447,-2.7484836578369141,-0.5204136371612549,0.8539143204689026,-0.0000000373257798,-4.8109178543090820,0.0246813707053661,0.0150419771671295,0.9995821714401245,0.1908391267061234,0.0000000000000000,0.0000000000000000,0.0000000000000000,1.0000000000000000
M 0.8857035040855408,0.4598898291587830,-0.0634872838854790,-2.2184484004974365,-0.4608194828033447,0.8874939084053040,-0.0000000387935906,-4.3032388687133789,0.0563445575535297,0.0292562097311020,0.9979826211929321,0.4518471360206604,0.0000000000000000,0.0000000000000000,0.0000000000000000,1.0000000000000000
M 0.9170705080032349,0.3832427859306335,-0.1100298911333084,-1.6341060400009155,-0.3855839669704437,0.9226727485656738,-0.0000000403313081,-3.6438024044036865,0.1015215665102005,0.0424258001148701,0.9939282536506653,0.8469303846359253,0.0000000000000000,0.0000000000000000,0.0000000000000000,1.0000000000000000
M 0.9402787685394287,0.2964686751365662,-0.1672786474227905,-1.0860005617141724,-0.3007057309150696,0.9537169933319092,-0.0000000416882955,-2.8776719570159912,0.1595364809036255,0.0503016896545887,0.9859096407890320,1.3833577632904053,0.0000000000000000,0.0000000000000000,0.0000000000000000,1.0000000000000000
M 0.9498977065086365,0.2074585407972336,-0.2337848097085953,-0.6497772932052612,-0.2133714258670807,0.9769711494445801,-0.0000000427047659,-2.0670809745788574,0.2284010052680969,0.0498830378055573,0.9722883701324463,2.0524361133575439,0.0000000000000000,0.0000000000000000,0.0000000000000000,1.0000000000000000
M 0.9431611299514771,0.1251743882894516,-0.3078609704971313,-0.3776624202728271,-0.1315643042325974,0.9913076162338257,-0.0000000433314327,-1.2886868715286255,0.3051849305629730,0.0405035540461540,0.9514313340187073,2.8302297592163086,0.0000000000000000,0.0000000000000000,0.0000000000000000,1.0000000000000000
M 0.9199834465980530,0.0585252009332180,-0.3875632882118225,-0.2955169081687927,-0.0634871795773506,0.9979826807975769,-0.0000000436232099,-0.6274498701095581,0.3867814540863037,0.0246053412556648,0.9218431115150452,3.6830058097839355,0.0000000000000000,0.0000000000000000,0.0000000000000000,1.0000000000000000
M 0.8821621537208557,0.0150901358574629,-0.4707039296627045,-0.4075608849525452,-0.0171033740043640,0.9998537302017212,-0.0000000437049934,-0.1700533777475357,0.4706350862979889,0.0080506633967161,0.8822911977767944,4.5734848976135254,0.0000000000000000,0.0000000000000000,0.0000000000000000,1.0000000000000000
M 0.8319182395935059,-0.0000000077181141,-0.5548982024192810,-0.7080444693565369,0.0000000000000000,1.0000000000000000,-0.0000000139090623,-0.0000000479631233,0.5548982024192810,0.0000000115712027,0.8319182395935059,5.4625072479248047,0.0000000000000000,0.0000000000000000,0.0000000000000000,1.0000000000000000
M 0.7703319191932678,-0.0000000088690175,-0.6376430988311768,-1.1558718681335449,0.0000000000000000,1.0000000000000000,-0.0000000139090623,-0.0000000479631233,0.6376430988311768,0.0000000107145954,0.7703319191932678,6.3341274261474609,0.0000000000000000,0.0000000000000000,0.0000000000000000,1.0000000000000000
M 0.6976653337478638,-0.0000000099647828,-0.7164238095283508,-1.7137255668640137,0.0000000000000000,1.0000000000000000,-0.0000000139090623,-0.0000000479631233,0.7164238095283508,0.0000000097038697,0.6976653337478638,7.1859130859375000,0.0000000000000000,0.0000000000000000,0.0000000000000000,1.0000000000000000
M 0.6146013736724854,-0.0000000109719931,-0.7888378500938416,-2.3789620399475098,0.0000000000000000,1.0000000000000000,-0.0000000139090623,-0.0000000479631233,0.7888378500938416,0.0000000085485290,0.6146013736724854,7.9942827224731445,0.0000000000000000,0.0000000000000000,0.0000000000000000,1.0000000000000000
M 0.5223553180694580,-0.0000000118606440,-0.8527279496192932,-3.1435592174530029,0.0000000000000000,1.0000000000000000,-0.0000000139090623,-0.0000000479631233,0.8527279496192932,0.0000000072654736,0.5223553180694580,8.7371234893798828,0.0000000000000000,0.0000000000000000,0.0000000000000000,1.0000000000000000
M 0.4226182401180267,-0.0000000126058914,-0.9063078165054321,-3.9944639205932617,0.0000000000000000,1.0000000000000000,-0.0000000139090623,-0.0000000479631233,0.9063078165054321,0.0000000058782232,0.4226182401180267,9.3950519561767578,0.0000000000000000,0.0000000000000000,0.0000000000000000,1.0000000000000000
M 0.3174638450145721,-0.0000000131895508,-0.9482703804969788,-4.9142851829528809,0.0000000000000000,1.0000000000000000,-0.0000000139090623,-0.0000000479631233,0.9482703804969788,0.0000000044156243,0.3174638450145721,9.9525814056396484,0.0000000000000000,0.0000000000000000,0.0000000000000000,1.0000000000000000
M 0.2092266380786896,-0.0000000136012144,-0.9778671860694885,-5.8823170661926270,0.0000000000000000,1.0000000000000000,-0.0000000139090623,-0.0000000479631233,0.9778671860694885,0.0000000029101459,0.2092266380786896,10.3990497589111328,0.0000000000000000,0.0000000000000000,0.0000000000000000,1.0000000000000000
M 0.1003616973757744,-0.0000000138388359,-0.9949510097503662,-6.8757829666137695,0.0000000000000000,1.0000000000000000,-0.0000000139090623,-0.0000000479631233,0.9949510097503662,0.0000000013959369,0.1003616973757744,10.7292413711547852,0.0000000000000000,0.0000000000000000,0.0000000000000000,1.0000000000000000
M -0.0066968062892556,-0.0000000139087497,-0.9999775886535645,-7.8711609840393066,0.0000000000000000,1.0000000000000000,-0.0000000139090623,-0.0000000479631233,0.9999775886535645,-0.0000000000931463,-0.0066968062892556,10.9436244964599609,0.0000000000000000,0.0000000000000000,0.0000000000000000,1.0000000000000000
M -0.1096700504422188,-0.0000000138251632,-0.9939680695533752,-8.8454990386962891,0.0000000000000000,1.0000000000000000,-0.0000000139090623,-0.0000000479631233,0.9939680695533752,-0.0000000015254076,-0.1096700504422188,11.0482053756713867,0.0000000000000000,0.0000000000000000,0.0000000000000000,1.0000000000000000
M -0.2065456360578537,-0.0000000136091387,-0.9784369468688965,-9.7775745391845703,0.0000000000000000,1.0000000000000000,-0.0000000139090623,-0.0000000479631233,0.9784369468688965,-0.0000000028728562,-0.2065456360578537,11.0540332794189453,0.0000000000000000,0.0000000000000000,0.0000000000000000,1.0000000000000000
M -0.2956585586071014,-0.0000000132872380,-0.9552936553955078,-10.6488018035888672,0.0000000000000000,1.0000000000000000,-0.0000000139090623,-0.0000000479631233,0.9552936553955078,-0.0000000041123336,-0.2956585586071014,10.9763994216918945,0.0000000000000000,0.0000000000000000,0.0000000000000000,1.0000000000000000
M -0.3757327198982239,-0.0000000128899185,-0.9267280697822571,-11.4438009262084961,0.0000000000000000,1.0000000000000000,-0.0000000139090623,-0.0000000479631233,0.9267280697822571,-0.0000000052260898,-0.3757327198982239,10.8338317871093750,0.0000000000000000,0.0000000000000000,0.0000000000000000,1.0000000000000000
M -0.4458857774734497,-0.0000000124498598,-0.8950898647308350,-12.1506309509277344,0.0000000000000000,1.0000000000000000,-0.0000000139090623,-0.0000000479631233,0.8950898647308350,-0.0000000062018533,-0.4458857774734497,10.6469669342041016,0.0000000000000000,0.0000000000000000,0.0000000000000000,1.0000000000000000
M -0.5055879950523376,-0.0000000120003918,-0.8627750873565674,-12.7605848312377930,0.0000000000000000,1.0000000000000000,-0.0000000139090623,-0.0000000479631233,0.8627750873565674,-0.0000000070322557,-0.5055879950523376,10.4374351501464844,0.0000000000000000,0.0000000000000000,0.0000000000000000,1.0000000000000000
M -0.5545970201492310,-0.0000000115739969,-0.8321190476417542,-13.2677412033081055,0.0000000000000000,1.0000000000000000,-0.0000000139090623,-0.0000000479631233,0.8321190476417542,-0.0000000077139255,-0.5545970201492310,10.2267379760742188,0.0000000000000000,0.0000000000000000,0.0000000000000000,1.0000000000000000
M -0.5928570628166199,-0.0000000112010738,-0.8053077459335327,-13.6681632995605469,0.0000000000000000,1.0000000000000000,-0.0000000139090623,-0.0000000479631233,0.8053077459335327,-0.0000000082460865,-0.5928570628166199,10.0352745056152344,0.0000000000000000,0.0000000000000000,0.0000000000000000,1.0000000000000000
M -0.6203775405883789,-0.0000000109089253,-0.7843033671379089,-13.9588737487792969,0.0000000000000000,1.0000000000000000,-0.0000000139090623,-0.0000000479631233,0.7843033671379089,-0.0000000086288701,-0.6203775405883789,9.8814458847045898,0.0000000000000000,0.0000000000000000,0.0000000000000000,1.0000000000000000
M -0.6371049880981445,-0.0000000107207843,-0.7707770466804504,-14.1367597579956055,0.0000000000000000,1.0000000000000000,-0.0000000139090623,-0.0000000479631233,0.7707770466804504,-0.0000000088615337,-0.6371049880981445,9.7808284759521484,0.0000000000000000,0.0000000000000000,0.0000000000000000,1.0000000000000000
M -0.6427876353263855,-0.0000000106549596,-0.7660444378852844,-14.1974067687988281,0.0000000000000000,1.0000000000000000,-0.0000000139090623,-0.0000000479631233,0.7660444378852844,-0.0000000089405745,-0.6427876353263855,9.7453594207763672,0.0000000000000000,0.0000000000000000,0.0000000000000000,1.0000000000000000
M -0.6427876353263855,-0.0000000106549596,-0.7660444378852844,-14.1974067687988281,0.0000000000000000,1.0000000000000000,-0.0000000139090623,-0.0000000479631233,0.7660444378852844,-0.0000000089405745,-0.6427876353263855,9.7453594207763672,0.0000000000000000,0.0000000000000000,0.0000000000000000,1.0000000000000000
O door_1_part_3_INTERIOR_LCG_EL
A door_1_part_3_INTERIOR_LCG_EL_door_1_part_3_INTERIOR_LCG_EL
M 1.0000000000000000,0.0000000000000000,0.0000000000000000,0.0000000000000000,0.0000000000000000,1.0000000000000000,-0.0000000437113883,0.0000000000000000,-0.0000000000000000,0.0000000437113883,1.0000000000000000,-0.0000000000000000,0.0000000000000000,0.0000000000000000,0.0000000000000000,1.0000000000000000
