O WIPER_1_rod1
A WIPER_1_rod1_WIPER_1_rod1
M 1.0000000000000000,0.0000000000000000,0.0000000000000000,0.0000000000000000,0.0000000000000000,1.0000000000000000,-0.0000000437113883,0.0000000000000000,-0.0000000000000000,0.0000000437113883,1.0000000000000000,-0.0000000000000000,0.0000000000000000,0.0000000000000000,0.0000000000000000,1.0000000000000000
M 0.9999964833259583,0.0002555428654887,0.0026393616572022,-0.0024247788824141,-0.0002795146137942,0.9999586939811707,0.0090860286727548,-0.0081986328586936,-0.0026369306724519,-0.0090867346152663,0.9999552369117737,0.0015030093491077,0.0000000000000000,0.0000000000000000,0.0000000000000000,1.0000000000000000
M 0.9999468922615051,0.0009035641560331,0.0102661056444049,-0.0095806522294879,-0.0012624472146854,0.9993863105773926,0.0350055359303951,-0.0321803912520409,-0.0102281756699085,-0.0350166372954845,0.9993343949317932,0.0052289366722107,0.0000000000000000,0.0000000000000000,0.0000000000000000,1.0000000000000000
M 0.9997464418411255,0.0014676960418001,0.0224689859896898,-0.0207532402127981,-0.0031653770711273,0.9971249699592590,0.0757087245583534,-0.0691708028316498,-0.0222932677716017,-0.0757606476545334,0.9968767762184143,0.0101764202117920,0.0000000000000000,0.0000000000000000,0.0000000000000000,1.0000000000000000
M 0.9992451667785645,0.0012001314898953,0.0388285256922245,-0.0347613394260406,-0.0062048640102148,0.9916210770606995,0.1290315538644791,-0.1148406267166138,-0.0383483283221722,-0.1291750818490982,0.9908800125122070,0.0151909887790680,0.0000000000000000,0.0000000000000000,0.0000000000000000,1.0000000000000000
M 0.9982659220695496,-0.0007738242857158,0.0588600635528564,-0.0502485670149326,-0.0105973957106471,0.9812139272689819,0.1926315575838089,-0.1643600463867188,-0.0579033792018890,-0.1929212957620621,0.9795042276382446,0.0185322761535645,0.0000000000000000,0.0000000000000000,0.0000000000000000,1.0000000000000000
M 0.9966202974319458,-0.0053238584659994,0.0819733813405037,-0.0659609735012054,-0.0165592841804028,0.9643917679786682,0.2639589309692383,-0.2133474200963974,-0.0804597288370132,-0.2644242346286774,0.9610442519187927,0.0176041126251221,0.0000000000000000,0.0000000000000000,0.0000000000000000,1.0000000000000000
M 0.9941213726997375,-0.0131958359852433,0.1074642911553383,-0.0810315161943436,-0.0243064314126968,0.9400105476379395,0.3402783274650574,-0.2587043642997742,-0.1055078282952309,-0.3408900201320648,0.9341638088226318,0.0089218020439148,0.0000000000000000,0.0000000000000000,0.0000000000000000,1.0000000000000000
M 0.9905944466590881,-0.0249110702425241,0.1345440894365311,-0.0952433794736862,-0.0340539403259754,0.9074653983116150,0.4187443554401398,-0.2992971539497375,-0.1325254887342453,-0.4193875789642334,0.8980818390846252,-0.0116581320762634,0.0000000000000000,0.0000000000000000,0.0000000000000000,1.0000000000000000
M 0.9858849048614502,-0.0406913608312607,0.1624044775962830,-0.1092493981122971,-0.0460154823958874,0.8668035864830017,0.4965219497680664,-0.3364404439926147,-0.1609769463539124,-0.4969865977764130,0.8526961207389832,-0.0484710633754730,0.0000000000000000,0.0000000000000000,0.0000000000000000,1.0000000000000000
M 0.9798637032508850,-0.0604160465300083,0.1903077512979507,-0.1247148588299751,-0.0604022517800331,0.8187718391418457,0.5709327459335327,-0.3741415441036224,-0.1903121322393417,-0.5709312558174133,0.7986355423927307,-0.1054090559482574,0.0000000000000000,0.0000000000000000,0.0000000000000000,1.0000000000000000
M 0.9724530577659607,-0.0837349370121956,0.2175396680831909,-0.1435436308383942,-0.0772451534867287,0.7647564411163330,0.6396723389625549,-0.4167778789997101,-0.2199278026819229,-0.6388552188873291,0.7372215986251831,-0.1846051812171936,0.0000000000000000,0.0000000000000000,0.0000000000000000,1.0000000000000000
M 0.9637305736541748,-0.1103621497750282,0.2429888993501663,-0.1652546226978302,-0.0958660393953323,0.7065606117248535,0.7011289596557617,-0.4618512988090515,-0.2490644752979279,-0.6989938616752625,0.6703540682792664,-0.2842885255813599,0.0000000000000000,0.0000000000000000,0.0000000000000000,1.0000000000000000
M 0.9539268612861633,-0.1395953297615051,0.2655874490737915,-0.1890528947114944,-0.1154107525944710,0.6463549733161926,0.7542583942413330,-0.5063650608062744,-0.2769547104835510,-0.7501589655876160,0.6004645824432373,-0.4006996154785156,0.0000000000000000,0.0000000000000000,0.0000000000000000,1.0000000000000000
M 0.9434133768081665,-0.1702533215284348,0.2845787405967712,-0.2143702358007431,-0.1350290179252625,0.5865710377693176,0.7985622882843018,-0.5486474633216858,-0.3028835058212280,-0.7918006777763367,0.5303897857666016,-0.5285412073135376,0.0000000000000000,0.0000000000000000,0.0000000000000000,1.0000000000000000
M 0.9326913356781006,-0.2008027136325836,0.2996082305908203,-0.2405646592378616,-0.1538778990507126,0.5297523140907288,0.8340768218040466,-0.5878278613090515,-0.3262030482292175,-0.8240393400192261,0.4631962776184082,-0.6609458923339844,0.0000000000000000,0.0000000000000000,0.0000000000000000,1.0000000000000000
M 0.9223694801330566,-0.2295077294111252,0.3107423186302185,-0.2666486501693726,-0.1711245477199554,0.4784198999404907,0.8612959980964661,-0.6233224868774414,-0.3463394045829773,-0.8476087450981140,0.4020054936408997,-0.7896809577941895,0.0000000000000000,0.0000000000000000,0.0000000000000000,1.0000000000000000
M 0.9131312370300293,-0.2545772194862366,0.3184049725532532,-0.2911046445369720,-0.1859473288059235,0.4349664449691772,0.8810378909111023,-0.6543759107589722,-0.3627876639366150,-0.8637098073959351,0.3498435020446777,-0.9055575728416443,0.0000000000000000,0.0000000000000000,0.0000000000000000,1.0000000000000000
M 0.9056958556175232,-0.2742865979671478,0.3232366442680359,-0.3118367791175842,-0.1975344568490982,0.4015937149524689,0.8942609429359436,-0.6797105669975281,-0.3750935792922974,-0.8737788200378418,0.3095406889915466,-0.9990260004997253,0.0000000000000000,0.0000000000000000,0.0000000000000000,1.0000000000000000
M 0.9007717967033386,-0.2870683670043945,0.3258864283561707,-0.3262918293476105,-0.2050797641277313,0.3802883028984070,0.9018442630767822,-0.6972649097442627,-0.3828217387199402,-0.8791885972023010,0.2836810648441315,-1.0608769655227661,0.0000000000000000,0.0000000000000000,0.0000000000000000,1.0000000000000000
M 0.8990051150321960,-0.2915802299976349,0.3267580270767212,-0.3317151069641113,-0.2077757120132446,0.3728262186050415,0.9043394923210144,-0.7039895057678223,-0.3855114579200745,-0.8808981776237488,0.2745893895626068,-1.0830075740814209,0.0000000000000000,0.0000000000000000,0.0000000000000000,1.0000000000000000
M 0.9007717967033386,-0.2870684564113617,0.3258863389492035,-0.3262914419174194,-0.2050797194242477,0.3802882134914398,0.9018443226814270,-0.6972640752792358,-0.3828217685222626,-0.8791885972023010,0.2836809754371643,-1.0608769655227661,0.0000000000000000,0.0000000000000000,0.0000000000000000,1.0000000000000000
M 0.9056958556175232,-0.2742867171764374,0.3232365250587463,-0.3118362426757812,-0.1975343972444534,0.4015935063362122,0.8942610621452332,-0.6797091960906982,-0.3750936090946198,-0.8737788796424866,0.3095405101776123,-0.9990261197090149,0.0000000000000000,0.0000000000000000,0.0000000000000000,1.0000000000000000
M 0.9131312370300293,-0.2545773088932037,0.3184049427509308,-0.2911043167114258,-0.1859472990036011,0.4349663257598877,0.8810379505157471,-0.6543749570846558,-0.3627876937389374,-0.8637098670005798,0.3498434126377106,-0.9055577516555786,0.0000000000000000,0.0000000000000000,0.0000000000000000,1.0000000000000000
M 0.9223694801330566,-0.2295077741146088,0.3107422590255737,-0.2666484117507935,-0.1711245328187943,0.4784197807312012,0.8612960577011108,-0.6233217716217041,-0.3463394045829773,-0.8476088047027588,0.4020054042339325,-0.7896806597709656,0.0000000000000000,0.0000000000000000,0.0000000000000000,1.0000000000000000
M 0.9326913356781006,-0.2008027285337448,0.2996082305908203,-0.2405645996332169,-0.1538778841495514,0.5297523140907288,0.8340768218040466,-0.5878276228904724,-0.3262030482292175,-0.8240393400192261,0.4631962776184082,-0.6609458923339844,0.0000000000000000,0.0000000000000000,0.0000000000000000,1.0000000000000000
M 0.9434133768081665,-0.1702533066272736,0.2845787107944489,-0.2143702805042267,-0.1350290030241013,0.5865710377693176,0.7985622882843018,-0.5486472249031067,-0.3028834760189056,-0.7918006777763367,0.5303897857666016,-0.5285407304763794,0.0000000000000000,0.0000000000000000,0.0000000000000000,1.0000000000000000
M 0.9539268612861633,-0.1395953148603439,0.2655874490737915,-0.1890529543161392,-0.1154107674956322,0.6463550329208374,0.7542583346366882,-0.5063655376434326,-0.2769547104835510,-0.7501589059829712,0.6004645824432373,-0.4006998538970947,0.0000000000000000,0.0000000000000000,0.0000000000000000,1.0000000000000000
M 0.9637305736541748,-0.1103620752692223,0.2429888546466827,-0.1652548909187317,-0.0958660393953323,0.7065606117248535,0.7011289596557617,-0.4618512988090515,-0.2490644007921219,-0.6989938020706177,0.6703541278839111,-0.2842878401279449,0.0000000000000000,0.0000000000000000,0.0000000000000000,1.0000000000000000
M 0.9724530577659607,-0.0837348774075508,0.2175396382808685,-0.1435438543558121,-0.0772451609373093,0.7647565007209778,0.6396722793579102,-0.4167781472206116,-0.2199277430772781,-0.6388551592826843,0.7372216582298279,-0.1846047341823578,0.0000000000000000,0.0000000000000000,0.0000000000000000,1.0000000000000000
M 0.9798637032508850,-0.0604159981012344,0.1903077363967896,-0.1247150301933289,-0.0604022778570652,0.8187718391418457,0.5709327459335327,-0.3741418421268463,-0.1903120875358582,-0.5709312558174133,0.7986355423927307,-0.1054085791110992,0.0000000000000000,0.0000000000000000,0.0000000000000000,1.0000000000000000
M 0.9858849048614502,-0.0406913086771965,0.1624044626951218,-0.1092495992779732,-0.0460155159235001,0.8668035864830017,0.4965219497680664,-0.3364408612251282,-0.1609769016504288,-0.4969865977764130,0.8526961803436279,-0.0484706163406372,0.0000000000000000,0.0000000000000000,0.0000000000000000,1.0000000000000000
M 0.9905944466590881,-0.0249110218137503,0.1345440745353699,-0.0952435508370399,-0.0340539775788784,0.9074653983116150,0.4187443852424622,-0.2992976307868958,-0.1325254440307617,-0.4193876087665558,0.8980818390846252,-0.0116574168205261,0.0000000000000000,0.0000000000000000,0.0000000000000000,1.0000000000000000
M 0.9941213726997375,-0.0131957866251469,0.1074642539024353,-0.0810316801071167,-0.0243064686655998,0.9400105476379395,0.3402783572673798,-0.2587048709392548,-0.1055077761411667,-0.3408900499343872,0.9341638088226318,0.0089225172996521,0.0000000000000000,0.0000000000000000,0.0000000000000000,1.0000000000000000
M 0.9966202974319458,-0.0053238118998706,0.0819733589887619,-0.0659611299633980,-0.0165593270212412,0.9643917679786682,0.2639589607715607,-0.2133479714393616,-0.0804596990346909,-0.2644242644309998,0.9610442519187927,0.0176045894622803,0.0000000000000000,0.0000000000000000,0.0000000000000000,1.0000000000000000
M 0.9982659220695496,-0.0007737725391053,0.0588600337505341,-0.0502487458288670,-0.0105974422767758,0.9812139272689819,0.1926315873861313,-0.1643606424331665,-0.0579033382236958,-0.1929213255643845,0.9795042276382446,0.0185329318046570,0.0000000000000000,0.0000000000000000,0.0000000000000000,1.0000000000000000
M 0.9992451667785645,0.0012001809664071,0.0388284921646118,-0.0347615070641041,-0.0062049096450210,0.9916210770606995,0.1290315687656403,-0.1148412004113197,-0.0383482910692692,-0.1291750967502594,0.9908800125122070,0.0151915252208710,0.0000000000000000,0.0000000000000000,0.0000000000000000,1.0000000000000000
M 0.9997464418411255,0.0014677436556667,0.0224689450114965,-0.0207533985376358,-0.0031654222402722,0.9971249699592590,0.0757087618112564,-0.0691713914275169,-0.0222932230681181,-0.0757606849074364,0.9968767762184143,0.0101771354675293,0.0000000000000000,0.0000000000000000,0.0000000000000000,1.0000000000000000
M 0.9999468922615051,0.0009036096162163,0.0102660581469536,-0.0095807984471321,-0.0012624912196770,0.9993863105773926,0.0350055545568466,-0.0321809463202953,-0.0102281272411346,-0.0350166559219360,0.9993343949317932,0.0052296072244644,0.0000000000000000,0.0000000000000000,0.0000000000000000,1.0000000000000000
M 0.9999964833259583,0.0002555873943493,0.0026393190491945,-0.0024249241687357,-0.0002795588225126,0.9999586939811707,0.0090860519558191,-0.0081991953775287,-0.0026368875987828,-0.0090867578983307,0.9999552369117737,0.0015036351978779,0.0000000000000000,0.0000000000000000,0.0000000000000000,1.0000000000000000
M 1.0000000000000000,0.0000000484287703,-0.0000000447034871,-0.0000001587223011,-0.0000000484287739,1.0000000000000000,-0.0000000437113883,-0.0000006024791901,0.0000000447034836,0.0000000437113918,1.0000000000000000,0.0000005561346370,0.0000000000000000,0.0000000000000000,0.0000000000000000,1.0000000000000000
M 1.0000000000000000,0.0000000484287703,-0.0000000447034871,-0.0000001587223011,-0.0000000484287739,1.0000000000000000,-0.0000000437113883,-0.0000006024791901,0.0000000447034836,0.0000000437113918,1.0000000000000000,0.0000005561346370,0.0000000000000000,0.0000000000000000,0.0000000000000000,1.0000000000000000
M 1.0000000000000000,0.0000000484287703,-0.0000000447034871,-0.0000001587223011,-0.0000000484287739,1.0000000000000000,-0.0000000437113883,-0.0000006024791901,0.0000000447034836,0.0000000437113918,1.0000000000000000,0.0000005561346370,0.0000000000000000,0.0000000000000000,0.0000000000000000,1.0000000000000000
M 1.0000000000000000,0.0000000484287703,-0.0000000447034871,-0.0000001587223011,-0.0000000484287739,1.0000000000000000,-0.0000000437113883,-0.0000006024791901,0.0000000447034836,0.0000000437113918,1.0000000000000000,0.0000005561346370,0.0000000000000000,0.0000000000000000,0.0000000000000000,1.0000000000000000
M 1.0000000000000000,0.0000000484287703,-0.0000000447034871,-0.0000001587223011,-0.0000000484287739,1.0000000000000000,-0.0000000437113883,-0.0000006024791901,0.0000000447034836,0.0000000437113918,1.0000000000000000,0.0000005561346370,0.0000000000000000,0.0000000000000000,0.0000000000000000,1.0000000000000000
M 1.0000000000000000,0.0000000484287703,-0.0000000447034871,-0.0000001587223011,-0.0000000484287739,1.0000000000000000,-0.0000000437113883,-0.0000006024791901,0.0000000447034836,0.0000000437113918,1.0000000000000000,0.0000005561346370,0.0000000000000000,0.0000000000000000,0.0000000000000000,1.0000000000000000
O WIPER_1
A WIPER_1_WIPER_1
M 1.0000000000000000,0.0000000000000000,0.0000000000000000,0.0000000000000000,0.0000000000000000,1.0000000000000000,-0.0000000437113883,0.0000000000000000,-0.0000000000000000,0.0000000437113883,1.0000000000000000,-0.0000000000000000,0.0000000000000000,0.0000000000000000,0.0000000000000000,1.0000000000000000
M 0.9999995231628418,0.0007007582462393,-0.0007099271169864,-0.0032872294541448,-0.0007011711131781,0.9999995827674866,-0.0005814460455440,-0.0119895646348596,0.0007095193141140,0.0005819433717988,0.9999995827674866,0.0116227325052023,0.0000000000000000,0.0000000000000000,0.0000000000000000,1.0000000000000000
M 0.9999931454658508,0.0026860008947551,-0.0025720202829689,-0.0127019630745053,-0.0026912949979305,0.9999942183494568,-0.0020570335909724,-0.0458455942571163,0.0025664798449725,0.0020639477297664,0.9999946355819702,0.0434605889022350,0.0000000000000000,0.0000000000000000,0.0000000000000000,1.0000000000000000
M 0.9999715685844421,0.0054424190893769,-0.0052138394676149,-0.0263447128236294,-0.0054633920080960,0.9999769926071167,-0.0040169199928641,-0.0939179807901382,0.0051918593235314,0.0040452843531966,0.9999783635139465,0.0915213450789452,0.0000000000000000,0.0000000000000000,0.0000000000000000,1.0000000000000000
M 0.9999324679374695,0.0082083884626627,-0.0082309851422906,-0.0412664636969566,-0.0082583855837584,0.9999475479125977,-0.0060587814077735,-0.1451803743839264,0.0081808231770992,0.0061263581737876,0.9999477863311768,0.1515909880399704,0.0000000000000000,0.0000000000000000,0.0000000000000000,1.0000000000000000
M 0.9998862147331238,0.0101986527442932,-0.0111150601878762,-0.0542241632938385,-0.0102857444435358,0.9999166727066040,-0.0078065684065223,-0.1881280243396759,0.0110345128923655,0.0079199960455298,0.9999077320098877,0.2181897312402725,0.0000000000000000,0.0000000000000000,0.0000000000000000,1.0000000000000000
M 0.9998542070388794,0.0107971085235476,-0.0132285458967090,-0.0623657852411270,-0.0109155680984259,0.9999006986618042,-0.0089157661423087,-0.2132817208766937,0.0131309870630503,0.0090588768944144,0.9998727440834045,0.2840613126754761,0.0000000000000000,0.0000000000000000,0.0000000000000000,1.0000000000000000
M 0.9998570680618286,0.0097108585759997,-0.0138397272676229,-0.0639641284942627,-0.0098367854952812,0.9999105930328369,-0.0090599795803428,-0.2152556777000427,0.0137504991143942,0.0091948350891471,0.9998631477355957,0.3404167294502258,0.0000000000000000,0.0000000000000000,0.0000000000000000,1.0000000000000000
M 0.9999004006385803,0.0070736086927354,-0.0122115006670356,-0.0589540265500546,-0.0071703828871250,0.9999431371688843,-0.0078994175419211,-0.1942618340253830,0.0121549274772406,0.0079862019047141,0.9998942613601685,0.3779451847076416,0.0000000000000000,0.0000000000000000,0.0000000000000000,1.0000000000000000
M 0.9999641180038452,0.0034874861594290,-0.0077239032834768,-0.0492623820900917,-0.0035264864563942,0.9999810457229614,-0.0050403913483024,-0.1569351851940155,0.0077061578631401,0.0050674816593528,0.9999574422836304,0.3884265422821045,0.0000000000000000,0.0000000000000000,0.0000000000000000,1.0000000000000000
M 1.0000000000000000,0.0000000074505784,-0.0000000484287739,-0.0387897640466690,-0.0000000037252903,1.0000000000000000,0.0000000456955789,-0.1163831353187561,0.0000000298023224,0.0000000437113883,1.0000000000000000,0.3666419088840485,0.0000000000000000,0.0000000000000000,0.0000000000000000,1.0000000000000000
M 0.9999376535415649,-0.0023648287169635,0.0109125114977360,-0.0316892787814140,0.0022820383310318,0.9999685883522034,0.0075921872630715,-0.0865347981452942,-0.0109301283955574,-0.0075668254867196,0.9999116659164429,0.3125133514404297,0.0000000000000000,0.0000000000000000,0.0000000000000000,1.0000000000000000
M 0.9996954798698425,-0.0038875851314515,0.0243701040744781,-0.0276864953339100,0.0034669116139412,0.9998446702957153,0.0172798205167055,-0.0656656846404076,-0.0244334787130356,-0.0171900857239962,0.9995536804199219,0.2311599254608154,0.0000000000000000,0.0000000000000000,0.0000000000000000,1.0000000000000000
M 0.9992032647132874,-0.0050478558987379,0.0395897775888443,-0.0259173028171062,0.0039255470037460,0.9995895624160767,0.0283757317811251,-0.0496158413589001,-0.0397167801856995,-0.0281977225095034,0.9988130331039429,0.1288029253482819,0.0000000000000000,0.0000000000000000,0.0000000000000000,1.0000000000000000
M 0.9984264969825745,-0.0061363107524812,0.0557401329278946,-0.0260352604091167,0.0038973540067673,0.9991846084594727,0.0401879400014877,-0.0362648852169514,-0.0559412762522697,-0.0399075001478195,0.9976361989974976,0.0123491883277893,0.0000000000000000,0.0000000000000000,0.0000000000000000,1.0000000000000000
M 0.9973831772804260,-0.0072672110982239,0.0719308406114578,-0.0279405545443296,0.0035239085555077,0.9986393451690674,0.0520309656858444,-0.0250658132135868,-0.0722110718488693,-0.0516413301229477,0.9960516691207886,-0.1103345900774002,0.0000000000000000,0.0000000000000000,0.0000000000000000,1.0000000000000000
M 0.9961534738540649,-0.0084098167717457,0.0872218310832977,-0.0314889699220657,0.0028890073299408,0.9979947805404663,0.0632301419973373,-0.0164582952857018,-0.0875787138938904,-0.0627348870038986,0.9941802024841309,-0.2304283976554871,0.0000000000000000,0.0000000000000000,0.0000000000000000,1.0000000000000000
M 0.9948771595954895,-0.0094378395006061,0.1006494313478470,-0.0362595170736313,0.0020634159445763,0.9973208904266357,0.0731221586465836,-0.0112024648115039,-0.1010698825120926,-0.0725398510694504,0.9922312498092651,-0.3384745419025421,0.0000000000000000,0.0000000000000000,0.0000000000000000,1.0000000000000000
M 0.9937384724617004,-0.0101953400298953,0.1112653762102127,-0.0414272993803024,0.0011514797806740,0.9967097640037537,0.0810449868440628,-0.0096675353124738,-0.1117255687713623,-0.0804094225168228,0.9904806017875671,-0.4250221848487854,0.0000000000000000,0.0000000000000000,0.0000000000000000,1.0000000000000000
M 0.9929352402687073,-0.0105810854583979,0.1181847900152206,-0.0457590408623219,0.0003418549895287,0.9962670803070068,0.0863237231969833,-0.0110764503479004,-0.1186570227146149,-0.0856734961271286,0.9892323017120361,-0.4815264344215393,0.0000000000000000,0.0000000000000000,0.0000000000000000,1.0000000000000000
M 0.9926395416259766,-0.0106531921774149,0.1206369996070862,-0.0476260446012020,-0.0000347644090652,0.9960983991622925,0.0882494300603867,-0.0126418694853783,-0.1211064755916595,-0.0876040607690811,0.9887662529945374,-0.5013744831085205,0.0000000000000000,0.0000000000000000,0.0000000000000000,1.0000000000000000
M 0.9929351806640625,-0.0105809513479471,0.1181855052709579,-0.0457596033811569,0.0003416240215302,0.9962670803070068,0.0863238424062729,-0.0110793747007847,-0.1186576932668686,-0.0856735557317734,0.9892321825027466,-0.4815342426300049,0.0000000000000000,0.0000000000000000,0.0000000000000000,1.0000000000000000
M 0.9937381744384766,-0.0101944459602237,0.1112679094076157,-0.0414335429668427,0.0011504441499710,0.9967098236083984,0.0810444802045822,-0.0096804685890675,-0.1117279827594757,-0.0804089754819870,0.9904803633689880,-0.4250540137290955,0.0000000000000000,0.0000000000000000,0.0000000000000000,1.0000000000000000
M 0.9948766827583313,-0.0094357831403613,0.1006547063589096,-0.0362729318439960,0.0020611286163330,0.9973209500312805,0.0731208771467209,-0.0112307639792562,-0.1010749787092209,-0.0725387483835220,0.9922308325767517,-0.3385425806045532,0.0000000000000000,0.0000000000000000,0.0000000000000000,1.0000000000000000
M 0.9961526989936829,-0.0084066577255726,0.0872305482625961,-0.0315104275941849,0.0028854608535767,0.9979948997497559,0.0632279366254807,-0.0165029801428318,-0.0875871926546097,-0.0627329796552658,0.9941796064376831,-0.2305411547422409,0.0000000000000000,0.0000000000000000,0.0000000000000000,1.0000000000000000
M 0.9973822236061096,-0.0072629940696061,0.0719435960054398,-0.0279690548777580,0.0035192891955376,0.9986394643783569,0.0520274192094803,-0.0251235216856003,-0.0722235441207886,-0.0516380518674850,0.9960508942604065,-0.1105020344257355,0.0000000000000000,0.0000000000000000,0.0000000000000000,1.0000000000000000
M 0.9984255433082581,-0.0061314455233514,0.0557571500539780,-0.0260666273534298,0.0038920864462852,0.9991847276687622,0.0401831418275833,-0.0363307669758797,-0.0559580773115158,-0.0399028509855270,0.9976354241371155,0.0121227204799652,0.0000000000000000,0.0000000000000000,0.0000000000000000,1.0000000000000000
M 0.9992024302482605,-0.0050428491085768,0.0396111309528351,-0.0259479656815529,0.0039201453328133,0.9995898008346558,0.0283694732934237,-0.0496829189360142,-0.0397379547357559,-0.0281915832310915,0.9988123178482056,0.1285165697336197,0.0000000000000000,0.0000000000000000,0.0000000000000000,1.0000000000000000
M 0.9996948242187500,-0.0038829285185784,0.0243953615427017,-0.0277147609740496,0.0034620240330696,0.9998448491096497,0.0172721911221743,-0.0657263100147247,-0.0244586467742920,-0.0171823669224977,0.9995532035827637,0.2308180928230286,0.0000000000000000,0.0000000000000000,0.0000000000000000,1.0000000000000000
M 0.9999373555183411,-0.0023609916679561,0.0109412111341953,-0.0317116081714630,0.0022780932486057,0.9999686479568481,0.0075830379500985,-0.0865830779075623,-0.0109587647020817,-0.0075577059760690,0.9999113678932190,0.3121235072612762,0.0000000000000000,0.0000000000000000,0.0000000000000000,1.0000000000000000
M 1.0000000000000000,0.0000027418150239,0.0000312179327011,-0.0388041175901890,-0.0000027269124985,1.0000000000000000,-0.0000102957101262,-0.1164156123995781,-0.0000311993062496,0.0000103255124486,0.9999999403953552,0.3662153482437134,0.0000000000000000,0.0000000000000000,0.0000000000000000,1.0000000000000000
M 0.9999644160270691,0.0034891252871603,-0.0076911356300116,-0.0492695607244968,-0.0035280399024487,0.9999810457229614,-0.0050516864284873,-0.1569527834653854,0.0076733771711588,0.0050786575302482,0.9999576807022095,0.3879774808883667,0.0000000000000000,0.0000000000000000,0.0000000000000000,1.0000000000000000
M 0.9999008774757385,0.0070743593387306,-0.0121781323105097,-0.0589564628899097,-0.0071710124611855,0.9999430179595947,-0.0079113086685538,-0.1942672580480576,0.0121214613318443,0.0079978546127677,0.9998944997787476,0.3774862885475159,0.0000000000000000,0.0000000000000000,0.0000000000000000,1.0000000000000000
M 0.9998574852943420,0.0097110476344824,-0.0138063486665487,-0.0639656633138657,-0.0098368320614100,0.9999104738235474,-0.0090721687301993,-0.2152534574270248,0.0137170068919659,0.0092066964134574,0.9998635649681091,0.3399564027786255,0.0000000000000000,0.0000000000000000,0.0000000000000000,1.0000000000000000
M 0.9998546242713928,0.0107971513643861,-0.0131954737007618,-0.0623658336699009,-0.0109154712408781,0.9999005794525146,-0.0089279850944877,-0.2132781744003296,0.0130977686494589,0.0090707680210471,0.9998731017112732,0.2836043536663055,0.0000000000000000,0.0000000000000000,0.0000000000000000,1.0000000000000000
M 0.9998865723609924,0.0101989051327109,-0.0110824499279261,-0.0542248226702213,-0.0102858711034060,0.9999165534973145,-0.0078185489401221,-0.1881273537874222,0.0110017862170935,0.0079316636547446,0.9999080300331116,0.2177398949861526,0.0000000000000000,0.0000000000000000,0.0000000000000000,1.0000000000000000
M 0.9999327063560486,0.0082091288641095,-0.0081988489255309,-0.0412715151906013,-0.0082590244710445,0.9999474883079529,-0.0060704341158271,-0.1451861858367920,0.0081485845148563,0.0061377277597785,0.9999480247497559,0.1511480361223221,0.0000000000000000,0.0000000000000000,0.0000000000000000,1.0000000000000000
M 0.9999717473983765,0.0054438021034002,-0.0051821013912559,-0.0263518206775188,-0.0054647047072649,0.9999769330024719,-0.0040280437096953,-0.0939323529601097,0.0051600532606244,0.0040562516078353,0.9999784827232361,0.0910853669047356,0.0000000000000000,0.0000000000000000,0.0000000000000000,1.0000000000000000
M 0.9999931454658508,0.0026880286168307,-0.0025405744090676,-0.0127140125259757,-0.0026932847686112,0.9999942183494568,-0.0020677512511611,-0.0458690188825130,0.0025350009091198,0.0020745834335685,0.9999946951866150,0.0430297441780567,0.0000000000000000,0.0000000000000000,0.0000000000000000,1.0000000000000000
M 0.9999995231628418,0.0007032881840132,-0.0006786587182432,-0.0033009077887982,-0.0007036898750812,0.9999995827674866,-0.0005918163224123,-0.0120197040960193,0.0006782423588447,0.0005922931595705,0.9999996423721313,0.0111953569576144,0.0000000000000000,0.0000000000000000,0.0000000000000000,1.0000000000000000
M 1.0000000000000000,0.0000027384096484,0.0000311955518555,-0.0000143545566971,-0.0000027380883694,1.0000000000000000,-0.0000102957119452,-0.0000326775443682,-0.0000311955809593,0.0000102956264527,1.0000000000000000,-0.0004260589776095,0.0000000000000000,0.0000000000000000,0.0000000000000000,1.0000000000000000
M 1.0000000000000000,0.0000027384096484,0.0000311955518555,-0.0000143545566971,-0.0000027380883694,1.0000000000000000,-0.0000102957119452,-0.0000326775443682,-0.0000311955809593,0.0000102956264527,1.0000000000000000,-0.0004260589776095,0.0000000000000000,0.0000000000000000,0.0000000000000000,1.0000000000000000
M 1.0000000000000000,0.0000027384096484,0.0000311955518555,-0.0000143545566971,-0.0000027380883694,1.0000000000000000,-0.0000102957119452,-0.0000326775443682,-0.0000311955809593,0.0000102956264527,1.0000000000000000,-0.0004260589776095,0.0000000000000000,0.0000000000000000,0.0000000000000000,1.0000000000000000
M 1.0000000000000000,0.0000027384096484,0.0000311955518555,-0.0000143545566971,-0.0000027380883694,1.0000000000000000,-0.0000102957119452,-0.0000326775443682,-0.0000311955809593,0.0000102956264527,1.0000000000000000,-0.0004260589776095,0.0000000000000000,0.0000000000000000,0.0000000000000000,1.0000000000000000
M 1.0000000000000000,0.0000027384096484,0.0000311955518555,-0.0000143545566971,-0.0000027380883694,1.0000000000000000,-0.0000102957119452,-0.0000326775443682,-0.0000311955809593,0.0000102956264527,1.0000000000000000,-0.0004260589776095,0.0000000000000000,0.0000000000000000,0.0000000000000000,1.0000000000000000
M 1.0000000000000000,0.0000027384096484,0.0000311955518555,-0.0000143545566971,-0.0000027380883694,1.0000000000000000,-0.0000102957119452,-0.0000326775443682,-0.0000311955809593,0.0000102956264527,1.0000000000000000,-0.0004260589776095,0.0000000000000000,0.0000000000000000,0.0000000000000000,1.0000000000000000
O WIPER_1_rod2
A WIPER_1_rod2_WIPER_1_rod2
M 1.0000000000000000,0.0000000000000000,0.0000000000000000,0.0000000000000000,0.0000000000000000,1.0000000000000000,-0.0000000437113883,0.0000000000000000,-0.0000000000000000,0.0000000437113883,1.0000000000000000,-0.0000000000000000,0.0000000000000000,0.0000000000000000,0.0000000000000000,1.0000000000000000
M 0.9999964833259583,0.0002555428654887,0.0026393616572022,-0.0026473228354007,-0.0002795146137942,0.9999586939811707,0.0090860286727548,-0.0089759537950158,-0.0026369306724519,-0.0090867346152663,0.9999552369117737,0.0013940818607807,0.0000000000000000,0.0000000000000000,0.0000000000000000,1.0000000000000000
M 0.9999468922615051,0.0009035641560331,0.0102661056444049,-0.0104468930512667,-0.0012624472146854,0.9993863105773926,0.0350055359303951,-0.0351800844073296,-0.0102281756699085,-0.0350166372954845,0.9993343949317932,0.0048526972532272,0.0000000000000000,0.0000000000000000,0.0000000000000000,1.0000000000000000
M 0.9997464418411255,0.0014676960418001,0.0224689859896898,-0.0226554032415152,-0.0031653770711273,0.9971249699592590,0.0757087245583534,-0.0756775885820389,-0.0222932677716017,-0.0757606476545334,0.9968767762184143,0.0095100402832031,0.0000000000000000,0.0000000000000000,0.0000000000000000,1.0000000000000000
M 0.9992451667785645,0.0012001314898953,0.0388285256922245,-0.0380667708814144,-0.0062048640102148,0.9916210770606995,0.1290315538644791,-0.1259766519069672,-0.0383483283221722,-0.1291750818490982,0.9908800125122070,0.0143871307373047,0.0000000000000000,0.0000000000000000,0.0000000000000000,1.0000000000000000
M 0.9982659220695496,-0.0007738242857158,0.0588600635528564,-0.0552944503724575,-0.0105973957106471,0.9812139272689819,0.1926315575838089,-0.1810715198516846,-0.0579033792018890,-0.1929212957620621,0.9795042276382446,0.0179342627525330,0.0000000000000000,0.0000000000000000,0.0000000000000000,1.0000000000000000
M 0.9966202974319458,-0.0053238584659994,0.0819733813405037,-0.0730451494455338,-0.0165592841804028,0.9643917679786682,0.2639589309692383,-0.2363841086626053,-0.0804597288370132,-0.2644242346286774,0.9610442519187927,0.0177381634712219,0.0000000000000000,0.0000000000000000,0.0000000000000000,1.0000000000000000
M 0.9941213726997375,-0.0131958359852433,0.1074642911553383,-0.0904024317860603,-0.0243064314126968,0.9400105476379395,0.3402783274650574,-0.2885962724685669,-0.1055078282952309,-0.3408900201320648,0.9341638088226318,0.0104690790176392,0.0000000000000000,0.0000000000000000,0.0000000000000000,1.0000000000000000
M 0.9905944466590881,-0.0249110702425241,0.1345440894365311,-0.1070869565010071,-0.0340539403259754,0.9074653983116150,0.4187443554401398,-0.3363370895385742,-0.1325254887342453,-0.4193875789642334,0.8980818390846252,-0.0079067945480347,0.0000000000000000,0.0000000000000000,0.0000000000000000,1.0000000000000000
M 0.9858849048614502,-0.0406913608312607,0.1624044775962830,-0.1236830949783325,-0.0460154823958874,0.8668035864830017,0.4965219497680664,-0.3806722760200500,-0.1609769463539124,-0.4969865977764130,0.8526961207389832,-0.0416745543479919,0.0000000000000000,0.0000000000000000,0.0000000000000000,1.0000000000000000
M 0.9798637032508850,-0.0604160465300083,0.1903077512979507,-0.1417876482009888,-0.0604022517800331,0.8187718391418457,0.5709327459335327,-0.4253618717193604,-0.1903121322393417,-0.5709312558174133,0.7986355423927307,-0.0947415828704834,0.0000000000000000,0.0000000000000000,0.0000000000000000,1.0000000000000000
M 0.9724530577659607,-0.0837349370121956,0.2175396680831909,-0.1632379293441772,-0.0772451534867287,0.7647564411163330,0.6396723389625549,-0.4745609760284424,-0.2199278026819229,-0.6388552188873291,0.7372215986251831,-0.1693237423896790,0.0000000000000000,0.0000000000000000,0.0000000000000000,1.0000000000000000
M 0.9637305736541748,-0.1103621497750282,0.2429888993501663,-0.1874502450227737,-0.0958660393953323,0.7065606117248535,0.7011289596557617,-0.5256123542785645,-0.2490644752979279,-0.6989938616752625,0.6703540682792664,-0.2637957036495209,0.0000000000000000,0.0000000000000000,0.0000000000000000,1.0000000000000000
M 0.9539268612861633,-0.1395953297615051,0.2655874490737915,-0.2135322988033295,-0.1154107525944710,0.6463549733161926,0.7542583942413330,-0.5754067301750183,-0.2769547104835510,-0.7501589655876160,0.6004645824432373,-0.3746003806591034,0.0000000000000000,0.0000000000000000,0.0000000000000000,1.0000000000000000
M 0.9434133768081665,-0.1702533215284348,0.2845787405967712,-0.2408346533775330,-0.1350290179252625,0.5865710377693176,0.7985622882843018,-0.6222021579742432,-0.3028835058212280,-0.7918006777763367,0.5303897857666016,-0.4966872036457062,0.0000000000000000,0.0000000000000000,0.0000000000000000,1.0000000000000000
M 0.9326913356781006,-0.2008027136325836,0.2996082305908203,-0.2686685919761658,-0.1538778990507126,0.5297523140907288,0.8340768218040466,-0.6651009917259216,-0.3262030482292175,-0.8240393400192261,0.4631962776184082,-0.6234662532806396,0.0000000000000000,0.0000000000000000,0.0000000000000000,1.0000000000000000
M 0.9223694801330566,-0.2295077294111252,0.3107423186302185,-0.2960313558578491,-0.1711245477199554,0.4784198999404907,0.8612959980964661,-0.7035325169563293,-0.3463394045829773,-0.8476087450981140,0.4020054936408997,-0.7469957470893860,0.0000000000000000,0.0000000000000000,0.0000000000000000,1.0000000000000000
M 0.9131312370300293,-0.2545772194862366,0.3184049725532532,-0.3214239478111267,-0.1859473288059235,0.4349664449691772,0.8810378909111023,-0.7367846369743347,-0.3627876639366150,-0.8637098073959351,0.3498435020446777,-0.8583782911300659,0.0000000000000000,0.0000000000000000,0.0000000000000000,1.0000000000000000
M 0.9056958556175232,-0.2742865979671478,0.3232366442680359,-0.3427846431732178,-0.1975344568490982,0.4015937149524689,0.8942609429359436,-0.7636374235153198,-0.3750935792922974,-0.8737788200378418,0.3095406889915466,-0.9483395814895630,0.0000000000000000,0.0000000000000000,0.0000000000000000,1.0000000000000000
M 0.9007717967033386,-0.2870683670043945,0.3258864283561707,-0.3576058745384216,-0.2050797641277313,0.3802883028984070,0.9018442630767822,-0.7820845246315002,-0.3828217387199402,-0.8791885972023010,0.2836810648441315,-1.0079243183135986,0.0000000000000000,0.0000000000000000,0.0000000000000000,1.0000000000000000
M 0.8990051150321960,-0.2915802299976349,0.3267580270767212,-0.3631516993045807,-0.2077757120132446,0.3728262186050415,0.9043394923210144,-0.7891067862510681,-0.3855114579200745,-0.8808981776237488,0.2745893895626068,-1.0292562246322632,0.0000000000000000,0.0000000000000000,0.0000000000000000,1.0000000000000000
M 0.9007717967033386,-0.2870684564113617,0.3258863389492035,-0.3576054871082306,-0.2050797194242477,0.3802882134914398,0.9018443226814270,-0.7820834517478943,-0.3828217685222626,-0.8791885972023010,0.2836809754371643,-1.0079246759414673,0.0000000000000000,0.0000000000000000,0.0000000000000000,1.0000000000000000
M 0.9056958556175232,-0.2742867171764374,0.3232365250587463,-0.3427841067314148,-0.1975343972444534,0.4015935063362122,0.8942610621452332,-0.7636360526084900,-0.3750936090946198,-0.8737788796424866,0.3095405101776123,-0.9483397006988525,0.0000000000000000,0.0000000000000000,0.0000000000000000,1.0000000000000000
M 0.9131312370300293,-0.2545773088932037,0.3184049427509308,-0.3214235901832581,-0.1859472990036011,0.4349663257598877,0.8810379505157471,-0.7367836833000183,-0.3627876937389374,-0.8637098670005798,0.3498434126377106,-0.8583784699440002,0.0000000000000000,0.0000000000000000,0.0000000000000000,1.0000000000000000
M 0.9223694801330566,-0.2295077741146088,0.3107422590255737,-0.2960311770439148,-0.1711245328187943,0.4784197807312012,0.8612960577011108,-0.7035320997238159,-0.3463394045829773,-0.8476088047027588,0.4020054042339325,-0.7469954490661621,0.0000000000000000,0.0000000000000000,0.0000000000000000,1.0000000000000000
M 0.9326913356781006,-0.2008027285337448,0.2996082305908203,-0.2686685323715210,-0.1538778841495514,0.5297523140907288,0.8340768218040466,-0.6651007533073425,-0.3262030482292175,-0.8240393400192261,0.4631962776184082,-0.6234662532806396,0.0000000000000000,0.0000000000000000,0.0000000000000000,1.0000000000000000
M 0.9434133768081665,-0.1702533066272736,0.2845787107944489,-0.2408346831798553,-0.1350290030241013,0.5865710377693176,0.7985622882843018,-0.6222019195556641,-0.3028834760189056,-0.7918006777763367,0.5303897857666016,-0.4966869652271271,0.0000000000000000,0.0000000000000000,0.0000000000000000,1.0000000000000000
M 0.9539268612861633,-0.1395953148603439,0.2655874490737915,-0.2135322988033295,-0.1154107674956322,0.6463550329208374,0.7542583346366882,-0.5754070281982422,-0.2769547104835510,-0.7501589059829712,0.6004645824432373,-0.3746006190776825,0.0000000000000000,0.0000000000000000,0.0000000000000000,1.0000000000000000
M 0.9637305736541748,-0.1103620752692223,0.2429888546466827,-0.1874504834413528,-0.0958660393953323,0.7065606117248535,0.7011289596557617,-0.5256123542785645,-0.2490644007921219,-0.6989938020706177,0.6703541278839111,-0.2637950479984283,0.0000000000000000,0.0000000000000000,0.0000000000000000,1.0000000000000000
M 0.9724530577659607,-0.0837348774075508,0.2175396382808685,-0.1632381230592728,-0.0772451609373093,0.7647565007209778,0.6396722793579102,-0.4745613038539886,-0.2199277430772781,-0.6388551592826843,0.7372216582298279,-0.1693232953548431,0.0000000000000000,0.0000000000000000,0.0000000000000000,1.0000000000000000
M 0.9798637032508850,-0.0604159981012344,0.1903077363967896,-0.1417878121137619,-0.0604022778570652,0.8187718391418457,0.5709327459335327,-0.4253622293472290,-0.1903120875358582,-0.5709312558174133,0.7986355423927307,-0.0947411060333252,0.0000000000000000,0.0000000000000000,0.0000000000000000,1.0000000000000000
M 0.9858849048614502,-0.0406913086771965,0.1624044626951218,-0.1236832812428474,-0.0460155159235001,0.8668035864830017,0.4965219497680664,-0.3806726932525635,-0.1609769016504288,-0.4969865977764130,0.8526961803436279,-0.0416740775108337,0.0000000000000000,0.0000000000000000,0.0000000000000000,1.0000000000000000
M 0.9905944466590881,-0.0249110218137503,0.1345440745353699,-0.1070871353149414,-0.0340539775788784,0.9074653983116150,0.4187443852424622,-0.3363375961780548,-0.1325254440307617,-0.4193876087665558,0.8980818390846252,-0.0079061985015869,0.0000000000000000,0.0000000000000000,0.0000000000000000,1.0000000000000000
M 0.9941213726997375,-0.0131957866251469,0.1074642539024353,-0.0904025882482529,-0.0243064686655998,0.9400105476379395,0.3402783572673798,-0.2885967493057251,-0.1055077761411667,-0.3408900499343872,0.9341638088226318,0.0104697942733765,0.0000000000000000,0.0000000000000000,0.0000000000000000,1.0000000000000000
M 0.9966202974319458,-0.0053238118998706,0.0819733589887619,-0.0730453059077263,-0.0165593270212412,0.9643917679786682,0.2639589607715607,-0.2363846749067307,-0.0804596990346909,-0.2644242644309998,0.9610442519187927,0.0177385807037354,0.0000000000000000,0.0000000000000000,0.0000000000000000,1.0000000000000000
