O DOOR_10_TOGGLE_INTERIOR_LCG_IL_CG_ID3_mvp_dr1a_motorhead
A DOOR_10_TOGGLE_INTERIOR_LCG_IL_CG_ID3_mvp_dr1a_motorhead_DOOR_10_TOGGLE_INTERIOR_LCG_IL_CG_ID3_mvp_dr1a_motorhead
M 1.0000000000000000,0.0000000000000000,0.0000000000000000,0.0000000000000000,0.0000000000000000,1.0000000000000000,-0.0000000437113883,0.0000000000000000,-0.0000000000000000,0.0000000437113883,1.0000000000000000,-0.0000000000000000,0.0000000000000000,0.0000000000000000,0.0000000000000000,1.0000000000000000
M 1.0000000000000000,0.0000000000000000,0.0000000000000000,0.0000000000000000,0.0000000000000000,1.0000000000000000,-0.0000000437113883,0.0000000000000000,-0.0000000000000000,0.0000000437113883,1.0000000000000000,-0.0000000000000000,0.0000000000000000,0.0000000000000000,0.0000000000000000,1.0000000000000000
M 1.0000000000000000,0.0000000000000000,0.0000000000000000,0.0000000000000000,0.0000000000000000,1.0000000000000000,-0.0000000437113883,0.0000000000000000,-0.0000000000000000,0.0000000437113883,1.0000000000000000,-0.0000000000000000,0.0000000000000000,0.0000000000000000,0.0000000000000000,1.0000000000000000
M 1.0000000000000000,0.0000000000000000,0.0000000000000000,0.0000000000000000,0.0000000000000000,1.0000000000000000,-0.0000000437113883,0.0000000000000000,-0.0000000000000000,0.0000000437113883,1.0000000000000000,-0.0000000000000000,0.0000000000000000,0.0000000000000000,0.0000000000000000,1.0000000000000000
M 1.0000000000000000,0.0000000000000000,0.0000000000000000,0.0000000000000000,0.0000000000000000,1.0000000000000000,-0.0000000437113883,0.0000000000000000,-0.0000000000000000,0.0000000437113883,1.0000000000000000,-0.0000000000000000,0.0000000000000000,0.0000000000000000,0.0000000000000000,1.0000000000000000
M 1.0000000000000000,0.0000000000000000,0.0000000000000000,0.0000000000000000,0.0000000000000000,1.0000000000000000,-0.0000000437113883,0.0000000000000000,-0.0000000000000000,0.0000000437113883,1.0000000000000000,-0.0000000000000000,0.0000000000000000,0.0000000000000000,0.0000000000000000,1.0000000000000000
M 1.0000000000000000,0.0000000000000000,0.0000000000000000,0.0000000000000000,0.0000000000000000,1.0000000000000000,-0.0000000437113883,0.0000000000000000,-0.0000000000000000,0.0000000437113883,1.0000000000000000,-0.0000000000000000,0.0000000000000000,0.0000000000000000,0.0000000000000000,1.0000000000000000
M 1.0000000000000000,0.0000000000000000,0.0000000000000000,0.0000000000000000,0.0000000000000000,1.0000000000000000,-0.0000000437113883,0.0000000000000000,-0.0000000000000000,0.0000000437113883,1.0000000000000000,-0.0000000000000000,0.0000000000000000,0.0000000000000000,0.0000000000000000,1.0000000000000000
M 1.0000000000000000,0.0000000000000000,0.0000000000000000,0.0000000000000000,0.0000000000000000,1.0000000000000000,-0.0000000437113883,0.0000000000000000,-0.0000000000000000,0.0000000437113883,1.0000000000000000,-0.0000000000000000,0.0000000000000000,0.0000000000000000,0.0000000000000000,1.0000000000000000
M 1.0000000000000000,0.0000000000000000,0.0000000000000000,0.0000000000000000,0.0000000000000000,1.0000000000000000,-0.0000000437113883,0.0000000000000000,-0.0000000000000000,0.0000000437113883,1.0000000000000000,-0.0000000000000000,0.0000000000000000,0.0000000000000000,0.0000000000000000,1.0000000000000000
M 1.0000000000000000,0.0000000000000000,0.0000000000000000,0.0000000000000000,0.0000000000000000,1.0000000000000000,-0.0000000437113883,0.0000000000000000,-0.0000000000000000,0.0000000437113883,1.0000000000000000,-0.0000000000000000,0.0000000000000000,0.0000000000000000,0.0000000000000000,1.0000000000000000
M 0.9999908804893494,-0.0000000001864880,-0.0042663477361202,0.0021131457760930,0.0000000000000000,1.0000000000000000,-0.0000000437113883,0.0000000000000000,0.0042663477361202,0.0000000437109904,0.9999908804893494,0.0093195782974362,0.0000000000000000,0.0000000000000000,0.0000000000000000,1.0000000000000000
M 0.9998609423637390,-0.0000000007289669,-0.0166768189519644,0.0080348988994956,0.0000000000000000,1.0000000000000000,-0.0000000437113883,0.0000000000000000,0.0166768189519644,0.0000000437053096,0.9998609423637390,0.0364812053740025,0.0000000000000000,0.0000000000000000,0.0000000000000000,1.0000000000000000
M 0.9993283748626709,-0.0000000016017474,-0.0366437099874020,0.0168553330004215,0.0000000000000000,1.0000000000000000,-0.0000000437113883,0.0000000000000000,0.0366437099874020,0.0000000436820322,0.9993283748626709,0.0803426131606102,0.0000000000000000,0.0000000000000000,0.0000000000000000,1.0000000000000000
M 0.9979777336120605,-0.0000000027785001,-0.0635646730661392,0.0273670479655266,0.0000000000000000,1.0000000000000000,-0.0000000437113883,0.0000000000000000,0.0635646730661392,0.0000000436229932,0.9979777336120605,0.1397963762283325,0.0000000000000000,0.0000000000000000,0.0000000000000000,1.0000000000000000
M 0.9953027963638306,-0.0000000042317381,-0.0968108773231506,0.0381496027112007,0.0000000000000000,1.0000000000000000,-0.0000000437113883,0.0000000000000000,0.0968108773231506,0.0000000435060663,0.9953027963638306,0.2137226313352585,0.0000000000000000,0.0000000000000000,0.0000000000000000,1.0000000000000000
M 0.9907478690147400,-0.0000000059323160,-0.1357155740261078,0.0476570278406143,0.0000000000000000,1.0000000000000000,-0.0000000437113883,0.0000000000000000,0.1357155740261078,0.0000000433069651,0.9907478690147400,0.3009434640407562,0.0000000000000000,0.0000000000000000,0.0000000000000000,1.0000000000000000
M 0.9837460517883301,-0.0000000078490512,-0.1795653700828552,0.0542942732572556,0.0000000000000000,1.0000000000000000,-0.0000000437113883,0.0000000000000000,0.1795653700828552,0.0000000430009059,0.9837460517883301,0.4001847207546234,0.0000000000000000,0.0000000000000000,0.0000000000000000,1.0000000000000000
M 0.9737557172775269,-0.0000000099485202,-0.2275956124067307,0.0564967095851898,0.0000000000000000,1.0000000000000000,-0.0000000437113883,0.0000000000000000,0.2275956124067307,0.0000000425642135,0.9737557172775269,0.5100476741790771,0.0000000000000000,0.0000000000000000,0.0000000000000000,1.0000000000000000
M 0.9602937102317810,-0.0000000121950885,-0.2789911031723022,0.0528019666671753,0.0000000000000000,1.0000000000000000,-0.0000000437113883,0.0000000000000000,0.2789911031723022,0.0000000419757704,0.9602937102317810,0.6289941072463989,0.0000000000000000,0.0000000000000000,0.0000000000000000,1.0000000000000000
M 0.9429647326469421,-0.0000000145512029,-0.3328927159309387,0.0419171601533890,0.0000000000000000,1.0000000000000000,-0.0000000437113883,0.0000000000000000,0.3328927159309387,0.0000000412182963,0.9429647326469421,0.7553458213806152,0.0000000000000000,0.0000000000000000,0.0000000000000000,1.0000000000000000
M 0.9214869737625122,-0.0000000169779071,-0.3884092569351196,0.0227815806865692,0.0000000000000000,1.0000000000000000,-0.0000000437113883,0.0000000000000000,0.3884092569351196,0.0000000402794740,0.9214869737625122,0.8872978687286377,0.0000000000000000,0.0000000000000000,0.0000000000000000,1.0000000000000000
M 0.8957117795944214,-0.0000000194356211,-0.4446351826190948,-0.0053823888301849,0.0000000000000000,1.0000000000000000,-0.0000000437113883,0.0000000000000000,0.4446351826190948,0.0000000391528054,0.8957117795944214,1.0229474306106567,0.0000000000000000,0.0000000000000000,0.0000000000000000,1.0000000000000000
M 0.8656373023986816,-0.0000000218850520,-0.5006716251373291,-0.0430278778076172,0.0000000000000000,1.0000000000000000,-0.0000000437113883,0.0000000000000000,0.5006716251373291,0.0000000378382090,0.8656373023986816,1.1603330373764038,0.0000000000000000,0.0000000000000000,0.0000000000000000,1.0000000000000000
M 0.8314157724380493,-0.0000000242882692,-0.5556508302688599,-0.0902565121650696,0.0000000000000000,1.0000000000000000,-0.0000000437113883,0.0000000000000000,0.5556508302688599,0.0000000363423389,0.8314157724380493,1.2974836826324463,0.0000000000000000,0.0000000000000000,0.0000000000000000,1.0000000000000000
M 0.7933533191680908,-0.0000000266098077,-0.6087614297866821,-0.1468057334423065,0.0000000000000000,1.0000000000000000,-0.0000000437113883,0.0000000000000000,0.6087614297866821,0.0000000346785747,0.7933533191680908,1.4324750900268555,0.0000000000000000,0.0000000000000000,0.0000000000000000,1.0000000000000000
M 0.7519037127494812,-0.0000000288177340,-0.6592729091644287,-0.2120498716831207,0.0000000000000000,1.0000000000000000,-0.0000000437113883,0.0000000000000000,0.6592729091644287,0.0000000328667547,0.7519037127494812,1.5634851455688477,0.0000000000000000,0.0000000000000000,0.0000000000000000,1.0000000000000000
M 0.7076550722122192,-0.0000000308846317,-0.7065580487251282,-0.2850184738636017,0.0000000000000000,1.0000000000000000,-0.0000000437113883,0.0000000000000000,0.7065580487251282,0.0000000309325863,0.7076550722122192,1.6888505220413208,0.0000000000000000,0.0000000000000000,0.0000000000000000,1.0000000000000000
M 0.6613119244575500,-0.0000000327883960,-0.7501110434532166,-0.3644262254238129,0.0000000000000000,1.0000000000000000,-0.0000000437113883,0.0000000000000000,0.7501110434532166,0.0000000289068627,0.6613119244575500,1.8071143627166748,0.0000000000000000,0.0000000000000000,0.0000000000000000,1.0000000000000000
M 0.6136729717254639,-0.0000000345127766,-0.7895603179931641,-0.4487151503562927,0.0000000000000000,1.0000000000000000,-0.0000000437113883,0.0000000000000000,0.7895603179931641,0.0000000268244982,0.6136729717254639,1.9170662164688110,0.0000000000000000,0.0000000000000000,0.0000000000000000,1.0000000000000000
M 0.5656068325042725,-0.0000000360476911,-0.8246750235557556,-0.5361039638519287,0.0000000000000000,1.0000000000000000,-0.0000000437113883,0.0000000000000000,0.8246750235557556,0.0000000247234606,0.5656068325042725,2.0177676677703857,0.0000000000000000,0.0000000000000000,0.0000000000000000,1.0000000000000000
M 0.5180271267890930,-0.0000000373891567,-0.8553642034530640,-0.6246434450149536,0.0000000000000000,1.0000000000000000,-0.0000000437113883,0.0000000000000000,0.8553642034530640,0.0000000226436843,0.5180271267890930,2.1085634231567383,0.0000000000000000,0.0000000000000000,0.0000000000000000,1.0000000000000000
M 0.4718670547008514,-0.0000000385390067,-0.8816697001457214,-0.7122752666473389,0.0000000000000000,1.0000000000000000,-0.0000000437113883,0.0000000000000000,0.8816697001457214,0.0000000206259632,0.4718670547008514,2.1890780925750732,0.0000000000000000,0.0000000000000000,0.0000000000000000,1.0000000000000000
M 0.4280590415000916,-0.0000000395042008,-0.9037507772445679,-0.7968839406967163,0.0000000000000000,1.0000000000000000,-0.0000000437113883,0.0000000000000000,0.9037507772445679,0.0000000187110558,0.4280590415000916,2.2591931819915771,0.0000000000000000,0.0000000000000000,0.0000000000000000,1.0000000000000000
M 0.3875155150890350,-0.0000000402959195,-0.9218631982803345,-0.8763492107391357,0.0000000000000000,1.0000000000000000,-0.0000000437113883,0.0000000000000000,0.9218631982803345,0.0000000169388414,0.3875155150890350,2.3190109729766846,0.0000000000000000,0.0000000000000000,0.0000000000000000,1.0000000000000000
M 0.3511154055595398,-0.0000000409283771,-0.9363321661949158,-0.9485896825790405,0.0000000000000000,1.0000000000000000,-0.0000000437113883,0.0000000000000000,0.9363321661949158,0.0000000153477426,0.3511154055595398,2.3688023090362549,0.0000000000000000,0.0000000000000000,0.0000000000000000,1.0000000000000000
M 0.3196945488452911,-0.0000000414174437,-0.9475206732749939,-1.0115988254547119,0.0000000000000000,1.0000000000000000,-0.0000000437113883,0.0000000000000000,0.9475206732749939,0.0000000139742928,0.3196945488452911,2.4089412689208984,0.0000000000000000,0.0000000000000000,0.0000000000000000,1.0000000000000000
M 0.2940404117107391,-0.0000000417790389,-0.9557929635047913,-1.0634751319885254,0.0000000000000000,1.0000000000000000,-0.0000000437113883,0.0000000000000000,0.9557929635047913,0.0000000128529143,0.2940404117107391,2.4398298263549805,0.0000000000000000,0.0000000000000000,0.0000000000000000,1.0000000000000000
M 0.2748916745185852,-0.0000000420274162,-0.9614751935005188,-1.1024428606033325,0.0000000000000000,1.0000000000000000,-0.0000000437113883,0.0000000000000000,0.9614751935005188,0.0000000120158967,0.2748916745185852,2.4618108272552490,0.0000000000000000,0.0000000000000000,0.0000000000000000,1.0000000000000000
M 0.2629376053810120,-0.0000000421733084,-0.9648128151893616,-1.1268742084503174,0.0000000000000000,1.0000000000000000,-0.0000000437113883,0.0000000000000000,0.9648128151893616,0.0000000114933680,0.2629376053810120,2.4750750064849854,0.0000000000000000,0.0000000000000000,0.0000000000000000,1.0000000000000000
M 0.2588190734386444,-0.0000000422219593,-0.9659258127212524,-1.1353099346160889,0.0000000000000000,1.0000000000000000,-0.0000000437113883,0.0000000000000000,0.9659258127212524,0.0000000113133414,0.2588190734386444,2.4795641899108887,0.0000000000000000,0.0000000000000000,0.0000000000000000,1.0000000000000000
M 0.2588190734386444,-0.0000000422219593,-0.9659258127212524,-1.1353099346160889,0.0000000000000000,1.0000000000000000,-0.0000000437113883,0.0000000000000000,0.9659258127212524,0.0000000113133414,0.2588190734386444,2.4795641899108887,0.0000000000000000,0.0000000000000000,0.0000000000000000,1.0000000000000000
O door_10_part_1_INTERIOR_LCG_IL
A door_10_part_1_INTERIOR_LCG_IL_door_10_part_1_INTERIOR_LCG_IL
M 1.0000000000000000,0.0000000000000000,0.0000000000000000,0.0000000000000000,0.0000000000000000,1.0000000000000000,-0.0000000437113883,0.0000000000000000,-0.0000000000000000,0.0000000437113883,1.0000000000000000,-0.0000000000000000,0.0000000000000000,0.0000000000000000,0.0000000000000000,1.0000000000000000
M 1.0000000000000000,0.0000000000000000,0.0000000000000000,0.0000000000000000,0.0000000000000000,0.9998578429222107,0.0168601367622614,-0.0191386211663485,-0.0000000000000000,-0.0168601367622614,0.9998578429222107,0.0423682220280170,0.0000000000000000,0.0000000000000000,0.0000000000000000,1.0000000000000000
M 1.0000000000000000,0.0000000000000000,0.0000000000000000,0.0000000000000000,0.0000000000000000,0.9980269074440002,0.0627872571349144,-0.0676587298512459,-0.0000000000000000,-0.0627872571349144,0.9980269074440002,0.1594484746456146,0.0000000000000000,0.0000000000000000,0.0000000000000000,1.0000000000000000
M 1.0000000000000000,0.0000000000000000,0.0000000000000000,0.0000000000000000,0.0000000000000000,0.9914279580116272,0.1306542605161667,-0.1296118348836899,-0.0000000000000000,-0.1306542605161667,0.9914279580116272,0.3369608521461487,0.0000000000000000,0.0000000000000000,0.0000000000000000,1.0000000000000000
M 1.0000000000000000,0.0000000000000000,0.0000000000000000,0.0000000000000000,0.0000000000000000,0.9771088957786560,0.2127397060394287,-0.1886799782514572,-0.0000000000000000,-0.2127397060394287,0.9771088957786560,0.5589907765388489,0.0000000000000000,0.0000000000000000,0.0000000000000000,1.0000000000000000
M 1.0000000000000000,0.0000000000000000,0.0000000000000000,0.0000000000000000,0.0000000000000000,0.9537169933319092,0.3007057011127472,-0.2318369448184967,-0.0000000000000000,-0.3007057011127472,0.9537169933319092,0.8062311410903931,0.0000000000000000,0.0000000000000000,0.0000000000000000,1.0000000000000000
M 1.0000000000000000,0.0000000000000000,0.0000000000000000,0.0000000000000000,0.0000000000000000,0.9224233031272888,0.3861803710460663,-0.2523336410522461,-0.0000000000000000,-0.3861803710460663,0.9224233031272888,1.0563718080520630,0.0000000000000000,0.0000000000000000,0.0000000000000000,1.0000000000000000
M 1.0000000000000000,0.0000000000000000,0.0000000000000000,0.0000000000000000,0.0000000000000000,0.8870705366134644,0.4616339206695557,-0.2510829567909241,-0.0000000000000000,-0.4616339206695557,0.8870705366134644,1.2861212491989136,0.0000000000000000,0.0000000000000000,0.0000000000000000,1.0000000000000000
M 1.0000000000000000,0.0000000000000000,0.0000000000000000,0.0000000000000000,0.0000000000000000,0.8535491824150085,0.5210121870040894,-0.2358295917510986,-0.0000000000000000,-0.5210121870040894,0.8535491824150085,1.4735140800476074,0.0000000000000000,0.0000000000000000,0.0000000000000000,1.0000000000000000
M 1.0000000000000000,0.0000000000000000,0.0000000000000000,0.0000000000000000,0.0000000000000000,0.8287062048912048,0.5596837997436523,-0.2183576822280884,-0.0000000000000000,-0.5596837997436523,0.8287062048912048,1.5990400314331055,0.0000000000000000,0.0000000000000000,0.0000000000000000,1.0000000000000000
M 1.0000000000000000,0.0000000000000000,0.0000000000000000,0.0000000000000000,0.0000000000000000,0.8191520571708679,0.5735763907432556,-0.2105051875114441,-0.0000000000000000,-0.5735763907432556,0.8191520571708679,1.6448626518249512,0.0000000000000000,0.0000000000000000,0.0000000000000000,1.0000000000000000
M 0.9999908804893494,0.0023878058418632,-0.0035355489235371,-0.0047088740393519,0.0000000000000000,0.8287062048912048,0.5596837997436523,-0.2183576822280884,0.0042663477361202,-0.5596786737442017,0.8286986351013184,1.6083451509475708,0.0000000000000000,0.0000000000000000,0.0000000000000000,1.0000000000000000
M 0.9998609423637390,0.0086888261139393,-0.0142344851046801,-0.0165385920554399,0.0000000000000000,0.8535491824150085,0.5210121870040894,-0.2358295917510986,0.0166768189519644,-0.5209397077560425,0.8534305095672607,1.5097903013229370,0.0000000000000000,0.0000000000000000,0.0000000000000000,1.0000000000000000
M 0.9993283748626709,0.0169159770011902,-0.0325055569410324,-0.0302730835974216,0.0000000000000000,0.8870705366134644,0.4616338908672333,-0.2510829567909241,0.0366437099874020,-0.4613238573074341,0.8864747285842896,1.3656001091003418,0.0000000000000000,0.0000000000000000,0.0000000000000000,1.0000000000000000
M 0.9979777336120605,0.0245474260300398,-0.0586335361003876,-0.0397807396948338,0.0000000000000000,0.9224233031272888,0.3861803114414215,-0.2523335814476013,0.0635646730661392,-0.3853993415832520,0.9205579161643982,1.1940317153930664,0.0000000000000000,0.0000000000000000,0.0000000000000000,1.0000000000000000
M 0.9953027963638306,0.0291115827858448,-0.0923301801085472,-0.0399023070931435,0.0000000000000000,0.9537169933319092,0.3007057011127472,-0.2318369448184967,0.0968108773231506,-0.2992932200431824,0.9492371678352356,1.0161666870117188,0.0000000000000000,0.0000000000000000,0.0000000000000000,1.0000000000000000
M 0.9907478690147400,0.0288720913231373,-0.1326088905334473,-0.0282067805528641,0.0000000000000000,0.9771088957786560,0.2127397060394287,-0.1886799782514572,0.1357155740261078,-0.2107714116573334,0.9680685400962830,0.8547624945640564,0.0000000000000000,0.0000000000000000,0.0000000000000000,1.0000000000000000
M 0.9837460517883301,0.0234609730541706,-0.1780261397361755,-0.0062122084200382,0.0000000000000000,0.9914280176162720,0.1306542158126831,-0.1296117752790451,0.1795653700828552,-0.1285305619239807,0.9753134250640869,0.7316684722900391,0.0000000000000000,0.0000000000000000,0.0000000000000000,1.0000000000000000
M 0.9737557172775269,0.0142901008948684,-0.2271465510129929,0.0202069096267223,0.0000000000000000,0.9980269074440002,0.0627872422337532,-0.0676587149500847,0.2275956124067307,-0.0611394383013248,0.9718344211578369,0.6653114557266235,0.0000000000000000,0.0000000000000000,0.0000000000000000,1.0000000000000000
M 0.9602937102317810,0.0047038053162396,-0.2789514362812042,0.0409817844629288,0.0000000000000000,0.9998578429222107,0.0168600548058748,-0.0191385261714458,0.2789911031723022,-0.0161906033754349,0.9601572155952454,0.6696798205375671,0.0000000000000000,0.0000000000000000,0.0000000000000000,1.0000000000000000
M 0.9429647326469421,-0.0000000450532838,-0.3328926563262939,0.0419170111417770,0.0000000323470033,1.0000000000000000,-0.0000000437113883,0.0000000706255250,0.3328926563262939,0.0000000304502166,0.9429647326469421,0.7553457021713257,0.0000000000000000,0.0000000000000000,0.0000000000000000,1.0000000000000000
M 0.9214869737625122,-0.0000000467852459,-0.3884091973304749,0.0227816551923752,0.0000000323470033,1.0000000000000000,-0.0000000437113883,0.0000000706255250,0.3884091973304749,0.0000000277156005,0.9214869737625122,0.8872978687286377,0.0000000000000000,0.0000000000000000,0.0000000000000000,1.0000000000000000
M 0.8957117795944214,-0.0000000484092126,-0.4446351230144501,-0.0053821671754122,0.0000000323470033,1.0000000000000000,-0.0000000437113883,0.0000000706255250,0.4446351230144501,0.0000000247701912,0.8957117795944214,1.0229474306106567,0.0000000000000000,0.0000000000000000,0.0000000000000000,1.0000000000000000
M 0.8656373023986816,-0.0000000498858199,-0.5006715655326843,-0.0430278070271015,0.0000000323470033,1.0000000000000000,-0.0000000437113883,0.0000000706255250,0.5006715655326843,0.0000000216429825,0.8656373023986816,1.1603329181671143,0.0000000000000000,0.0000000000000000,0.0000000000000000,1.0000000000000000
M 0.8314158320426941,-0.0000000511820772,-0.5556507706642151,-0.0902564451098442,0.0000000323470033,1.0000000000000000,-0.0000000437113883,0.0000000706255250,0.5556507706642151,0.0000000183687003,0.8314158320426941,1.2974835634231567,0.0000000000000000,0.0000000000000000,0.0000000000000000,1.0000000000000000
M 0.7933533787727356,-0.0000000522724051,-0.6087613701820374,-0.1468054056167603,0.0000000323470033,1.0000000000000000,-0.0000000437113883,0.0000000706255250,0.6087613701820374,0.0000000149869699,0.7933533787727356,1.4324749708175659,0.0000000000000000,0.0000000000000000,0.0000000000000000,1.0000000000000000
M 0.7519037723541260,-0.0000000531395656,-0.6592728495597839,-0.2120497822761536,0.0000000323470033,1.0000000000000000,-0.0000000437113883,0.0000000706255250,0.6592728495597839,0.0000000115412551,0.7519037723541260,1.5634850263595581,0.0000000000000000,0.0000000000000000,0.0000000000000000,1.0000000000000000
M 0.7076551318168640,-0.0000000537751532,-0.7065579891204834,-0.2850183844566345,0.0000000323470033,1.0000000000000000,-0.0000000437113883,0.0000000706255250,0.7065579891204834,0.0000000080775546,0.7076551318168640,1.6888504028320312,0.0000000000000000,0.0000000000000000,0.0000000000000000,1.0000000000000000
M 0.6613119840621948,-0.0000000541798499,-0.7501109838485718,-0.3644260168075562,0.0000000323470033,1.0000000000000000,-0.0000000437113883,0.0000000706255250,0.7501109838485718,0.0000000046430202,0.6613119840621948,1.8071142435073853,0.0000000000000000,0.0000000000000000,0.0000000000000000,1.0000000000000000
M 0.6136730313301086,-0.0000000543632588,-0.7895602583885193,-0.4487150311470032,0.0000000323470033,1.0000000000000000,-0.0000000437113883,0.0000000706255250,0.7895602583885193,0.0000000012845902,0.6136730313301086,1.9170660972595215,0.0000000000000000,0.0000000000000000,0.0000000000000000,1.0000000000000000
M 0.5656068921089172,-0.0000000543433742,-0.8246749639511108,-0.5361039042472839,0.0000000323470033,1.0000000000000000,-0.0000000437113883,0.0000000706255250,0.8246749639511108,-0.0000000019523032,0.5656068921089172,2.0177674293518066,0.0000000000000000,0.0000000000000000,0.0000000000000000,1.0000000000000000
M 0.5180271863937378,-0.0000000541457794,-0.8553642034530640,-0.6246431469917297,0.0000000323470033,1.0000000000000000,-0.0000000437113883,0.0000000706255250,0.8553642034530640,-0.0000000050247806,0.5180271863937378,2.1085634231567383,0.0000000000000000,0.0000000000000000,0.0000000000000000,1.0000000000000000
M 0.4718671143054962,-0.0000000538024914,-0.8816697001457214,-0.7122750878334045,0.0000000323470033,1.0000000000000000,-0.0000000437113883,0.0000000706255250,0.8816697001457214,-0.0000000078934068,0.4718671143054962,2.1890778541564941,0.0000000000000000,0.0000000000000000,0.0000000000000000,1.0000000000000000
M 0.4280591011047363,-0.0000000533506288,-0.9037507772445679,-0.7968837618827820,0.0000000323470033,1.0000000000000000,-0.0000000437113883,0.0000000706255250,0.9037507772445679,-0.0000000105225713,0.4280591011047363,2.2591931819915771,0.0000000000000000,0.0000000000000000,0.0000000000000000,1.0000000000000000
M 0.3875155746936798,-0.0000000528308846,-0.9218631982803345,-0.8763490915298462,0.0000000323470033,1.0000000000000000,-0.0000000437113883,0.0000000706255250,0.9218631982803345,-0.0000000128806672,0.3875155746936798,2.3190112113952637,0.0000000000000000,0.0000000000000000,0.0000000000000000,1.0000000000000000
M 0.3511154651641846,-0.0000000522859089,-0.9363321661949158,-0.9485896825790405,0.0000000323470033,1.0000000000000000,-0.0000000437113883,0.0000000706255250,0.9363321661949158,-0.0000000149397970,0.3511154651641846,2.3688023090362549,0.0000000000000000,0.0000000000000000,0.0000000000000000,1.0000000000000000
M 0.3196946084499359,-0.0000000517586045,-0.9475206732749939,-1.0115987062454224,0.0000000323470033,1.0000000000000000,-0.0000000437113883,0.0000000706255250,0.9475206732749939,-0.0000000166751573,0.3196946084499359,2.4089412689208984,0.0000000000000000,0.0000000000000000,0.0000000000000000,1.0000000000000000
M 0.2940404713153839,-0.0000000512903640,-0.9557929635047913,-1.0634750127792358,0.0000000323470033,1.0000000000000000,-0.0000000437113883,0.0000000706255250,0.9557929635047913,-0.0000000180641226,0.2940404713153839,2.4398298263549805,0.0000000000000000,0.0000000000000000,0.0000000000000000,1.0000000000000000
M 0.2748917341232300,-0.0000000509193399,-0.9614751935005188,-1.1024427413940430,0.0000000323470033,1.0000000000000000,-0.0000000437113883,0.0000000706255250,0.9614751935005188,-0.0000000190849434,0.2748917341232300,2.4618105888366699,0.0000000000000000,0.0000000000000000,0.0000000000000000,1.0000000000000000
M 0.2629376649856567,-0.0000000506785511,-0.9648128151893616,-1.1268739700317383,0.0000000323470033,1.0000000000000000,-0.0000000437113883,0.0000000706255250,0.9648128151893616,-0.0000000197154328,0.2629376649856567,2.4750750064849854,0.0000000000000000,0.0000000000000000,0.0000000000000000,1.0000000000000000
M 0.2588191330432892,-0.0000000505939823,-0.9659258127212524,-1.1353098154067993,0.0000000323470033,1.0000000000000000,-0.0000000437113883,0.0000000706255250,0.9659258127212524,-0.0000000199314627,0.2588191330432892,2.4795641899108887,0.0000000000000000,0.0000000000000000,0.0000000000000000,1.0000000000000000
M 0.2588191330432892,-0.0000000505939823,-0.9659258127212524,-1.1353098154067993,0.0000000323470033,1.0000000000000000,-0.0000000437113883,0.0000000706255250,0.9659258127212524,-0.0000000199314627,0.2588191330432892,2.4795641899108887,0.0000000000000000,0.0000000000000000,0.0000000000000000,1.0000000000000000
