O DOOR_7_CONNECTING_mvp_dr1a_trailed
A DOOR_7_CONNECTING_mvp_dr1a_trailed_DOOR_7_CONNECTING_mvp_dr1a_trailed
M 1.0000000000000000,0.0000000000000000,0.0000000000000000,0.0000000000000000,0.0000000000000000,1.0000000000000000,-0.0000000437113883,0.0000000000000000,-0.0000000000000000,0.0000000437113883,1.0000000000000000,-0.0000000000000000,0.0000000000000000,0.0000000000000000,0.0000000000000000,1.0000000000000000
M 1.0000000000000000,0.0000000000000000,0.0000000000000000,0.0000000000000000,0.0000000000000000,1.0000000000000000,-0.0000000437113883,0.0000000000000000,-0.0000000000000000,0.0000000437113883,1.0000000000000000,-0.0000000000000000,0.0000000000000000,0.0000000000000000,0.0000000000000000,1.0000000000000000
M 1.0000000000000000,0.0000000000000000,0.0000000000000000,0.0000000000000000,0.0000000000000000,1.0000000000000000,-0.0000000437113883,0.0000000000000000,-0.0000000000000000,0.0000000437113883,1.0000000000000000,-0.0000000000000000,0.0000000000000000,0.0000000000000000,0.0000000000000000,1.0000000000000000
M 1.0000000000000000,0.0000000000000000,0.0000000000000000,0.0000000000000000,0.0000000000000000,1.0000000000000000,-0.0000000437113883,0.0000000000000000,-0.0000000000000000,0.0000000437113883,1.0000000000000000,-0.0000000000000000,0.0000000000000000,0.0000000000000000,0.0000000000000000,1.0000000000000000
M 1.0000000000000000,0.0000000000000000,0.0000000000000000,0.0000000000000000,0.0000000000000000,1.0000000000000000,-0.0000000437113883,0.0000000000000000,-0.0000000000000000,0.0000000437113883,1.0000000000000000,-0.0000000000000000,0.0000000000000000,0.0000000000000000,0.0000000000000000,1.0000000000000000
M 1.0000000000000000,0.0000000000000000,0.0000000000000000,0.0000000000000000,0.0000000000000000,1.0000000000000000,-0.0000000437113883,0.0000000000000000,-0.0000000000000000,0.0000000437113883,1.0000000000000000,-0.0000000000000000,0.0000000000000000,0.0000000000000000,0.0000000000000000,1.0000000000000000
M 0.9999031424522400,0.0000000006083993,0.0139185525476933,0.0040454808622599,0.0000000000000000,1.0000000000000000,-0.0000000437113883,0.0000000000000000,-0.0139185525476933,0.0000000437071535,0.9999031424522400,-0.1687934994697571,0.0000000000000000,0.0000000000000000,0.0000000000000000,1.0000000000000000
M 0.9985554814338684,0.0000000023486242,0.0537302605807781,0.0026346053928137,0.0000000000000000,1.0000000000000000,-0.0000000437113883,0.0000000000000000,-0.0537302605807781,0.0000000436482459,0.9985554814338684,-0.6520007252693176,0.0000000000000000,0.0000000000000000,0.0000000000000000,1.0000000000000000
M 0.9932062625885010,0.0000000050865800,0.1163673922419548,-0.0387339666485786,0.0000000000000000,1.0000000000000000,-0.0000000437113883,0.0000000000000000,-0.1163673922419548,0.0000000434144241,0.9932062625885010,-1.4134581089019775,0.0000000000000000,0.0000000000000000,0.0000000000000000,1.0000000000000000
M 0.9801329374313354,0.0000000086697893,0.1983416676521301,-0.1665028929710388,0.0000000000000000,1.0000000000000000,-0.0000000437113883,0.0000000000000000,-0.1983416676521301,0.0000000428429701,0.9801329374313354,-2.4122674465179443,0.0000000000000000,0.0000000000000000,0.0000000000000000,1.0000000000000000
M 0.9553428292274475,0.0000000129166988,0.2954996228218079,-0.4306391477584839,0.0000000000000000,1.0000000000000000,-0.0000000437113883,0.0000000000000000,-0.2954996228218079,0.0000000417593604,0.9553428292274475,-3.5995671749114990,0.0000000000000000,0.0000000000000000,0.0000000000000000,1.0000000000000000
M 0.9152411818504333,0.0000000176115993,0.4029064476490021,-0.8765791654586792,0.0000000000000000,1.0000000000000000,-0.0000000437113883,0.0000000000000000,-0.4029064476490021,0.0000000400064621,0.9152411818504333,-4.9168725013732910,0.0000000000000000,0.0000000000000000,0.0000000000000000,1.0000000000000000
M 0.8572347164154053,0.0000000225081234,0.5149258375167847,-1.5378780364990234,0.0000000000000000,1.0000000000000000,-0.0000000437113883,0.0000000000000000,-0.5149258375167847,0.0000000374709188,0.8572347164154053,-6.2968173027038574,0.0000000000000000,0.0000000000000000,0.0000000000000000,1.0000000000000000
M 0.7802121043205261,0.0000000273421303,0.6255150437355042,-2.4302766323089600,0.0000000000000000,1.0000000000000000,-0.0000000437113883,0.0000000000000000,-0.6255150437355042,0.0000000341041542,0.7802121043205261,-7.6665530204772949,0.0000000000000000,0.0000000000000000,0.0000000000000000,1.0000000000000000
M 0.6848333477973938,0.0000000318524762,0.7286996841430664,-3.5480134487152100,0.0000000000000000,1.0000000000000000,-0.0000000437113883,0.0000000000000000,-0.7286996841430664,0.0000000299350162,0.6848333477973938,-8.9533939361572266,0.0000000000000000,0.0000000000000000,0.0000000000000000,1.0000000000000000
M 0.5735764503479004,0.0000000358062735,0.8191520571708679,-4.8630418777465820,0.0000000000000000,1.0000000000000000,-0.0000000437113883,0.0000000000000000,-0.8191520571708679,0.0000000250718237,0.5735764503479004,-10.0918159484863281,0.0000000000000000,0.0000000000000000,0.0000000000000000,1.0000000000000000
M 0.4505270123481750,0.0000000390238988,0.8927627801895142,-6.3273653984069824,0.0000000000000000,1.0000000000000000,-0.0000000437113883,0.0000000000000000,-0.8927627801895142,0.0000000196931609,0.4505270123481750,-11.0304613113403320,0.0000000000000000,0.0000000000000000,0.0000000000000000,1.0000000000000000
M 0.3209435343742371,0.0000000413989838,0.9470983147621155,-7.8781404495239258,0.0000000000000000,1.0000000000000000,-0.0000000437113883,0.0000000000000000,-0.9470983147621155,0.0000000140288874,0.3209435343742371,-11.7378540039062500,0.0000000000000000,0.0000000000000000,0.0000000000000000,1.0000000000000000
M 0.1906806826591492,0.0000000429093774,0.9816521406173706,-9.4445705413818359,0.0000000000000000,1.0000000000000000,-0.0000000437113883,0.0000000000000000,-0.9816521406173706,0.0000000083349176,0.1906806826591492,-12.2056541442871094,0.0000000000000000,0.0000000000000000,0.0000000000000000,1.0000000000000000
M 0.0655773356556892,0.0000000436172982,0.9978474974632263,-10.9553279876708984,0.0000000000000000,1.0000000000000000,-0.0000000437113883,0.0000000000000000,-0.9978474974632263,0.0000000028664764,0.0655773356556892,-12.4489307403564453,0.0000000000000000,0.0000000000000000,0.0000000000000000,1.0000000000000000
M -0.0490677393972874,0.0000000436587371,0.9987954497337341,-12.3450002670288086,0.0000000000000000,1.0000000000000000,-0.0000000437113883,0.0000000000000000,-0.9987954497337341,-0.0000000021448190,-0.0490677393972874,-12.5034160614013672,0.0000000000000000,0.0000000000000000,0.0000000000000000,1.0000000000000000
M -0.1488452404737473,0.0000000432244640,0.9888604879379272,-13.5584897994995117,0.0000000000000000,1.0000000000000000,-0.0000000437113883,0.0000000000000000,-0.9888604879379272,-0.0000000065062320,-0.1488452404737473,-12.4203748703002930,0.0000000000000000,0.0000000000000000,0.0000000000000000,1.0000000000000000
M -0.2303471714258194,0.0000000425359232,0.9731085300445557,-14.5525770187377930,0.0000000000000000,1.0000000000000000,-0.0000000437113883,0.0000000000000000,-0.9731085300445557,-0.0000000100687947,-0.2303471714258194,-12.2599515914916992,0.0000000000000000,0.0000000000000000,0.0000000000000000,1.0000000000000000
M -0.2910361588001251,0.0000000418192130,0.9567120671272278,-15.2945566177368164,0.0000000000000000,1.0000000000000000,-0.0000000437113883,0.0000000000000000,-0.9567120671272278,-0.0000000127215944,-0.2910361588001251,-12.0839090347290039,0.0000000000000000,0.0000000000000000,0.0000000000000000,1.0000000000000000
M -0.3289080560207367,0.0000000412793710,0.9443619251251221,-15.7583703994750977,0.0000000000000000,1.0000000000000000,-0.0000000437113883,0.0000000000000000,-0.9443619251251221,-0.0000000143770276,-0.3289080560207367,-11.9483709335327148,0.0000000000000000,0.0000000000000000,0.0000000000000000,1.0000000000000000
M -0.3420201241970062,0.0000000410752676,0.9396926164627075,-15.9191007614135742,0.0000000000000000,1.0000000000000000,-0.0000000437113883,0.0000000000000000,-0.9396926164627075,-0.0000000149501744,-0.3420201241970062,-11.8966732025146484,0.0000000000000000,0.0000000000000000,0.0000000000000000,1.0000000000000000
O DOOR_7_TOGGLE_CG_CDF
A DOOR_7_TOGGLE_CG_CDF_DOOR_7_TOGGLE_CG_CDF
M 1.0000000000000000,0.0000000000000000,0.0000000000000000,0.0000000000000000,0.0000000000000000,1.0000000000000000,-0.0000000437113883,0.0000000000000000,-0.0000000000000000,0.0000000437113883,1.0000000000000000,-0.0000000000000000,0.0000000000000000,0.0000000000000000,0.0000000000000000,1.0000000000000000
M 1.0000000000000000,0.0000000000000000,0.0000000000000000,0.0000000000000000,0.0000000000000000,0.9980269074440002,0.0627872571349144,-0.0127198565751314,-0.0000000000000000,-0.0627872571349144,0.9980269074440002,0.1577219665050507,0.0000000000000000,0.0000000000000000,0.0000000000000000,1.0000000000000000
M 1.0000000000000000,0.0000000000000000,0.0000000000000000,0.0000000000000000,0.0000000000000000,0.9771088957786560,0.2127397060394287,-0.0025327503681183,-0.0000000000000000,-0.2127397060394287,0.9771088957786560,0.5389611124992371,0.0000000000000000,0.0000000000000000,0.0000000000000000,1.0000000000000000
M 1.0000000000000000,0.0000000000000000,0.0000000000000000,0.0000000000000000,0.0000000000000000,0.9224233031272888,0.3861803710460663,0.0855741202831268,-0.0000000000000000,-0.3861803710460663,0.9224233031272888,0.9884921908378601,0.0000000000000000,0.0000000000000000,0.0000000000000000,1.0000000000000000
M 1.0000000000000000,0.0000000000000000,0.0000000000000000,0.0000000000000000,0.0000000000000000,0.8535491824150085,0.5210121870040894,0.2200559824705124,-0.0000000000000000,-0.5210121870040894,0.8535491824150085,1.3453695774078369,0.0000000000000000,0.0000000000000000,0.0000000000000000,1.0000000000000000
M 1.0000000000000000,0.0000000000000000,0.0000000000000000,0.0000000000000000,0.0000000000000000,0.8191520571708679,0.5735763907432556,0.2913740575313568,-0.0000000000000000,-0.5735763907432556,0.8191520571708679,1.4866206645965576,0.0000000000000000,0.0000000000000000,0.0000000000000000,1.0000000000000000
M 0.9999031424522400,-0.0077899885363877,0.0115343909710646,0.0242159068584442,0.0000000000000000,0.8287062048912048,0.5596837997436523,0.2713655829429626,-0.0139185525476933,-0.5596296191215515,0.8286259174346924,1.2802243232727051,0.0000000000000000,0.0000000000000000,0.0000000000000000,1.0000000000000000
M 0.9985554814338684,-0.0279941223561764,0.0458614192903042,0.0749223455786705,0.0000000000000000,0.8535491824150085,0.5210121870040894,0.2200559824705124,-0.0537302605807781,-0.5202595591545105,0.8523162007331848,0.6914253830909729,0.0000000000000000,0.0000000000000000,0.0000000000000000,1.0000000000000000
M 0.9932062625885010,-0.0537191294133663,0.1032260879874229,0.0994293242692947,0.0000000000000000,0.8870705366134644,0.4616338610649109,0.1528466343879700,-0.1163673922419548,-0.4584976434707642,0.8810440301895142,-0.2342166304588318,0.0000000000000000,0.0000000000000000,0.0000000000000000,1.0000000000000000
M 0.9801329374313354,-0.0765956416726112,0.1829549819231033,0.0295558571815491,0.0000000000000000,0.9224233031272888,0.3861802816390991,0.0855741426348686,-0.1983416676521301,-0.3785080015659332,0.9040974378585815,-1.4434139728546143,0.0000000000000000,0.0000000000000000,0.0000000000000000,1.0000000000000000
M 0.9553428292274475,-0.0888584032654762,0.2818230092525482,-0.2043657302856445,0.0000000000000000,0.9537169933319092,0.3007056713104248,0.0312805101275444,-0.2954996228218079,-0.2872770130634308,0.9111266732215881,-2.8680291175842285,0.0000000000000000,0.0000000000000000,0.0000000000000000,1.0000000000000000
M 0.9152411818504333,-0.0857141539454460,0.3936834633350372,-0.6594284772872925,0.0000000000000000,0.9771088957786560,0.2127395868301392,-0.0025327168405056,-0.4029064476490021,-0.1947080343961716,0.8942903280258179,-4.4235939979553223,0.0000000000000000,0.0000000000000000,0.0000000000000000,1.0000000000000000
M 0.8572347164154053,-0.0672772154211998,0.5105118751525879,-1.3682303428649902,0.0000000000000000,0.9914280176162720,0.1306541860103607,-0.0152893215417862,-0.5149258375167847,-0.1120013073086739,0.8498865365982056,-6.0143928527832031,0.0000000000000000,0.0000000000000000,0.0000000000000000,1.0000000000000000
M 0.7802121043205261,-0.0392742902040482,0.6242808699607849,-2.3316195011138916,0.0000000000000000,0.9980269670486450,0.0627871230244637,-0.0127200577408075,-0.6255150437355042,-0.0489872731268406,0.7786726951599121,-7.5434970855712891,0.0000000000000000,0.0000000000000000,0.0000000000000000,1.0000000000000000
M 0.6848333477973938,-0.0122859161347151,0.7285960912704468,-3.5172312259674072,0.0000000000000000,0.9998578429222107,0.0168600548058748,-0.0043859453871846,-0.7286996841430664,-0.0115463277325034,0.6847360134124756,-8.9244651794433594,0.0000000000000000,0.0000000000000000,0.0000000000000000,1.0000000000000000
M 0.5735764503479004,0.0000001276327737,0.8191520571708679,-4.8630418777465820,0.0000000101538733,1.0000000000000000,-0.0000001629206565,0.0000001566394729,-0.8191520571708679,0.0000001017650249,0.5735764503479004,-10.0918169021606445,0.0000000000000000,0.0000000000000000,0.0000000000000000,1.0000000000000000
M 0.4505270123481750,0.0000001408749029,0.8927627801895142,-6.3273653984069824,0.0000000101538733,1.0000000000000000,-0.0000001629206565,0.0000001566394729,-0.8927627801895142,0.0000000824651565,0.4505270123481750,-11.0304622650146484,0.0000000000000000,0.0000000000000000,0.0000000000000000,1.0000000000000000
M 0.3209435343742371,0.0000001510430678,0.9470983147621155,-7.8781404495239258,0.0000000101538733,1.0000000000000000,-0.0000001629206565,0.0000001566394729,-0.9470983147621155,0.0000000619050482,0.3209435343742371,-11.7378540039062500,0.0000000000000000,0.0000000000000000,0.0000000000000000,1.0000000000000000
M 0.1906806677579880,0.0000001579952738,0.9816521406173706,-9.4445705413818359,0.0000000101538733,1.0000000000000000,-0.0000001629206565,0.0000001566394729,-0.9816521406173706,0.0000000410333882,0.1906806677579880,-12.2056541442871094,0.0000000000000000,0.0000000000000000,0.0000000000000000,1.0000000000000000
M 0.0655773282051086,0.0000001619041115,0.9978474974632263,-10.9553289413452148,0.0000000101538733,1.0000000000000000,-0.0000001629206565,0.0000001566394729,-0.9978474974632263,0.0000000208159179,0.0655773282051086,-12.4489307403564453,0.0000000000000000,0.0000000000000000,0.0000000000000000,1.0000000000000000
M -0.0490677468478680,0.0000001632226372,0.9987954497337341,-12.3450002670288086,0.0000000101538733,1.0000000000000000,-0.0000001629206565,0.0000001566394729,-0.9987954497337341,0.0000000021474915,-0.0490677468478680,-12.5034160614013672,0.0000000000000000,0.0000000000000000,0.0000000000000000,1.0000000000000000
M -0.1488452553749084,0.0000001626171553,0.9888604879379272,-13.5584907531738281,0.0000000101538733,1.0000000000000000,-0.0000001629206565,0.0000001566394729,-0.9888604879379272,-0.0000000142092045,-0.1488452553749084,-12.4203748703002930,0.0000000000000000,0.0000000000000000,0.0000000000000000,1.0000000000000000
M -0.2303471863269806,0.0000001608784004,0.9731085300445557,-14.5525770187377930,0.0000000101538733,1.0000000000000000,-0.0000001629206565,0.0000001566394729,-0.9731085300445557,-0.0000000276474950,-0.2303471863269806,-12.2599515914916992,0.0000000000000000,0.0000000000000000,0.0000000000000000,1.0000000000000000
M -0.2910361588001251,0.0000001588232976,0.9567120671272278,-15.2945566177368164,0.0000000101538733,1.0000000000000000,-0.0000001629206565,0.0000001566394729,-0.9567120671272278,-0.0000000377014757,-0.2910361588001251,-12.0839090347290039,0.0000000000000000,0.0000000000000000,0.0000000000000000,1.0000000000000000
M -0.3289080560207367,0.0000001571957569,0.9443619251251221,-15.7583703994750977,0.0000000101538733,1.0000000000000000,-0.0000001629206565,0.0000001566394729,-0.9443619251251221,-0.0000000439969909,-0.3289080560207367,-11.9483709335327148,0.0000000000000000,0.0000000000000000,0.0000000000000000,1.0000000000000000
M -0.3420201241970062,0.0000001565681771,0.9396926164627075,-15.9190998077392578,0.0000000101538733,1.0000000000000000,-0.0000001629206565,0.0000001566394729,-0.9396926164627075,-0.0000000461806309,-0.3420201241970062,-11.8966741561889648,0.0000000000000000,0.0000000000000000,0.0000000000000000,1.0000000000000000
O DOOR_7_INTERIOR_LCG_IL
A DOOR_7_INTERIOR_LCG_IL_DOOR_7_INTERIOR_LCG_IL
M 1.0000000000000000,0.0000000000000000,0.0000000000000000,0.0000000000000000,0.0000000000000000,1.0000000000000000,-0.0000000437113883,0.0000000000000000,-0.0000000000000000,0.0000000437113883,1.0000000000000000,-0.0000000000000000,0.0000000000000000,0.0000000000000000,0.0000000000000000,1.0000000000000000
M 1.0000000000000000,0.0000000000000000,0.0000000000000000,0.0000000000000000,0.0000000000000000,0.9980269074440002,0.0627872571349144,-0.0127198565751314,-0.0000000000000000,-0.0627872571349144,0.9980269074440002,0.1577219665050507,0.0000000000000000,0.0000000000000000,0.0000000000000000,1.0000000000000000
M 1.0000000000000000,0.0000000000000000,0.0000000000000000,0.0000000000000000,0.0000000000000000,0.9771088957786560,0.2127397060394287,-0.0025327503681183,-0.0000000000000000,-0.2127397060394287,0.9771088957786560,0.5389611124992371,0.0000000000000000,0.0000000000000000,0.0000000000000000,1.0000000000000000
M 1.0000000000000000,0.0000000000000000,0.0000000000000000,0.0000000000000000,0.0000000000000000,0.9224233031272888,0.3861803710460663,0.0855741202831268,-0.0000000000000000,-0.3861803710460663,0.9224233031272888,0.9884921908378601,0.0000000000000000,0.0000000000000000,0.0000000000000000,1.0000000000000000
M 1.0000000000000000,0.0000000000000000,0.0000000000000000,0.0000000000000000,0.0000000000000000,0.8535491824150085,0.5210121870040894,0.2200559824705124,-0.0000000000000000,-0.5210121870040894,0.8535491824150085,1.3453695774078369,0.0000000000000000,0.0000000000000000,0.0000000000000000,1.0000000000000000
M 1.0000000000000000,0.0000000000000000,0.0000000000000000,0.0000000000000000,0.0000000000000000,0.8191520571708679,0.5735763907432556,0.2913740575313568,-0.0000000000000000,-0.5735763907432556,0.8191520571708679,1.4866206645965576,0.0000000000000000,0.0000000000000000,0.0000000000000000,1.0000000000000000
M 0.9999031424522400,-0.0077899885363877,0.0115343909710646,0.0242159068584442,0.0000000000000000,0.8287062048912048,0.5596837997436523,0.2713655829429626,-0.0139185525476933,-0.5596296191215515,0.8286259174346924,1.2802243232727051,0.0000000000000000,0.0000000000000000,0.0000000000000000,1.0000000000000000
M 0.9985554814338684,-0.0279941223561764,0.0458614192903042,0.0749223455786705,0.0000000000000000,0.8535491824150085,0.5210121870040894,0.2200559824705124,-0.0537302605807781,-0.5202595591545105,0.8523162007331848,0.6914254426956177,0.0000000000000000,0.0000000000000000,0.0000000000000000,1.0000000000000000
M 0.9932062625885010,-0.0537191294133663,0.1032260879874229,0.0994293242692947,0.0000000000000000,0.8870705366134644,0.4616338610649109,0.1528466343879700,-0.1163673922419548,-0.4584976434707642,0.8810440301895142,-0.2342166304588318,0.0000000000000000,0.0000000000000000,0.0000000000000000,1.0000000000000000
M 0.9801329374313354,-0.0765956416726112,0.1829549819231033,0.0295558571815491,0.0000000000000000,0.9224233031272888,0.3861802816390991,0.0855741426348686,-0.1983416676521301,-0.3785080015659332,0.9040974378585815,-1.4434139728546143,0.0000000000000000,0.0000000000000000,0.0000000000000000,1.0000000000000000
M 0.9553428292274475,-0.0888584032654762,0.2818230092525482,-0.2043657302856445,0.0000000000000000,0.9537169933319092,0.3007056713104248,0.0312805101275444,-0.2954996228218079,-0.2872770130634308,0.9111266732215881,-2.8680291175842285,0.0000000000000000,0.0000000000000000,0.0000000000000000,1.0000000000000000
M 0.9152411818504333,-0.0857141539454460,0.3936834633350372,-0.6594284772872925,0.0000000000000000,0.9771088957786560,0.2127395868301392,-0.0025327168405056,-0.4029064476490021,-0.1947080343961716,0.8942903280258179,-4.4235939979553223,0.0000000000000000,0.0000000000000000,0.0000000000000000,1.0000000000000000
M 0.8572347164154053,-0.0672772154211998,0.5105118751525879,-1.3682303428649902,0.0000000000000000,0.9914280176162720,0.1306541860103607,-0.0152893215417862,-0.5149258375167847,-0.1120013073086739,0.8498865365982056,-6.0143928527832031,0.0000000000000000,0.0000000000000000,0.0000000000000000,1.0000000000000000
M 0.7802121043205261,-0.0392742902040482,0.6242808699607849,-2.3316195011138916,0.0000000000000000,0.9980269670486450,0.0627871230244637,-0.0127200577408075,-0.6255150437355042,-0.0489872731268406,0.7786726951599121,-7.5434970855712891,0.0000000000000000,0.0000000000000000,0.0000000000000000,1.0000000000000000
M 0.6848333477973938,-0.0122859161347151,0.7285960912704468,-3.5172312259674072,0.0000000000000000,0.9998578429222107,0.0168600548058748,-0.0043859453871846,-0.7286996841430664,-0.0115463277325034,0.6847360134124756,-8.9244651794433594,0.0000000000000000,0.0000000000000000,0.0000000000000000,1.0000000000000000
M 0.5735764503479004,0.0000001276327737,0.8191520571708679,-4.8630418777465820,0.0000000101538733,1.0000000000000000,-0.0000001629206565,0.0000001566394729,-0.8191520571708679,0.0000001017650249,0.5735764503479004,-10.0918169021606445,0.0000000000000000,0.0000000000000000,0.0000000000000000,1.0000000000000000
M 0.4505270123481750,0.0000001408749029,0.8927627801895142,-6.3273653984069824,0.0000000101538733,1.0000000000000000,-0.0000001629206565,0.0000001566394729,-0.8927627801895142,0.0000000824651565,0.4505270123481750,-11.0304622650146484,0.0000000000000000,0.0000000000000000,0.0000000000000000,1.0000000000000000
M 0.3209435343742371,0.0000001510430678,0.9470983147621155,-7.8781404495239258,0.0000000101538733,1.0000000000000000,-0.0000001629206565,0.0000001566394729,-0.9470983147621155,0.0000000619050482,0.3209435343742371,-11.7378540039062500,0.0000000000000000,0.0000000000000000,0.0000000000000000,1.0000000000000000
M 0.1906806677579880,0.0000001579952738,0.9816521406173706,-9.4445705413818359,0.0000000101538733,1.0000000000000000,-0.0000001629206565,0.0000001566394729,-0.9816521406173706,0.0000000410333882,0.1906806677579880,-12.2056541442871094,0.0000000000000000,0.0000000000000000,0.0000000000000000,1.0000000000000000
M 0.0655773282051086,0.0000001619041115,0.9978474974632263,-10.9553289413452148,0.0000000101538733,1.0000000000000000,-0.0000001629206565,0.0000001566394729,-0.9978474974632263,0.0000000208159179,0.0655773282051086,-12.4489307403564453,0.0000000000000000,0.0000000000000000,0.0000000000000000,1.0000000000000000
M -0.0490677468478680,0.0000001632226372,0.9987954497337341,-12.3450002670288086,0.0000000101538733,1.0000000000000000,-0.0000001629206565,0.0000001566394729,-0.9987954497337341,0.0000000021474915,-0.0490677468478680,-12.5034160614013672,0.0000000000000000,0.0000000000000000,0.0000000000000000,1.0000000000000000
M -0.1488452553749084,0.0000001626171553,0.9888604879379272,-13.5584907531738281,0.0000000101538733,1.0000000000000000,-0.0000001629206565,0.0000001566394729,-0.9888604879379272,-0.0000000142092045,-0.1488452553749084,-12.4203748703002930,0.0000000000000000,0.0000000000000000,0.0000000000000000,1.0000000000000000
M -0.2303471863269806,0.0000001608784004,0.9731085300445557,-14.5525770187377930,0.0000000101538733,1.0000000000000000,-0.0000001629206565,0.0000001566394729,-0.9731085300445557,-0.0000000276474950,-0.2303471863269806,-12.2599515914916992,0.0000000000000000,0.0000000000000000,0.0000000000000000,1.0000000000000000
M -0.2910361588001251,0.0000001588232976,0.9567120671272278,-15.2945566177368164,0.0000000101538733,1.0000000000000000,-0.0000001629206565,0.0000001566394729,-0.9567120671272278,-0.0000000377014757,-0.2910361588001251,-12.0839090347290039,0.0000000000000000,0.0000000000000000,0.0000000000000000,1.0000000000000000
M -0.3289080560207367,0.0000001571957569,0.9443619251251221,-15.7583703994750977,0.0000000101538733,1.0000000000000000,-0.0000001629206565,0.0000001566394729,-0.9443619251251221,-0.0000000439969909,-0.3289080560207367,-11.9483709335327148,0.0000000000000000,0.0000000000000000,0.0000000000000000,1.0000000000000000
M -0.3420201241970062,0.0000001565681771,0.9396926164627075,-15.9190998077392578,0.0000000101538733,1.0000000000000000,-0.0000001629206565,0.0000001566394729,-0.9396926164627075,-0.0000000461806309,-0.3420201241970062,-11.8966741561889648,0.0000000000000000,0.0000000000000000,0.0000000000000000,1.0000000000000000
O DOOR_7_INTERIOR_LCG_IL_mvp_dr1a_trailed
A DOOR_7_INTERIOR_LCG_IL_mvp_dr1a_trailed_DOOR_7_INTERIOR_LCG_IL_mvp_dr1a_trailed
M 1.0000000000000000,0.0000000000000000,0.0000000000000000,0.0000000000000000,0.0000000000000000,1.0000000000000000,-0.0000000437113883,0.0000000000000000,-0.0000000000000000,0.0000000437113883,1.0000000000000000,-0.0000000000000000,0.0000000000000000,0.0000000000000000,0.0000000000000000,1.0000000000000000
M 1.0000000000000000,0.0000000000000000,0.0000000000000000,0.0000000000000000,0.0000000000000000,1.0000000000000000,-0.0000000437113883,0.0000000000000000,-0.0000000000000000,0.0000000437113883,1.0000000000000000,-0.0000000000000000,0.0000000000000000,0.0000000000000000,0.0000000000000000,1.0000000000000000
M 1.0000000000000000,0.0000000000000000,0.0000000000000000,0.0000000000000000,0.0000000000000000,1.0000000000000000,-0.0000000437113883,0.0000000000000000,-0.0000000000000000,0.0000000437113883,1.0000000000000000,-0.0000000000000000,0.0000000000000000,0.0000000000000000,0.0000000000000000,1.0000000000000000
M 1.0000000000000000,0.0000000000000000,0.0000000000000000,0.0000000000000000,0.0000000000000000,1.0000000000000000,-0.0000000437113883,0.0000000000000000,-0.0000000000000000,0.0000000437113883,1.0000000000000000,-0.0000000000000000,0.0000000000000000,0.0000000000000000,0.0000000000000000,1.0000000000000000
M 1.0000000000000000,0.0000000000000000,0.0000000000000000,0.0000000000000000,0.0000000000000000,1.0000000000000000,-0.0000000437113883,0.0000000000000000,-0.0000000000000000,0.0000000437113883,1.0000000000000000,-0.0000000000000000,0.0000000000000000,0.0000000000000000,0.0000000000000000,1.0000000000000000
M 1.0000000000000000,0.0000000000000000,0.0000000000000000,0.0000000000000000,0.0000000000000000,1.0000000000000000,-0.0000000437113883,0.0000000000000000,-0.0000000000000000,0.0000000437113883,1.0000000000000000,-0.0000000000000000,0.0000000000000000,0.0000000000000000,0.0000000000000000,1.0000000000000000
M 0.9999031424522400,0.0000000006083993,0.0139185525476933,0.0040454808622599,0.0000000000000000,1.0000000000000000,-0.0000000437113883,0.0000000000000000,-0.0139185525476933,0.0000000437071535,0.9999031424522400,-0.1687934994697571,0.0000000000000000,0.0000000000000000,0.0000000000000000,1.0000000000000000
M 0.9985554814338684,0.0000000023486242,0.0537302605807781,0.0026346053928137,0.0000000000000000,1.0000000000000000,-0.0000000437113883,0.0000000000000000,-0.0537302605807781,0.0000000436482459,0.9985554814338684,-0.6520007252693176,0.0000000000000000,0.0000000000000000,0.0000000000000000,1.0000000000000000
M 0.9932062625885010,0.0000000050865800,0.1163673922419548,-0.0387339666485786,0.0000000000000000,1.0000000000000000,-0.0000000437113883,0.0000000000000000,-0.1163673922419548,0.0000000434144241,0.9932062625885010,-1.4134581089019775,0.0000000000000000,0.0000000000000000,0.0000000000000000,1.0000000000000000
M 0.9801329374313354,0.0000000086697893,0.1983416676521301,-0.1665028929710388,0.0000000000000000,1.0000000000000000,-0.0000000437113883,0.0000000000000000,-0.1983416676521301,0.0000000428429701,0.9801329374313354,-2.4122674465179443,0.0000000000000000,0.0000000000000000,0.0000000000000000,1.0000000000000000
M 0.9553428292274475,0.0000000129166988,0.2954996228218079,-0.4306391477584839,0.0000000000000000,1.0000000000000000,-0.0000000437113883,0.0000000000000000,-0.2954996228218079,0.0000000417593604,0.9553428292274475,-3.5995671749114990,0.0000000000000000,0.0000000000000000,0.0000000000000000,1.0000000000000000
M 0.9152411818504333,0.0000000176115993,0.4029064476490021,-0.8765791654586792,0.0000000000000000,1.0000000000000000,-0.0000000437113883,0.0000000000000000,-0.4029064476490021,0.0000000400064621,0.9152411818504333,-4.9168729782104492,0.0000000000000000,0.0000000000000000,0.0000000000000000,1.0000000000000000
M 0.8572347164154053,0.0000000225081234,0.5149258375167847,-1.5378780364990234,0.0000000000000000,1.0000000000000000,-0.0000000437113883,0.0000000000000000,-0.5149258375167847,0.0000000374709188,0.8572347164154053,-6.2968177795410156,0.0000000000000000,0.0000000000000000,0.0000000000000000,1.0000000000000000
M 0.7802121043205261,0.0000000273421303,0.6255150437355042,-2.4302766323089600,0.0000000000000000,1.0000000000000000,-0.0000000437113883,0.0000000000000000,-0.6255150437355042,0.0000000341041542,0.7802121043205261,-7.6665534973144531,0.0000000000000000,0.0000000000000000,0.0000000000000000,1.0000000000000000
M 0.6848333477973938,0.0000000318524762,0.7286996841430664,-3.5480134487152100,0.0000000000000000,1.0000000000000000,-0.0000000437113883,0.0000000000000000,-0.7286996841430664,0.0000000299350162,0.6848333477973938,-8.9533948898315430,0.0000000000000000,0.0000000000000000,0.0000000000000000,1.0000000000000000
M 0.5735764503479004,0.0000000358062735,0.8191520571708679,-4.8630418777465820,0.0000000000000000,1.0000000000000000,-0.0000000437113883,0.0000000000000000,-0.8191520571708679,0.0000000250718237,0.5735764503479004,-10.0918169021606445,0.0000000000000000,0.0000000000000000,0.0000000000000000,1.0000000000000000
M 0.4505270123481750,0.0000000390238988,0.8927627801895142,-6.3273653984069824,0.0000000000000000,1.0000000000000000,-0.0000000437113883,0.0000000000000000,-0.8927627801895142,0.0000000196931609,0.4505270123481750,-11.0304622650146484,0.0000000000000000,0.0000000000000000,0.0000000000000000,1.0000000000000000
M 0.3209435343742371,0.0000000413989838,0.9470983147621155,-7.8781404495239258,0.0000000000000000,1.0000000000000000,-0.0000000437113883,0.0000000000000000,-0.9470983147621155,0.0000000140288874,0.3209435343742371,-11.7378540039062500,0.0000000000000000,0.0000000000000000,0.0000000000000000,1.0000000000000000
M 0.1906806826591492,0.0000000429093774,0.9816521406173706,-9.4445705413818359,0.0000000000000000,1.0000000000000000,-0.0000000437113883,0.0000000000000000,-0.9816521406173706,0.0000000083349176,0.1906806826591492,-12.2056541442871094,0.0000000000000000,0.0000000000000000,0.0000000000000000,1.0000000000000000
M 0.0655773356556892,0.0000000436172982,0.9978474974632263,-10.9553279876708984,0.0000000000000000,1.0000000000000000,-0.0000000437113883,0.0000000000000000,-0.9978474974632263,0.0000000028664764,0.0655773356556892,-12.4489307403564453,0.0000000000000000,0.0000000000000000,0.0000000000000000,1.0000000000000000
M -0.0490677393972874,0.0000000436587371,0.9987954497337341,-12.3450002670288086,0.0000000000000000,1.0000000000000000,-0.0000000437113883,0.0000000000000000,-0.9987954497337341,-0.0000000021448190,-0.0490677393972874,-12.5034160614013672,0.0000000000000000,0.0000000000000000,0.0000000000000000,1.0000000000000000
M -0.1488452404737473,0.0000000432244640,0.9888604879379272,-13.5584897994995117,0.0000000000000000,1.0000000000000000,-0.0000000437113883,0.0000000000000000,-0.9888604879379272,-0.0000000065062320,-0.1488452404737473,-12.4203748703002930,0.0000000000000000,0.0000000000000000,0.0000000000000000,1.0000000000000000
M -0.2303471714258194,0.0000000425359232,0.9731085300445557,-14.5525770187377930,0.0000000000000000,1.0000000000000000,-0.0000000437113883,0.0000000000000000,-0.9731085300445557,-0.0000000100687947,-0.2303471714258194,-12.2599515914916992,0.0000000000000000,0.0000000000000000,0.0000000000000000,1.0000000000000000
M -0.2910361588001251,0.0000000418192130,0.9567120671272278,-15.2945566177368164,0.0000000000000000,1.0000000000000000,-0.0000000437113883,0.0000000000000000,-0.9567120671272278,-0.0000000127215944,-0.2910361588001251,-12.0839090347290039,0.0000000000000000,0.0000000000000000,0.0000000000000000,1.0000000000000000
M -0.3289080560207367,0.0000000412793710,0.9443619251251221,-15.7583703994750977,0.0000000000000000,1.0000000000000000,-0.0000000437113883,0.0000000000000000,-0.9443619251251221,-0.0000000143770276,-0.3289080560207367,-11.9483709335327148,0.0000000000000000,0.0000000000000000,0.0000000000000000,1.0000000000000000
M -0.3420201241970062,0.0000000410752676,0.9396926164627075,-15.9191007614135742,0.0000000000000000,1.0000000000000000,-0.0000000437113883,0.0000000000000000,-0.9396926164627075,-0.0000000149501744,-0.3420201241970062,-11.8966741561889648,0.0000000000000000,0.0000000000000000,0.0000000000000000,1.0000000000000000
