O FAN_1_INTERIOR_LCG_CL_mvp_dr1a_motorhead
A FAN_1_INTERIOR_LCG_CL_mvp_dr1a_motorhead_FAN_1_INTERIOR_LCG_CL_mvp_dr1a_motorhead
M 0.8687597513198853,-0.4331206083297729,-0.2401312440633774,-0.4737539589405060,0.2941873073577881,0.8414078950881958,-0.4533063173294067,3.5022902488708496,0.3983846604824066,0.3231707513332367,0.8583999276161194,3.5805015563964844,0.0000000000000000,0.0000000000000000,0.0000000000000000,1.0000000000000000
M 0.5395613908767700,-0.8346735239028931,-0.1104246228933334,-2.9867470264434814,0.5623376965522766,0.4548725485801697,-0.6905557513237000,7.6779584884643555,0.6266177892684937,0.3105013072490692,0.7148000597953796,6.1909918785095215,0.0000000000000000,0.0000000000000000,0.0000000000000000,1.0000000000000000
M 0.1732482165098190,-0.9761438369750977,0.1308748573064804,-6.6457042694091797,0.7807187438011169,0.0551100969314575,-0.6224476695060730,11.6605234146118164,0.6003859639167786,0.2100144028663635,0.7716415524482727,6.2651696205139160,0.0000000000000000,0.0000000000000000,0.0000000000000000,1.0000000000000000
M -0.0480862669646740,-0.9566401839256287,0.2872756719589233,-9.1800699234008789,0.5069532990455627,-0.2711859345436096,-0.8182032108306885,9.1861972808837891,0.8606312274932861,0.1062910184264183,0.4980122148990631,9.3973360061645508,0.0000000000000000,0.0000000000000000,0.0000000000000000,1.0000000000000000
M -0.3772025406360626,-0.7319263815879822,0.5674522519111633,-13.5187129974365234,0.1666959524154663,-0.6563626527786255,-0.7357992529869080,6.4319067001342773,0.9110053181648254,-0.1829533576965332,0.3695908188819885,10.7759037017822266,0.0000000000000000,0.0000000000000000,0.0000000000000000,1.0000000000000000
M -0.6535036563873291,-0.1954249590635300,0.7312606573104858,-18.3594589233398438,-0.1954251676797867,-0.8897796273231506,-0.4124332368373871,3.2149705886840820,0.7312605381011963,-0.4124333560466766,0.5432832837104797,9.5585231781005859,0.0000000000000000,0.0000000000000000,0.0000000000000000,1.0000000000000000
M -0.7014611363410950,0.2387073338031769,0.6715437769889832,-20.3955249786376953,-0.6651405692100525,-0.5577190518379211,-0.4965254366397858,-3.5873568058013916,0.2560084760189056,-0.7949643731117249,0.5499922037124634,5.0850191116333008,0.0000000000000000,0.0000000000000000,0.0000000000000000,1.0000000000000000
M -0.3043700456619263,0.6060554385185242,0.7348848581314087,-16.7276802062988281,-0.9516837000846863,-0.1605073809623718,-0.2617929577827454,-8.0210170745849609,-0.0407065823674202,-0.7790598273277283,0.6256267428398132,1.5607407093048096,0.0000000000000000,0.0000000000000000,0.0000000000000000,1.0000000000000000
M 0.1782143861055374,0.7558817863464355,0.6299859881401062,-11.5357122421264648,-0.9761438965797424,0.0551102720201015,0.2100142389535904,-8.4455528259277344,0.1240272074937820,-0.6523846387863159,0.7476707696914673,3.2766742706298828,0.0000000000000000,0.0000000000000000,0.0000000000000000,1.0000000000000000
M 0.5799006819725037,0.7426725625991821,0.3348920047283173,-7.0179276466369629,-0.7841253280639648,0.3972737491130829,0.4767819344997406,-6.9192891120910645,0.2210490703582764,-0.5390834212303162,0.8127276897430420,4.1544747352600098,0.0000000000000000,0.0000000000000000,0.0000000000000000,1.0000000000000000
M 0.8943150043487549,0.4401455223560333,0.0804526582360268,-2.5729122161865234,-0.4355441033840179,0.8151715397834778,0.3818332254886627,-4.1846976280212402,0.1024794504046440,-0.3765198290348053,0.9207229018211365,2.3366162776947021,0.0000000000000000,0.0000000000000000,0.0000000000000000,1.0000000000000000
M 0.9900104403495789,-0.0000002029774606,0.1409944146871567,0.0606592074036598,0.0000002364344454,1.0000000000000000,-0.0000002205411249,0.0000025720564736,-0.1409944146871567,0.0000002516738959,0.9900104403495789,-1.7122052907943726,0.0000000000000000,0.0000000000000000,0.0000000000000000,1.0000000000000000
M 0.9274498820304871,-0.3658835887908936,-0.0772392824292183,0.2261699438095093,0.2941875159740448,0.8414076566696167,-0.4533066749572754,3.5022928714752197,0.2308472245931625,0.3976964056491852,0.8880017995834351,1.3551986217498779,0.0000000000000000,0.0000000000000000,0.0000000000000000,1.0000000000000000
M 0.6703051924705505,-0.7397716641426086,0.0585566014051437,-1.4989070892333984,0.5623378753662109,0.4548719525337219,-0.6905559897422791,7.6779618263244629,0.4842179715633392,0.4958119094371796,0.7209046483039856,3.8817496299743652,0.0000000000000000,0.0000000000000000,0.0000000000000000,1.0000000000000000
M 0.3353260457515717,-0.8774824738502502,0.3429005742073059,-4.7384057044982910,0.7807188034057617,0.0551095865666866,-0.6224476099014282,11.6605262756347656,0.5272898674011230,0.4764318466186523,0.7035468816757202,4.4367427825927734,0.0000000000000000,0.0000000000000000,0.0000000000000000,1.0000000000000000
M 0.2405279427766800,-0.8670108318328857,0.4363927245140076,-5.7950191497802734,0.5069532394409180,-0.2711863219738007,-0.8182030916213989,9.1861972808837891,0.8277346491813660,0.4180314838886261,0.3743060231208801,7.8365416526794434,0.0000000000000000,0.0000000000000000,0.0000000000000000,1.0000000000000000
M 0.0001371476100758,-0.7462246417999268,0.6656942367553711,-8.7919340133666992,0.1666955649852753,-0.6563631296157837,-0.7357989549636841,6.4319038391113281,0.9860084652900696,0.1110691875219345,0.1243023201823235,10.4188690185546875,0.0000000000000000,0.0000000000000000,0.0000000000000000,1.0000000000000000
M -0.2734010219573975,-0.3544415831565857,0.8942164182662964,-13.0556058883666992,-0.1954257190227509,-0.8897795677185059,-0.4124331176280975,3.2149639129638672,0.9418389797210693,-0.2875125408172607,0.1739996671676636,11.2191267013549805,0.0000000000000000,0.0000000000000000,0.0000000000000000,1.0000000000000000
M -0.4954854547977448,-0.1678184717893600,0.8522505760192871,-16.3657245635986328,-0.6651409864425659,-0.5577194094657898,-0.4965244829654694,-3.5873599052429199,0.5586426854133606,-0.8128874897956848,0.1647188514471054,8.2848596572875977,0.0000000000000000,0.0000000000000000,0.0000000000000000,1.0000000000000000
M -0.2828065752983093,0.1259152591228485,0.9508763551712036,-14.6325798034667969,-0.9516838192939758,-0.1605077683925629,-0.2617922723293304,-8.0210170745849609,0.1196594089269638,-0.9789702296257019,0.1652241051197052,3.5420923233032227,0.0000000000000000,0.0000000000000000,0.0000000000000000,1.0000000000000000
M 0.2168792337179184,0.2934765517711639,0.9310396313667297,-9.1904897689819336,-0.9761438965797424,0.0551110543310642,0.2100141793489456,-8.4455556869506836,0.0103236623108387,-0.9543763399124146,0.2984278202056885,2.3041231632232666,0.0000000000000000,0.0000000000000000,0.0000000000000000,1.0000000000000000
M 0.6066263914108276,0.3285237848758698,0.7239313125610352,-4.8665590286254883,-0.7841252684593201,0.3972749114036560,0.4767811298370361,-6.9192938804626465,-0.1309657990932465,-0.8568808436393738,0.4986011981964111,0.5287583470344543,0.0000000000000000,0.0000000000000000,0.0000000000000000,1.0000000000000000
M 0.8032990694046021,0.1605566889047623,0.5735259652137756,-2.1439099311828613,-0.4355438053607941,0.8151722550392151,0.3818320333957672,-4.1846976280212402,-0.4062168300151825,-0.5565209984779358,0.7247566580772400,-3.4733004570007324,0.0000000000000000,0.0000000000000000,0.0000000000000000,1.0000000000000000
M 0.7529429197311401,-0.0000001901999838,0.6580857634544373,-2.1326313018798828,0.0000007301568985,1.0000000000000000,-0.0000005463824095,0.0000081133948697,-0.6580857634544373,0.0000008919004699,0.7529429197311401,-8.2490367889404297,0.0000000000000000,0.0000000000000000,0.0000000000000000,1.0000000000000000
M 0.9082816839218140,-0.0985175743699074,0.4065939784049988,-0.2492252290248871,0.2941877245903015,0.8414073586463928,-0.4533071219921112,3.5022959709167480,-0.2974523901939392,0.5313455462455750,0.7932175397872925,-5.5754408836364746,0.0000000000000000,0.0000000000000000,0.0000000000000000,1.0000000000000000
M 0.8233823776245117,-0.3850466907024384,0.4168701171875000,-0.3381686806678772,0.5623378753662109,0.4548717141151428,-0.6905561089515686,7.6779623031616211,0.0762739703059196,0.8030135631561279,0.5910596251487732,-2.2000486850738525,0.0000000000000000,0.0000000000000000,0.0000000000000000,1.0000000000000000
M 0.5456455349922180,-0.5455903410911560,0.6360834240913391,-2.8982872962951660,0.7807186841964722,0.0551091022789478,-0.6224477887153625,11.6605262756347656,0.3045474588871002,0.8362380862236023,0.4560225903987885,0.2727913856506348,0.0000000000000000,0.0000000000000000,0.0000000000000000,1.0000000000000000
M 0.5745554566383362,-0.6012880206108093,0.5552827715873718,-2.4685094356536865,0.5069529414176941,-0.2711870372295380,-0.8182030320167542,9.1861963272094727,0.6425611376762390,0.7516052722930908,0.1490127593278885,4.2374835014343262,0.0000000000000000,0.0000000000000000,0.0000000000000000,1.0000000000000000
M 0.3774546086788177,-0.6469179987907410,0.6625897288322449,-4.5616035461425781,0.1666952967643738,-0.6563630104064941,-0.7357990741729736,6.4319005012512207,0.9109010100364685,0.3881813585758209,-0.1399090886116028,8.2801609039306641,0.0000000000000000,0.0000000000000000,0.0000000000000000,1.0000000000000000
M 0.0549820885062218,-0.4298203885555267,0.9012388586997986,-8.8453397750854492,-0.1954262256622314,-0.8897795677185059,-0.4124327898025513,3.2149581909179688,0.9791759848594666,-0.1534492820501328,-0.1329201459884644,10.8422584533691406,0.0000000000000000,0.0000000000000000,0.0000000000000000,1.0000000000000000
M -0.3180940449237823,-0.3899639248847961,0.8641436696052551,-13.4961481094360352,-0.6651412248611450,-0.5577196478843689,-0.4965238869190216,-3.5873613357543945,0.6755763292312622,-0.7327188849449158,-0.0819737985730171,9.1121950149536133,0.0000000000000000,0.0000000000000000,0.0000000000000000,1.0000000000000000
M -0.2472952604293823,-0.1048225760459900,0.9632534384727478,-13.4415140151977539,-0.9516838788986206,-0.1605080664157867,-0.2617917358875275,-8.0210161209106445,0.1820516288280487,-0.9814527630805969,-0.0600650459527969,4.0091800689697266,0.0000000000000000,0.0000000000000000,0.0000000000000000,1.0000000000000000
M 0.2150478065013885,0.1119161024689674,0.9701697230339050,-8.5762548446655273,-0.9761437773704529,0.0551116317510605,0.2100144773721695,-8.4455556869506836,-0.0299636311829090,-0.9921882152557373,0.1210978478193283,1.7128791809082031,0.0000000000000000,0.0000000000000000,0.0000000000000000,1.0000000000000000
M 0.5821012258529663,0.2044270336627960,0.7869992256164551,-4.6827325820922852,-0.7841249108314514,0.3972760140895844,0.4767807722091675,-6.9192929267883301,-0.2151890546083450,-0.8946403861045837,0.3915511071681976,-0.5025798082351685,0.0000000000000000,0.0000000000000000,0.0000000000000000,1.0000000000000000
M 0.7579756379127502,0.1033068746328354,0.6440502405166626,-2.4169130325317383,-0.4355432391166687,0.8151732087135315,0.3818307220935822,-4.1846952438354492,-0.4855667948722839,-0.5699300765991211,0.6628760099411011,-4.4666442871093750,0.0000000000000000,0.0000000000000000,0.0000000000000000,1.0000000000000000
M 0.7071073651313782,0.0000002809813964,0.7071062326431274,-2.6221277713775635,0.0000014285275256,1.0000000000000000,-0.0000018258978116,0.0000149809256982,-0.7071062326431274,0.0000023012269139,0.7071073651313782,-8.8987360000610352,0.0000000000000000,0.0000000000000000,0.0000000000000000,1.0000000000000000
M 0.8960067629814148,-0.0777469649910927,0.4371811747550964,-0.4253260493278503,0.2941882014274597,0.8414066433906555,-0.4533081352710724,3.5023026466369629,-0.3326038122177124,0.5347807407379150,0.7767782807350159,-6.0319333076477051,0.0000000000000000,0.0000000000000000,0.0000000000000000,1.0000000000000000
M 0.8246129751205444,-0.3706460595130920,0.4273581206798553,-0.3563916087150574,0.5623378753662109,0.4548705220222473,-0.6905569434165955,7.6779651641845703,0.0615596063435078,0.8097618818283081,0.5835204720497131,-2.4090828895568848,0.0000000000000000,0.0000000000000000,0.0000000000000000,1.0000000000000000
M 0.5470413565635681,-0.5417355298995972,0.6381758451461792,-2.8912186622619629,0.7807185053825378,0.0551080293953419,-0.6224481463432312,11.6605262756347656,0.3020336031913757,0.8387406468391418,0.4530892968177795,0.2306471467018127,0.0000000000000000,0.0000000000000000,0.0000000000000000,1.0000000000000000
M 0.5745550394058228,-0.6012879014015198,0.5552831888198853,-2.4685144424438477,0.5069526433944702,-0.2711881399154663,-0.8182029128074646,9.1861963272094727,0.6425617933273315,0.7516048550605774,0.1490119844675064,4.2374916076660156,0.0000000000000000,0.0000000000000000,0.0000000000000000,1.0000000000000000
M 0.3774543702602386,-0.6469167470932007,0.6625910401344299,-4.5616092681884766,0.1666948497295380,-0.6563647389411926,-0.7357977032661438,6.4319024085998535,0.9109012484550476,0.3881805241107941,-0.1399100124835968,8.2801656723022461,0.0000000000000000,0.0000000000000000,0.0000000000000000,1.0000000000000000
M 0.0549817904829979,-0.4298191964626312,0.9012393355369568,-8.8453464508056641,-0.1954266577959061,-0.8897800445556641,-0.4124315977096558,3.2149558067321777,0.9791759848594666,-0.1534499973058701,-0.1329198479652405,10.8422613143920898,0.0000000000000000,0.0000000000000000,0.0000000000000000,1.0000000000000000
M -0.3180941343307495,-0.3899616599082947,0.8641446828842163,-13.4961547851562500,-0.6651415228843689,-0.5577205419540405,-0.4965224862098694,-3.5873599052429199,0.6755759716033936,-0.7327193617820740,-0.0819720104336739,9.1121950149536133,0.0000000000000000,0.0000000000000000,0.0000000000000000,1.0000000000000000
M -0.2472946792840958,-0.1048219203948975,0.9632536768913269,-13.4415082931518555,-0.9516839981079102,-0.1605084687471390,-0.2617910504341125,-8.0210151672363281,0.1820518076419830,-0.9814528226852417,-0.0600644499063492,4.0091834068298340,0.0000000000000000,0.0000000000000000,0.0000000000000000,1.0000000000000000
M 0.2150478959083557,0.1119176223874092,0.9701694846153259,-8.5762586593627930,-0.9761437177658081,0.0551123395562172,0.2100144475698471,-8.4455566406250000,-0.0299639962613583,-0.9921879768371582,0.1210994869470596,1.7128760814666748,0.0000000000000000,0.0000000000000000,0.0000000000000000,1.0000000000000000
M 0.5821012258529663,0.2044288814067841,0.7869987487792969,-4.6827387809753418,-0.7841247916221619,0.3972776234149933,0.4767795801162720,-6.9192986488342285,-0.2151894569396973,-0.8946391940116882,0.3915535211563110,-0.5025857686996460,0.0000000000000000,0.0000000000000000,0.0000000000000000,1.0000000000000000
M 0.7579753398895264,0.1033078283071518,0.6440504193305969,-2.4169194698333740,-0.4355430901050568,0.8151741027832031,0.3818289339542389,-4.1846985816955566,-0.4855673313140869,-0.5699285864830017,0.6628769040107727,-4.4666547775268555,0.0000000000000000,0.0000000000000000,0.0000000000000000,1.0000000000000000
M 0.7071075439453125,0.0000017901908222,0.7071060538291931,-2.6221308708190918,0.0000015273695908,1.0000000000000000,-0.0000040590880417,0.0000135195587063,-0.7071060538291931,0.0000039502237996,0.7071075439453125,-8.8987398147583008,0.0000000000000000,0.0000000000000000,0.0000000000000000,1.0000000000000000
M 0.8960068821907043,-0.0777460113167763,0.4371810257434845,-0.4253283143043518,0.2941880226135254,0.8414056897163391,-0.4533100426197052,3.5023012161254883,-0.3326034843921661,0.5347824096679688,0.7767772674560547,-6.0319356918334961,0.0000000000000000,0.0000000000000000,0.0000000000000000,1.0000000000000000
M 0.8246130347251892,-0.3706448376178741,0.4273590147495270,-0.3563935756683350,0.5623376965522766,0.4548683762550354,-0.6905584931373596,7.6779685020446777,0.0615598745644093,0.8097636103630066,0.5835179686546326,-2.4090886116027832,0.0000000000000000,0.0000000000000000,0.0000000000000000,1.0000000000000000
M 0.5470415949821472,-0.5417336821556091,0.6381771564483643,-2.8912200927734375,0.7807182669639587,0.0551060736179352,-0.6224486231803894,11.6605291366577148,0.3020339608192444,0.8387418389320374,0.4530867338180542,0.2306445837020874,0.0000000000000000,0.0000000000000000,0.0000000000000000,1.0000000000000000
M 0.5745549798011780,-0.6012865304946899,0.5552848577499390,-2.4685175418853760,0.5069522261619568,-0.2711908221244812,-0.8182022571563721,9.1862010955810547,0.6425620913505554,0.7516050934791565,0.1490094959735870,4.2374916076660156,0.0000000000000000,0.0000000000000000,0.0000000000000000,1.0000000000000000
M 0.3774549961090088,-0.6469144821166992,0.6625929474830627,-4.5616064071655273,0.1666944175958633,-0.6563671231269836,-0.7357956171035767,6.4319071769714355,0.9109011292457581,0.3881802260875702,-0.1399119794368744,8.2801628112792969,0.0000000000000000,0.0000000000000000,0.0000000000000000,1.0000000000000000
M 0.0549823567271233,-0.4298164248466492,0.9012407064437866,-8.8453464508056641,-0.1954271048307419,-0.8897812962532043,-0.4124287366867065,3.2149579524993896,0.9791758060455322,-0.1534505486488342,-0.1329201161861420,10.8422603607177734,0.0000000000000000,0.0000000000000000,0.0000000000000000,1.0000000000000000
M -0.3180932104587555,-0.3899606466293335,0.8641455173492432,-13.4961462020874023,-0.6651428341865540,-0.5577203035354614,-0.4965209960937500,-3.5873746871948242,0.6755750775337219,-0.7327201962471008,-0.0819724276661873,9.1121854782104492,0.0000000000000000,0.0000000000000000,0.0000000000000000,1.0000000000000000
M -0.2472922056913376,-0.1048217713832855,0.9632543921470642,-13.4414787292480469,-0.9516849517822266,-0.1605070233345032,-0.2617885172367096,-8.0210285186767578,0.1820502281188965,-0.9814529418945312,-0.0600652247667313,4.0091638565063477,0.0000000000000000,0.0000000000000000,0.0000000000000000,1.0000000000000000
M 0.2151877433061600,0.1164804473519325,0.9696012139320374,-8.5900325775146484,-0.9761427640914917,0.0551130920648575,0.2100186645984650,-8.4455423355102539,-0.0289746485650539,-0.9916626214981079,0.1255611926317215,1.7288359403610229,0.0000000000000000,0.0000000000000000,0.0000000000000000,1.0000000000000000
M 0.5858538150787354,0.2203669846057892,0.7798805832862854,-4.6978235244750977,-0.7841222286224365,0.3972784876823425,0.4767830967903137,-6.9192657470703125,-0.2047625035047531,-0.8908469080924988,0.4055417776107788,-0.3711260855197906,0.0000000000000000,0.0000000000000000,0.0000000000000000,1.0000000000000000
M 0.7763144373893738,0.1254224181175232,0.6177418231964111,-2.3002395629882812,-0.4355393648147583,0.8151740431785583,0.3818333148956299,-4.1846489906311035,-0.4556766748428345,-0.5654736161231995,0.6874577403068542,-4.0889301300048828,0.0000000000000000,0.0000000000000000,0.0000000000000000,1.0000000000000000
M 0.7529428601264954,-0.0000050073017519,0.6580857634544373,-2.1326167583465576,0.0000054816432566,1.0000000000000000,0.0000013371171690,0.0000673939794069,-0.6580857634544373,0.0000026006184726,0.7529428601264954,-8.2490425109863281,0.0000000000000000,0.0000000000000000,0.0000000000000000,1.0000000000000000
M 0.9251103997230530,-0.1315700113773346,0.3561742305755615,-0.0038798153400421,0.2941918373107910,0.8414062261581421,-0.4533065259456635,3.5023496150970459,-0.2400456517934799,0.5241422057151794,0.8171004652976990,-4.8285813331604004,0.0000000000000000,0.0000000000000000,0.0000000000000000,1.0000000000000000
M 0.8076934814453125,-0.4811178445816040,0.3408180177211761,-0.3146485686302185,0.5623407959938049,0.4548676609992981,-0.6905564069747925,7.6780104637145996,0.1772119253873825,0.7494137883186340,0.6379457712173462,-0.7487010955810547,0.0000000000000000,0.0000000000000000,0.0000000000000000,1.0000000000000000
M 0.4817441999912262,-0.6875056624412537,0.5433768630027771,-3.3294382095336914,0.7807205915451050,0.0551050193607807,-0.6224457621574402,11.6605644226074219,0.3979921638965607,0.7240851521492004,0.5632963180541992,1.8988384008407593,0.0000000000000000,0.0000000000000000,0.0000000000000000,1.0000000000000000
M 0.4096606373786926,-0.7593643069267273,0.5055136680603027,-4.0124831199645996,0.5069542527198792,-0.2711907029151917,-0.8182010054588318,9.1862268447875977,0.7584031820297241,0.5914570093154907,0.2738668322563171,6.3118934631347656,0.0000000000000000,0.0000000000000000,0.0000000000000000,1.0000000000000000
M 0.1056311354041100,-0.7300540208816528,0.6751764416694641,-7.5585298538208008,0.1666950881481171,-0.6563673019409180,-0.7357953190803528,6.4319162368774414,0.9803341031074524,0.1902714967727661,0.0523635931313038,10.0028066635131836,0.0000000000000000,0.0000000000000000,0.0000000000000000,1.0000000000000000
M -0.2734009027481079,-0.3544373512268066,0.8942182064056396,-13.0556173324584961,-0.1954278349876404,-0.8897808790206909,-0.4124292433261871,3.2149474620819092,0.9418385028839111,-0.2875136435031891,0.1739999949932098,11.2191247940063477,0.0000000000000000,0.0000000000000000,0.0000000000000000,1.0000000000000000
M -0.5524102449417114,-0.0798768103122711,0.8297364115715027,-17.3647804260253906,-0.6651430726051331,-0.5577207803726196,-0.4965201020240784,-3.5873749256134033,0.5024216771125793,-0.8261762857437134,0.2549611926078796,7.7684693336486816,0.0000000000000000,0.0000000000000000,0.0000000000000000,1.0000000000000000
M -0.3016762435436249,0.3295204341411591,0.8946551680564880,-15.5922422409057617,-0.9516849517822266,-0.1605073958635330,-0.2617883682250977,-8.0210266113281250,0.0573341511189938,-0.9304051995277405,0.3620209097862244,2.8895790576934814,0.0000000000000000,0.0000000000000000,0.0000000000000000,1.0000000000000000
M 0.2030994594097137,0.5738112330436707,0.7934048771858215,-10.4382152557373047,-0.9761429429054260,0.0551136210560799,0.2100179642438889,-8.4455480575561523,0.0767832398414612,-0.8171311020851135,0.5713153481483459,3.0125677585601807,0.0000000000000000,0.0000000000000000,0.0000000000000000,1.0000000000000000
M 0.6086048483848572,0.6426005363464355,0.4654724299907684,-6.1829934120178223,-0.7841225266456604,0.3972793221473694,0.4767819344997406,-6.9192738533020020,0.1214577630162239,-0.6551592350006104,0.7456636428833008,3.2407059669494629,0.0000000000000000,0.0000000000000000,0.0000000000000000,1.0000000000000000
M 0.8997740745544434,0.4068138897418976,0.1578262597322464,-2.3012495040893555,-0.4355398416519165,0.8151746988296509,0.3818314075469971,-4.1846590042114258,0.0266783442348242,-0.4123015999794006,0.9106566905975342,1.5240727663040161,0.0000000000000000,0.0000000000000000,0.0000000000000000,1.0000000000000000
M 0.9900104403495789,-0.0000051234833336,0.1409942060709000,0.0606747083365917,0.0000051669776440,1.0000000000000000,0.0000000576014543,0.0000620988212177,-0.1409942060709000,0.0000006714878396,0.9900104403495789,-1.7122042179107666,0.0000000000000000,0.0000000000000000,0.0000000000000000,1.0000000000000000
M 0.9046718478202820,-0.3981283903121948,-0.1518640667200089,-0.0402181595563889,0.2941910922527313,0.8414058089256287,-0.4533077180385590,3.5023407936096191,0.3082539737224579,0.3654177188873291,0.8783218860626221,2.3815081119537354,0.0000000000000000,0.0000000000000000,0.0000000000000000,1.0000000000000000
M 0.5803724527359009,-0.8119699358940125,-0.0622292533516884,-2.5058059692382812,0.5623400211334229,0.4548683762550354,-0.6905565857887268,7.6779985427856445,0.5890174508094788,0.3657860457897186,0.7205963134765625,5.5660805702209473,0.0000000000000000,0.0000000000000000,0.0000000000000000,1.0000000000000000
M 0.1964976340532303,-0.9672235250473022,0.1608333736658096,-6.3558058738708496,0.7807196974754333,0.0551055073738098,-0.6224468946456909,11.6605501174926758,0.5931824445724487,0.2478751242160797,0.7659586071968079,6.0488386154174805,0.0000000000000000,0.0000000000000000,0.0000000000000000,1.0000000000000000
M -0.0327144302427769,-0.9545885920524597,0.2961256504058838,-8.9898376464843750,0.5069532990455627,-0.2711903750896454,-0.8182017207145691,9.1862134933471680,0.8613525629043579,0.1233548820018768,0.4928036630153656,9.3443393707275391,0.0000000000000000,0.0000000000000000,0.0000000000000000,1.0000000000000000
M -0.3730089664459229,-0.7327564954757690,0.5691505074501038,-13.4632406234741211,0.1666944175958633,-0.6563668847084045,-0.7357958555221558,6.4319062232971191,0.9127306342124939,-0.1795842200517654,0.3669771254062653,10.7825164794921875,0.0000000000000000,0.0000000000000000,0.0000000000000000,1.0000000000000000
M -0.6535037755966187,-0.1954201459884644,0.7312617897987366,-18.3594741821289062,-0.1954282224178314,-0.8897805809974670,-0.4124297499656677,3.2149412631988525,0.7312595844268799,-0.4124335944652557,0.5432843565940857,9.5585136413574219,0.0000000000000000,0.0000000000000000,0.0000000000000000,1.0000000000000000
M -0.7026289701461792,0.2423676699399948,0.6690070629119873,-20.4247245788574219,-0.6651429533958435,-0.5577214956283569,-0.4965194761753082,-3.5873703956604004,0.2527793645858765,-0.7938542962074280,0.5530804991722107,5.0465736389160156,0.0000000000000000,0.0000000000000000,0.0000000000000000,1.0000000000000000
M -0.3035917878150940,0.6198718547821045,0.7235958576202393,-16.7777061462402344,-0.9516847729682922,-0.1605085432529449,-0.2617883682250977,-8.0210218429565430,-0.0461319051682949,-0.7681120038032532,0.6386516690254211,1.4768457412719727,0.0000000000000000,0.0000000000000000,0.0000000000000000,1.0000000000000000
M 0.1732526570558548,0.7807197570800781,0.6003832817077637,-11.7137060165405273,-0.9761431813240051,0.0551144182682037,0.2100166380405426,-8.4455547332763672,0.1308743655681610,-0.6224459409713745,0.7716429829597473,3.2933468818664551,0.0000000000000000,0.0000000000000000,0.0000000000000000,1.0000000000000000
M 0.5637731552124023,0.7771554589271545,0.2796231806278229,-7.3939900398254395,-0.7841230034828186,0.3972804844379425,0.4767802357673645,-6.9192852973937988,0.2594435513019562,-0.4880548715591431,0.8333615064620972,4.4798879623413086,0.0000000000000000,0.0000000000000000,0.0000000000000000,1.0000000000000000
M 0.8793191909790039,0.4760467410087585,-0.0133124357089400,-2.9888150691986084,-0.4355400204658508,0.8151758313179016,0.3818287551403046,-4.1846675872802734,0.1926203072071075,-0.3299512863159180,0.9241372346878052,3.2790508270263672,0.0000000000000000,0.0000000000000000,0.0000000000000000,1.0000000000000000
M 1.0000000000000000,-0.0000052432264965,-0.0000011781970670,0.0000154992321768,0.0000052432246775,1.0000000000000000,-0.0000012219140899,0.0000614970267634,0.0000011782034335,0.0000012219079508,1.0000000000000000,0.0000103742677311,0.0000000000000000,0.0000000000000000,0.0000000000000000,1.0000000000000000
O FANBASE_1_INTERIOR_LCG_CL_mvp_dr1a_motorhead
A FANBASE_1_INTERIOR_LCG_CL_mvp_dr1a_motorhead_FANBASE_1_INTERIOR_LCG_CL_mvp_dr1a_motorhead
M 1.0000000000000000,0.0000000000000000,0.0000000000000000,0.0000000000000000,0.0000000000000000,1.0000000000000000,-0.0000000437113883,0.0000000000000000,-0.0000000000000000,0.0000000437113883,1.0000000000000000,-0.0000000000000000,0.0000000000000000,0.0000000000000000,0.0000000000000000,1.0000000000000000
M 1.0000000000000000,0.0000000000000000,0.0000000000000000,0.0000000000000000,0.0000000000000000,1.0000000000000000,-0.0000000437113883,0.0000000000000000,-0.0000000000000000,0.0000000437113883,1.0000000000000000,-0.0000000000000000,0.0000000000000000,0.0000000000000000,0.0000000000000000,1.0000000000000000
M 1.0000000000000000,0.0000000000000000,0.0000000000000000,0.0000000000000000,0.0000000000000000,1.0000000000000000,-0.0000000437113883,0.0000000000000000,-0.0000000000000000,0.0000000437113883,1.0000000000000000,-0.0000000000000000,0.0000000000000000,0.0000000000000000,0.0000000000000000,1.0000000000000000
M 1.0000000000000000,0.0000000000000000,0.0000000000000000,0.0000000000000000,0.0000000000000000,1.0000000000000000,-0.0000000437113883,0.0000000000000000,-0.0000000000000000,0.0000000437113883,1.0000000000000000,-0.0000000000000000,0.0000000000000000,0.0000000000000000,0.0000000000000000,1.0000000000000000
M 1.0000000000000000,0.0000000000000000,0.0000000000000000,0.0000000000000000,0.0000000000000000,1.0000000000000000,-0.0000000437113883,0.0000000000000000,-0.0000000000000000,0.0000000437113883,1.0000000000000000,-0.0000000000000000,0.0000000000000000,0.0000000000000000,0.0000000000000000,1.0000000000000000
M 1.0000000000000000,0.0000000000000000,0.0000000000000000,0.0000000000000000,0.0000000000000000,1.0000000000000000,-0.0000000437113883,0.0000000000000000,-0.0000000000000000,0.0000000437113883,1.0000000000000000,-0.0000000000000000,0.0000000000000000,0.0000000000000000,0.0000000000000000,1.0000000000000000
M 0.9999893903732300,0.0000000002011743,0.0046023312024772,0.0057823895476758,0.0000000000000000,1.0000000000000000,-0.0000000437113883,0.0000000000000000,-0.0046023312024772,0.0000000437109229,0.9999893903732300,-0.0554845295846462,0.0000000000000000,0.0000000000000000,0.0000000000000000,1.0000000000000000
M 0.9998405575752258,0.0000000007805195,0.0178562048822641,0.0210087727755308,0.0000000000000000,1.0000000000000000,-0.0000000437113883,0.0000000000000000,-0.0178562048822641,0.0000000437044179,0.9998405575752258,-0.2154219150543213,0.0000000000000000,0.0000000000000000,0.0000000000000000,1.0000000000000000
M 0.9992411732673645,0.0000000017025696,0.0389502532780170,0.0408730618655682,0.0000000000000000,1.0000000000000000,-0.0000000437113883,0.0000000000000000,-0.0389502532780170,0.0000000436782202,0.9992411732673645,-0.4704337120056152,0.0000000000000000,0.0000000000000000,0.0000000000000000,1.0000000000000000
M 0.9977480173110962,0.0000000029318763,0.0670735090970993,0.0589913502335548,0.0000000000000000,1.0000000000000000,-0.0000000437113883,0.0000000000000000,-0.0670735090970993,0.0000000436129497,0.9977480173110962,-0.8113149404525757,0.0000000000000000,0.0000000000000000,0.0000000000000000,1.0000000000000000
M 0.9948471784591675,0.0000000044317203,0.1013859435915947,0.0680907964706421,0.0000000000000000,1.0000000000000000,-0.0000000437113883,0.0000000000000000,-0.1013859435915947,0.0000000434861498,0.9948471784591675,-1.2286007404327393,0.0000000000000000,0.0000000000000000,0.0000000000000000,1.0000000000000000
M 0.9900104403495789,0.0000000061630487,0.1409941166639328,0.0606582611799240,0.0000000000000000,1.0000000000000000,-0.0000000437113883,0.0000000000000000,-0.1409941166639328,0.0000000432747314,0.9900104403495789,-1.7122009992599487,0.0000000000000000,0.0000000000000000,0.0000000000000000,1.0000000000000000
M 0.9827504754066467,0.0000000080838332,0.1849365383386612,0.0295853912830353,0.0000000000000000,1.0000000000000000,-0.0000000437113883,0.0000000000000000,-0.1849365383386612,0.0000000429573888,0.9827504754066467,-2.2511529922485352,0.0000000000000000,0.0000000000000000,0.0000000000000000,1.0000000000000000
M 0.9726725816726685,0.0000000101489599,0.2321811318397522,-0.0312111079692841,0.0000000000000000,1.0000000000000000,-0.0000000437113883,0.0000000000000000,-0.2321811318397522,0.0000000425168700,0.9726725816726685,-2.8335237503051758,0.0000000000000000,0.0000000000000000,0.0000000000000000,1.0000000000000000
M 0.9595209956169128,0.0000000123107444,0.2816370129585266,-0.1262153089046478,0.0000000000000000,1.0000000000000000,-0.0000000437113883,0.0000000000000000,-0.2816370129585266,0.0000000419419948,0.9595209956169128,-3.4464941024780273,0.0000000000000000,0.0000000000000000,0.0000000000000000,1.0000000000000000
M 0.9432163238525391,0.0000000145200083,0.3321790695190430,-0.2578266561031342,0.0000000000000000,1.0000000000000000,-0.0000000437113883,0.0000000000000000,-0.3321790695190430,0.0000000412292955,0.9432163238525391,-4.0766048431396484,0.0000000000000000,0.0000000000000000,0.0000000000000000,1.0000000000000000
M 0.9238795042037964,0.0000000167276273,0.3826834857463837,-0.4260330796241760,0.0000000000000000,1.0000000000000000,-0.0000000437113883,0.0000000000000000,-0.3826834857463837,0.0000000403840552,0.9238795042037964,-4.7101559638977051,0.0000000000000000,0.0000000000000000,0.0000000000000000,1.0000000000000000
M 0.9018407464027405,0.0000000188863183,0.4320686161518097,-0.6282429099082947,0.0000000000000000,1.0000000000000000,-0.0000000437113883,0.0000000000000000,-0.4320686161518097,0.0000000394207120,0.9018407464027405,-5.3336863517761230,0.0000000000000000,0.0000000000000000,0.0000000000000000,1.0000000000000000
M 0.8776312470436096,0.0000000209524593,0.4793363809585571,-0.8593349456787109,0.0000000000000000,1.0000000000000000,-0.0000000437113883,0.0000000000000000,-0.4793363809585571,0.0000000383624794,0.8776312470436096,-5.9344835281372070,0.0000000000000000,0.0000000000000000,0.0000000000000000,1.0000000000000000
M 0.8519602417945862,0.0000000228875692,0.5236065387725830,-1.1118917465209961,0.0000000000000000,1.0000000000000000,-0.0000000437113883,0.0000000000000000,-0.5236065387725830,0.0000000372403655,0.8519602417945862,-6.5010290145874023,0.0000000000000000,0.0000000000000000,0.0000000000000000,1.0000000000000000
M 0.8256794214248657,0.0000000246593235,0.5641395449638367,-1.3765976428985596,0.0000000000000000,1.0000000000000000,-0.0000000437113883,0.0000000000000000,-0.5641395449638367,0.0000000360915955,0.8256794214248657,-7.0233139991760254,0.0000000000000000,0.0000000000000000,0.0000000000000000,1.0000000000000000
M 0.7997409701347351,0.0000000262419242,0.6003452539443970,-1.6427339315414429,0.0000000000000000,1.0000000000000000,-0.0000000437113883,0.0000000000000000,-0.6003452539443970,0.0000000349577896,0.7997409701347351,-7.4930028915405273,0.0000000000000000,0.0000000000000000,0.0000000000000000,1.0000000000000000
M 0.7751538157463074,0.0000000276156573,0.6317725777626038,-1.8987196683883667,0.0000000000000000,1.0000000000000000,-0.0000000437113883,0.0000000000000000,-0.6317725777626038,0.0000000338830510,0.7751538157463074,-7.9033641815185547,0.0000000000000000,0.0000000000000000,0.0000000000000000,1.0000000000000000
M 0.7529426217079163,0.0000000287658573,0.6580861210823059,-2.1326353549957275,0.0000000000000000,1.0000000000000000,-0.0000000437113883,0.0000000000000000,-0.6580861210823059,0.0000000329121690,0.7529426217079163,-8.2490386962890625,0.0000000000000000,0.0000000000000000,0.0000000000000000,1.0000000000000000
M 0.7341122031211853,0.0000000296812637,0.6790281534194946,-2.3327014446258545,0.0000000000000000,1.0000000000000000,-0.0000000437113883,0.0000000000000000,-0.6790281534194946,0.0000000320890621,0.7341122031211853,-8.5256309509277344,0.0000000000000000,0.0000000000000000,0.0000000000000000,1.0000000000000000
M 0.7196202278137207,0.0000000303517851,0.6943678855895996,-2.4876718521118164,0.0000000000000000,1.0000000000000000,-0.0000000437113883,0.0000000000000000,-0.6943678855895996,0.0000000314555990,0.7196202278137207,-8.7291269302368164,0.0000000000000000,0.0000000000000000,0.0000000000000000,1.0000000000000000
M 0.7103535532951355,0.0000000307660422,0.7038450241088867,-2.5871901512145996,0.0000000000000000,1.0000000000000000,-0.0000000437113883,0.0000000000000000,-0.7038450241088867,0.0000000310505399,0.7103535532951355,-8.8552532196044922,0.0000000000000000,0.0000000000000000,0.0000000000000000,1.0000000000000000
M 0.7071067690849304,0.0000000309086197,0.7071068286895752,-2.6221346855163574,0.0000000000000000,1.0000000000000000,-0.0000000437113883,0.0000000000000000,-0.7071068286895752,0.0000000309086197,0.7071067690849304,-8.8987369537353516,0.0000000000000000,0.0000000000000000,0.0000000000000000,1.0000000000000000
M 0.7071067690849304,0.0000000309086197,0.7071068286895752,-2.6221346855163574,0.0000000000000000,1.0000000000000000,-0.0000000437113883,0.0000000000000000,-0.7071068286895752,0.0000000309086197,0.7071067690849304,-8.8987369537353516,0.0000000000000000,0.0000000000000000,0.0000000000000000,1.0000000000000000
M 0.7071067690849304,0.0000000309086197,0.7071068286895752,-2.6221346855163574,0.0000000000000000,1.0000000000000000,-0.0000000437113883,0.0000000000000000,-0.7071068286895752,0.0000000309086197,0.7071067690849304,-8.8987369537353516,0.0000000000000000,0.0000000000000000,0.0000000000000000,1.0000000000000000
M 0.7071067690849304,0.0000000309086197,0.7071068286895752,-2.6221346855163574,0.0000000000000000,1.0000000000000000,-0.0000000437113883,0.0000000000000000,-0.7071068286895752,0.0000000309086197,0.7071067690849304,-8.8987369537353516,0.0000000000000000,0.0000000000000000,0.0000000000000000,1.0000000000000000
M 0.7071067690849304,0.0000000309086197,0.7071068286895752,-2.6221346855163574,0.0000000000000000,1.0000000000000000,-0.0000000437113883,0.0000000000000000,-0.7071068286895752,0.0000000309086197,0.7071067690849304,-8.8987369537353516,0.0000000000000000,0.0000000000000000,0.0000000000000000,1.0000000000000000
M 0.7071067690849304,0.0000000309086197,0.7071068286895752,-2.6221346855163574,0.0000000000000000,1.0000000000000000,-0.0000000437113883,0.0000000000000000,-0.7071068286895752,0.0000000309086197,0.7071067690849304,-8.8987369537353516,0.0000000000000000,0.0000000000000000,0.0000000000000000,1.0000000000000000
M 0.7071067690849304,0.0000000309086197,0.7071068286895752,-2.6221346855163574,0.0000000000000000,1.0000000000000000,-0.0000000437113883,0.0000000000000000,-0.7071068286895752,0.0000000309086197,0.7071067690849304,-8.8987369537353516,0.0000000000000000,0.0000000000000000,0.0000000000000000,1.0000000000000000
M 0.7071067690849304,0.0000000309086197,0.7071068286895752,-2.6221346855163574,0.0000000000000000,1.0000000000000000,-0.0000000437113883,0.0000000000000000,-0.7071068286895752,0.0000000309086197,0.7071067690849304,-8.8987369537353516,0.0000000000000000,0.0000000000000000,0.0000000000000000,1.0000000000000000
M 0.7071067690849304,0.0000000309086197,0.7071068286895752,-2.6221346855163574,0.0000000000000000,1.0000000000000000,-0.0000000437113883,0.0000000000000000,-0.7071068286895752,0.0000000309086197,0.7071067690849304,-8.8987369537353516,0.0000000000000000,0.0000000000000000,0.0000000000000000,1.0000000000000000
M 0.7071067690849304,0.0000000309086197,0.7071068286895752,-2.6221346855163574,0.0000000000000000,1.0000000000000000,-0.0000000437113883,0.0000000000000000,-0.7071068286895752,0.0000000309086197,0.7071067690849304,-8.8987369537353516,0.0000000000000000,0.0000000000000000,0.0000000000000000,1.0000000000000000
M 0.7071067690849304,0.0000000309086197,0.7071068286895752,-2.6221346855163574,0.0000000000000000,1.0000000000000000,-0.0000000437113883,0.0000000000000000,-0.7071068286895752,0.0000000309086197,0.7071067690849304,-8.8987369537353516,0.0000000000000000,0.0000000000000000,0.0000000000000000,1.0000000000000000
M 0.7071067690849304,0.0000000309086197,0.7071068286895752,-2.6221346855163574,0.0000000000000000,1.0000000000000000,-0.0000000437113883,0.0000000000000000,-0.7071068286895752,0.0000000309086197,0.7071067690849304,-8.8987369537353516,0.0000000000000000,0.0000000000000000,0.0000000000000000,1.0000000000000000
M 0.7071067690849304,0.0000000309086197,0.7071068286895752,-2.6221346855163574,0.0000000000000000,1.0000000000000000,-0.0000000437113883,0.0000000000000000,-0.7071068286895752,0.0000000309086197,0.7071067690849304,-8.8987369537353516,0.0000000000000000,0.0000000000000000,0.0000000000000000,1.0000000000000000
M 0.7071067690849304,0.0000000309086197,0.7071068286895752,-2.6221346855163574,0.0000000000000000,1.0000000000000000,-0.0000000437113883,0.0000000000000000,-0.7071068286895752,0.0000000309086197,0.7071067690849304,-8.8987369537353516,0.0000000000000000,0.0000000000000000,0.0000000000000000,1.0000000000000000
M 0.7071067690849304,0.0000000309086197,0.7071068286895752,-2.6221346855163574,0.0000000000000000,1.0000000000000000,-0.0000000437113883,0.0000000000000000,-0.7071068286895752,0.0000000309086197,0.7071067690849304,-8.8987369537353516,0.0000000000000000,0.0000000000000000,0.0000000000000000,1.0000000000000000
M 0.7071067690849304,0.0000000309086197,0.7071068286895752,-2.6221346855163574,0.0000000000000000,1.0000000000000000,-0.0000000437113883,0.0000000000000000,-0.7071068286895752,0.0000000309086197,0.7071067690849304,-8.8987369537353516,0.0000000000000000,0.0000000000000000,0.0000000000000000,1.0000000000000000
