O door_13_part_2_INTERIOR_LCG_EL
A door_13_part_2_INTERIOR_LCG_EL_door_13_part_2_INTERIOR_LCG_EL
M 1.0000000000000000,0.0000000000000000,0.0000000000000000,0.0000000000000000,0.0000000000000000,1.0000000000000000,-0.0000000437113883,0.0000000000000000,-0.0000000000000000,0.0000000437113883,1.0000000000000000,-0.0000000000000000,0.0000000000000000,0.0000000000000000,0.0000000000000000,1.0000000000000000
M 1.0000000000000000,0.0000000000000000,0.0000000000000000,0.0000000000000000,0.0000000000000000,1.0000000000000000,-0.0000000437113883,0.0000000000000000,-0.0000000000000000,0.0000000437113883,1.0000000000000000,-0.0000000000000000,0.0000000000000000,0.0000000000000000,0.0000000000000000,1.0000000000000000
M 1.0000000000000000,0.0000000000000000,0.0000000000000000,0.0000000000000000,0.0000000000000000,1.0000000000000000,-0.0000000437113883,0.0000000000000000,-0.0000000000000000,0.0000000437113883,1.0000000000000000,-0.0000000000000000,0.0000000000000000,0.0000000000000000,0.0000000000000000,1.0000000000000000
M 1.0000000000000000,0.0000000000000000,0.0000000000000000,0.0000000000000000,0.0000000000000000,1.0000000000000000,-0.0000000437113883,0.0000000000000000,-0.0000000000000000,0.0000000437113883,1.0000000000000000,-0.0000000000000000,0.0000000000000000,0.0000000000000000,0.0000000000000000,1.0000000000000000
M 1.0000000000000000,0.0000000000000000,0.0000000000000000,0.0000000000000000,0.0000000000000000,1.0000000000000000,-0.0000000437113883,0.0000000000000000,-0.0000000000000000,0.0000000437113883,1.0000000000000000,-0.0000000000000000,0.0000000000000000,0.0000000000000000,0.0000000000000000,1.0000000000000000
M 1.0000000000000000,0.0000000000000000,0.0000000000000000,0.0000000000000000,0.0000000000000000,1.0000000000000000,-0.0000000437113883,0.0000000000000000,-0.0000000000000000,0.0000000437113883,1.0000000000000000,-0.0000000000000000,0.0000000000000000,0.0000000000000000,0.0000000000000000,1.0000000000000000
M 1.0000000000000000,0.0000000000000000,0.0000000000000000,0.0000000000000000,0.0000000000000000,1.0000000000000000,-0.0000000437113883,0.0000000000000000,-0.0000000000000000,0.0000000437113883,1.0000000000000000,-0.0000000000000000,0.0000000000000000,0.0000000000000000,0.0000000000000000,1.0000000000000000
M 1.0000000000000000,0.0000000000000000,0.0000000000000000,0.0000000000000000,0.0000000000000000,1.0000000000000000,-0.0000000437113883,0.0000000000000000,-0.0000000000000000,0.0000000437113883,1.0000000000000000,-0.0000000000000000,0.0000000000000000,0.0000000000000000,0.0000000000000000,1.0000000000000000
M 1.0000000000000000,0.0000000000000000,0.0000000000000000,0.0000000000000000,0.0000000000000000,1.0000000000000000,-0.0000000437113883,0.0000000000000000,-0.0000000000000000,0.0000000437113883,1.0000000000000000,-0.0000000000000000,0.0000000000000000,0.0000000000000000,0.0000000000000000,1.0000000000000000
M 1.0000000000000000,0.0000000000000000,0.0000000000000000,0.0000000000000000,0.0000000000000000,1.0000000000000000,-0.0000000437113883,0.0000000000000000,-0.0000000000000000,0.0000000437113883,1.0000000000000000,-0.0000000000000000,0.0000000000000000,0.0000000000000000,0.0000000000000000,1.0000000000000000
M 1.0000000000000000,0.0000000000000000,0.0000000000000000,0.0000000000000000,0.0000000000000000,1.0000000000000000,-0.0000000437113883,0.0000000000000000,-0.0000000000000000,0.0000000437113883,1.0000000000000000,-0.0000000000000000,0.0000000000000000,0.0000000000000000,0.0000000000000000,1.0000000000000000
M 0.9999880194664001,0.0000000002138393,0.0048920740373433,-0.0071544256061316,0.0000000000000000,1.0000000000000000,-0.0000000437113883,0.0000000000000000,-0.0048920740373433,0.0000000437108660,0.9999880194664001,-0.0498006381094456,0.0000000000000000,0.0000000000000000,0.0000000000000000,1.0000000000000000
M 0.9998171329498291,0.0000000008358699,0.0191224738955498,-0.0293510779738426,0.0000000000000000,1.0000000000000000,-0.0000000437113883,0.0000000000000000,-0.0191224738955498,0.0000000437033947,0.9998171329498291,-0.1944683790206909,0.0000000000000000,0.0000000000000000,0.0000000000000000,1.0000000000000000
M 0.9991169571876526,0.0000000018365409,0.0420151576399803,-0.0693889707326889,0.0000000000000000,1.0000000000000000,-0.0000000437113883,0.0000000000000000,-0.0420151576399803,0.0000000436727881,0.9991169571876526,-0.4265865683555603,0.0000000000000000,0.0000000000000000,0.0000000000000000,1.0000000000000000
M 0.9973412752151489,0.0000000031853371,0.0728720203042030,-0.1318283230066299,0.0000000000000000,1.0000000000000000,-0.0000000437113883,0.0000000000000000,-0.0728720203042030,0.0000000435951719,0.9973412752151489,-0.7382608056068420,0.0000000000000000,0.0000000000000000,0.0000000000000000,1.0000000000000000
M 0.9938254356384277,0.0000000048499973,0.1109549999237061,-0.2223754376173019,0.0000000000000000,1.0000000000000000,-0.0000000437113883,0.0000000000000000,-0.1109549999237061,0.0000000434414886,0.9938254356384277,-1.1210199594497681,0.0000000000000000,0.0000000000000000,0.0000000000000000,1.0000000000000000
M 0.9878407716751099,0.0000000067957679,0.1554690450429916,-0.3473089337348938,0.0000000000000000,1.0000000000000000,-0.0000000437113883,0.0000000000000000,-0.1554690450429916,0.0000000431798917,0.9878407716751099,-1.5657199621200562,0.0000000000000000,0.0000000000000000,0.0000000000000000,1.0000000000000000
M 0.9786468744277954,0.0000000089848253,0.2055488377809525,-0.5129227638244629,0.0000000000000000,1.0000000000000000,-0.0000000437113883,0.0000000000000000,-0.2055488377809525,0.0000000427780122,0.9786468744277954,-2.0624847412109375,0.0000000000000000,0.0000000000000000,0.0000000000000000,1.0000000000000000
M 0.9655406475067139,0.0000000113759935,0.2602523863315582,-0.7250248193740845,0.0000000000000000,1.0000000000000000,-0.0000000437113883,0.0000000000000000,-0.2602523863315582,0.0000000422051230,0.9655406475067139,-2.6007111072540283,0.0000000000000000,0.0000000000000000,0.0000000000000000,1.0000000000000000
M 0.9479019045829773,0.0000000139248000,0.3185622990131378,-0.9884669780731201,0.0000000000000000,1.0000000000000000,-0.0000000437113883,0.0000000000000000,-0.3185622990131378,0.0000000414341095,0.9479019045829773,-3.1691470146179199,0.0000000000000000,0.0000000000000000,0.0000000000000000,1.0000000000000000
M 0.9252342581748962,0.0000000165839413,0.3793963491916656,-1.3067489862442017,0.0000000000000000,1.0000000000000000,-0.0000000437113883,0.0000000000000000,-0.3793963491916656,0.0000000404432754,0.9252342581748962,-3.7560579776763916,0.0000000000000000,0.0000000000000000,0.0000000000000000,1.0000000000000000
M 0.8971990346908569,0.0000000193041050,0.4416264593601227,-1.6816985607147217,0.0000000000000000,1.0000000000000000,-0.0000000437113883,0.0000000000000000,-0.4416264593601227,0.0000000392178165,0.8971990346908569,-4.3494691848754883,0.0000000000000000,0.0000000000000000,0.0000000000000000,1.0000000000000000
M 0.8636420369148254,0.0000000220351577,0.5041056275367737,-2.1132359504699707,0.0000000000000000,1.0000000000000000,-0.0000000437113883,0.0000000000000000,-0.5041056275367737,0.0000000377509934,0.8636420369148254,-4.9374799728393555,0.0000000000000000,0.0000000000000000,0.0000000000000000,1.0000000000000000
M 0.8246106505393982,0.0000000247275604,0.5657006502151489,-2.5992491245269775,0.0000000000000000,1.0000000000000000,-0.0000000437113883,0.0000000000000000,-0.5657006502151489,0.0000000360448773,0.8246106505393982,-5.5086174011230469,0.0000000000000000,0.0000000000000000,0.0000000000000000,1.0000000000000000
M 0.7803609371185303,0.0000000273340159,0.6253293752670288,-3.1355769634246826,0.0000000000000000,1.0000000000000000,-0.0000000437113883,0.0000000000000000,-0.6253293752670288,0.0000000341106592,0.7803609371185303,-6.0522298812866211,0.0000000000000000,0.0000000000000000,0.0000000000000000,1.0000000000000000
M 0.7313537001609802,0.0000000298110940,0.6819983720779419,-3.7160973548889160,0.0000000000000000,1.0000000000000000,-0.0000000437113883,0.0000000000000000,-0.6819983720779419,0.0000000319684865,0.7313537001609802,-6.5588626861572266,0.0000000000000000,0.0000000000000000,0.0000000000000000,1.0000000000000000
M 0.6782413125038147,0.0000000321208447,0.7348392605781555,-4.3329191207885742,0.0000000000000000,1.0000000000000000,-0.0000000437113883,0.0000000000000000,-0.7348392605781555,0.0000000296468698,0.6782413125038147,-7.0206122398376465,0.0000000000000000,0.0000000000000000,0.0000000000000000,1.0000000000000000
M 0.6218446493148804,0.0000000342321655,0.7831406593322754,-4.9766602516174316,0.0000000000000000,1.0000000000000000,-0.0000000437113883,0.0000000000000000,-0.7831406593322754,0.0000000271816933,0.6218446493148804,-7.4314126968383789,0.0000000000000000,0.0000000000000000,0.0000000000000000,1.0000000000000000
M 0.5631222724914551,0.0000000361219357,0.8263735771179199,-5.6367998123168945,0.0000000000000000,1.0000000000000000,-0.0000000437113883,0.0000000000000000,-0.8263735771179199,0.0000000246148559,0.5631222724914551,-7.7872562408447266,0.0000000000000000,0.0000000000000000,0.0000000000000000,1.0000000000000000
M 0.5031361579895020,0.0000000377756955,0.8642071485519409,-6.3020462989807129,0.0000000000000000,1.0000000000000000,-0.0000000437113883,0.0000000000000000,-0.8642071485519409,0.0000000219927792,0.5031361579895020,-8.0862998962402344,0.0000000000000000,0.0000000000000000,0.0000000000000000,1.0000000000000000
M 0.4430133104324341,0.0000000391879169,0.8965150117874146,-6.9607419967651367,0.0000000000000000,1.0000000000000000,-0.0000000437113883,0.0000000000000000,-0.8965150117874146,0.0000000193647267,0.4430133104324341,-8.3288755416870117,0.0000000000000000,0.0000000000000000,0.0000000000000000,1.0000000000000000
M 0.3839086890220642,0.0000000403618330,0.9233710765838623,-7.6012320518493652,0.0000000000000000,1.0000000000000000,-0.0000000437113883,0.0000000000000000,-0.9233710765838623,0.0000000167811809,0.3839086890220642,-8.5173978805541992,0.0000000000000000,0.0000000000000000,0.0000000000000000,1.0000000000000000
M 0.3269710838794708,0.0000000413087626,0.9450343251228333,-8.2121896743774414,0.0000000000000000,1.0000000000000000,-0.0000000437113883,0.0000000000000000,-0.9450343251228333,0.0000000142923602,0.3269710838794708,-8.6561555862426758,0.0000000000000000,0.0000000000000000,0.0000000000000000,1.0000000000000000
M 0.2733151912689209,0.0000000420470592,0.9619245529174805,-8.7828674316406250,0.0000000000000000,1.0000000000000000,-0.0000000437113883,0.0000000000000000,-0.9619245529174805,0.0000000119469865,0.2733151912689209,-8.7510251998901367,0.0000000000000000,0.0000000000000000,0.0000000000000000,1.0000000000000000
M 0.2239984720945358,0.0000000426006572,0.9745894670486450,-9.3032836914062500,0.0000000000000000,1.0000000000000000,-0.0000000437113883,0.0000000000000000,-0.9745894670486450,0.0000000097912842,0.2239984720945358,-8.8091030120849609,0.0000000000000000,0.0000000000000000,0.0000000000000000,1.0000000000000000
M 0.1800103485584259,0.0000000429973497,0.9836646914482117,-9.7642765045166016,0.0000000000000000,1.0000000000000000,-0.0000000437113883,0.0000000000000000,-0.9836646914482117,0.0000000078685023,0.1800103485584259,-8.8382873535156250,0.0000000000000000,0.0000000000000000,0.0000000000000000,1.0000000000000000
M 0.1422655433416367,0.0000000432667804,0.9898285269737244,-10.1575059890747070,0.0000000000000000,1.0000000000000000,-0.0000000437113883,0.0000000000000000,-0.9898285269737244,0.0000000062186243,0.1422655433416367,-8.8467979431152344,0.0000000000000000,0.0000000000000000,0.0000000000000000,1.0000000000000000
M 0.1116075515747070,0.0000000434382947,0.9937523603439331,-10.4753484725952148,0.0000000000000000,1.0000000000000000,-0.0000000437113883,0.0000000000000000,-0.9937523603439331,0.0000000048785211,0.1116075515747070,-8.8426837921142578,0.0000000000000000,0.0000000000000000,0.0000000000000000,1.0000000000000000
M 0.0888196825981140,0.0000000435386305,0.9960477352142334,-10.7107048034667969,0.0000000000000000,1.0000000000000000,-0.0000000437113883,0.0000000000000000,-0.9960477352142334,0.0000000038824317,0.0888196825981140,-8.8333015441894531,0.0000000000000000,0.0000000000000000,0.0000000000000000,1.0000000000000000
M 0.0746357291936874,0.0000000435894698,0.9972108602523804,-10.8568172454833984,0.0000000000000000,1.0000000000000000,-0.0000000437113883,0.0000000000000000,-0.9972108602523804,0.0000000032624314,0.0746357291936874,-8.8247566223144531,0.0000000000000000,0.0000000000000000,0.0000000000000000,1.0000000000000000
M 0.0697565078735352,0.0000000436049099,0.9975640773773193,-10.9070119857788086,0.0000000000000000,1.0000000000000000,-0.0000000437113883,0.0000000000000000,-0.9975640773773193,0.0000000030491538,0.0697565078735352,-8.8213396072387695,0.0000000000000000,0.0000000000000000,0.0000000000000000,1.0000000000000000
M 0.0697565078735352,0.0000000436049099,0.9975640773773193,-10.9070119857788086,0.0000000000000000,1.0000000000000000,-0.0000000437113883,0.0000000000000000,-0.9975640773773193,0.0000000030491538,0.0697565078735352,-8.8213396072387695,0.0000000000000000,0.0000000000000000,0.0000000000000000,1.0000000000000000
O DOOR_13_TOGGLE_CG_CD1_INTERIOR_LCG_CL_mvp_dr1a_motorhead
A DOOR_13_TOGGLE_CG_CD1_INTERIOR_LCG_CL_mvp_dr1a_motorhead_DOOR_13_TOGGLE_CG_CD1_INTERIOR_LCG_CL_mvp_dr1a_motorhead
M 1.0000000000000000,0.0000000000000000,0.0000000000000000,0.0000000000000000,0.0000000000000000,1.0000000000000000,-0.0000000437113883,0.0000000000000000,-0.0000000000000000,0.0000000437113883,1.0000000000000000,-0.0000000000000000,0.0000000000000000,0.0000000000000000,0.0000000000000000,1.0000000000000000
M 1.0000000000000000,0.0000000000000000,0.0000000000000000,0.0000000000000000,0.0000000000000000,1.0000000000000000,-0.0000000437113883,0.0000000000000000,-0.0000000000000000,0.0000000437113883,1.0000000000000000,-0.0000000000000000,0.0000000000000000,0.0000000000000000,0.0000000000000000,1.0000000000000000
M 1.0000000000000000,0.0000000000000000,0.0000000000000000,0.0000000000000000,0.0000000000000000,1.0000000000000000,-0.0000000437113883,0.0000000000000000,-0.0000000000000000,0.0000000437113883,1.0000000000000000,-0.0000000000000000,0.0000000000000000,0.0000000000000000,0.0000000000000000,1.0000000000000000
M 1.0000000000000000,0.0000000000000000,0.0000000000000000,0.0000000000000000,0.0000000000000000,1.0000000000000000,-0.0000000437113883,0.0000000000000000,-0.0000000000000000,0.0000000437113883,1.0000000000000000,-0.0000000000000000,0.0000000000000000,0.0000000000000000,0.0000000000000000,1.0000000000000000
M 1.0000000000000000,0.0000000000000000,0.0000000000000000,0.0000000000000000,0.0000000000000000,1.0000000000000000,-0.0000000437113883,0.0000000000000000,-0.0000000000000000,0.0000000437113883,1.0000000000000000,-0.0000000000000000,0.0000000000000000,0.0000000000000000,0.0000000000000000,1.0000000000000000
M 1.0000000000000000,0.0000000000000000,0.0000000000000000,0.0000000000000000,0.0000000000000000,1.0000000000000000,-0.0000000437113883,0.0000000000000000,-0.0000000000000000,0.0000000437113883,1.0000000000000000,-0.0000000000000000,0.0000000000000000,0.0000000000000000,0.0000000000000000,1.0000000000000000
M 1.0000000000000000,0.0000000000000000,0.0000000000000000,0.0000000000000000,0.0000000000000000,1.0000000000000000,-0.0000000437113883,0.0000000000000000,-0.0000000000000000,0.0000000437113883,1.0000000000000000,-0.0000000000000000,0.0000000000000000,0.0000000000000000,0.0000000000000000,1.0000000000000000
M 1.0000000000000000,0.0000000000000000,0.0000000000000000,0.0000000000000000,0.0000000000000000,1.0000000000000000,-0.0000000437113883,0.0000000000000000,-0.0000000000000000,0.0000000437113883,1.0000000000000000,-0.0000000000000000,0.0000000000000000,0.0000000000000000,0.0000000000000000,1.0000000000000000
M 1.0000000000000000,0.0000000000000000,0.0000000000000000,0.0000000000000000,0.0000000000000000,1.0000000000000000,-0.0000000437113883,0.0000000000000000,-0.0000000000000000,0.0000000437113883,1.0000000000000000,-0.0000000000000000,0.0000000000000000,0.0000000000000000,0.0000000000000000,1.0000000000000000
M 1.0000000000000000,0.0000000000000000,0.0000000000000000,0.0000000000000000,0.0000000000000000,1.0000000000000000,-0.0000000437113883,0.0000000000000000,-0.0000000000000000,0.0000000437113883,1.0000000000000000,-0.0000000000000000,0.0000000000000000,0.0000000000000000,0.0000000000000000,1.0000000000000000
M 1.0000000000000000,0.0000000000000000,0.0000000000000000,0.0000000000000000,0.0000000000000000,1.0000000000000000,-0.0000000437113883,0.0000000000000000,-0.0000000000000000,0.0000000437113883,1.0000000000000000,-0.0000000000000000,0.0000000000000000,0.0000000000000000,0.0000000000000000,1.0000000000000000
M 0.9999880194664001,0.0000000002138393,0.0048920740373433,-0.0071544256061316,0.0000000000000000,1.0000000000000000,-0.0000000437113883,0.0000000000000000,-0.0048920740373433,0.0000000437108660,0.9999880194664001,-0.0498006381094456,0.0000000000000000,0.0000000000000000,0.0000000000000000,1.0000000000000000
M 0.9998171329498291,0.0000000008358699,0.0191224738955498,-0.0293510779738426,0.0000000000000000,1.0000000000000000,-0.0000000437113883,0.0000000000000000,-0.0191224738955498,0.0000000437033947,0.9998171329498291,-0.1944683790206909,0.0000000000000000,0.0000000000000000,0.0000000000000000,1.0000000000000000
M 0.9991169571876526,0.0000000018365409,0.0420151576399803,-0.0693889707326889,0.0000000000000000,1.0000000000000000,-0.0000000437113883,0.0000000000000000,-0.0420151576399803,0.0000000436727881,0.9991169571876526,-0.4265865683555603,0.0000000000000000,0.0000000000000000,0.0000000000000000,1.0000000000000000
M 0.9973412752151489,0.0000000031853371,0.0728720203042030,-0.1318283230066299,0.0000000000000000,1.0000000000000000,-0.0000000437113883,0.0000000000000000,-0.0728720203042030,0.0000000435951719,0.9973412752151489,-0.7382608056068420,0.0000000000000000,0.0000000000000000,0.0000000000000000,1.0000000000000000
M 0.9938254356384277,0.0000000048499973,0.1109549999237061,-0.2223754376173019,0.0000000000000000,1.0000000000000000,-0.0000000437113883,0.0000000000000000,-0.1109549999237061,0.0000000434414886,0.9938254356384277,-1.1210199594497681,0.0000000000000000,0.0000000000000000,0.0000000000000000,1.0000000000000000
M 0.9878407716751099,0.0000000067957679,0.1554690450429916,-0.3473089337348938,0.0000000000000000,1.0000000000000000,-0.0000000437113883,0.0000000000000000,-0.1554690450429916,0.0000000431798917,0.9878407716751099,-1.5657199621200562,0.0000000000000000,0.0000000000000000,0.0000000000000000,1.0000000000000000
M 0.9786468744277954,0.0000000089848253,0.2055488377809525,-0.5129227638244629,0.0000000000000000,1.0000000000000000,-0.0000000437113883,0.0000000000000000,-0.2055488377809525,0.0000000427780122,0.9786468744277954,-2.0624847412109375,0.0000000000000000,0.0000000000000000,0.0000000000000000,1.0000000000000000
M 0.9655406475067139,0.0000000113759935,0.2602523863315582,-0.7250248193740845,0.0000000000000000,1.0000000000000000,-0.0000000437113883,0.0000000000000000,-0.2602523863315582,0.0000000422051230,0.9655406475067139,-2.6007111072540283,0.0000000000000000,0.0000000000000000,0.0000000000000000,1.0000000000000000
M 0.9479019045829773,0.0000000139248000,0.3185622990131378,-0.9884669780731201,0.0000000000000000,1.0000000000000000,-0.0000000437113883,0.0000000000000000,-0.3185622990131378,0.0000000414341095,0.9479019045829773,-3.1691470146179199,0.0000000000000000,0.0000000000000000,0.0000000000000000,1.0000000000000000
M 0.9252342581748962,0.0000000165839413,0.3793963491916656,-1.3067489862442017,0.0000000000000000,1.0000000000000000,-0.0000000437113883,0.0000000000000000,-0.3793963491916656,0.0000000404432754,0.9252342581748962,-3.7560579776763916,0.0000000000000000,0.0000000000000000,0.0000000000000000,1.0000000000000000
M 0.8971990346908569,0.0000000193041050,0.4416264593601227,-1.6816985607147217,0.0000000000000000,1.0000000000000000,-0.0000000437113883,0.0000000000000000,-0.4416264593601227,0.0000000392178165,0.8971990346908569,-4.3494691848754883,0.0000000000000000,0.0000000000000000,0.0000000000000000,1.0000000000000000
M 0.8636420369148254,0.0000000220351577,0.5041056275367737,-2.1132359504699707,0.0000000000000000,1.0000000000000000,-0.0000000437113883,0.0000000000000000,-0.5041056275367737,0.0000000377509934,0.8636420369148254,-4.9374799728393555,0.0000000000000000,0.0000000000000000,0.0000000000000000,1.0000000000000000
M 0.8246106505393982,0.0000000247275604,0.5657006502151489,-2.5992491245269775,0.0000000000000000,1.0000000000000000,-0.0000000437113883,0.0000000000000000,-0.5657006502151489,0.0000000360448773,0.8246106505393982,-5.5086174011230469,0.0000000000000000,0.0000000000000000,0.0000000000000000,1.0000000000000000
M 0.7803609371185303,0.0000000273340159,0.6253293752670288,-3.1355769634246826,0.0000000000000000,1.0000000000000000,-0.0000000437113883,0.0000000000000000,-0.6253293752670288,0.0000000341106592,0.7803609371185303,-6.0522298812866211,0.0000000000000000,0.0000000000000000,0.0000000000000000,1.0000000000000000
M 0.7313537001609802,0.0000000298110940,0.6819983720779419,-3.7160973548889160,0.0000000000000000,1.0000000000000000,-0.0000000437113883,0.0000000000000000,-0.6819983720779419,0.0000000319684865,0.7313537001609802,-6.5588631629943848,0.0000000000000000,0.0000000000000000,0.0000000000000000,1.0000000000000000
M 0.6782413125038147,0.0000000321208447,0.7348392605781555,-4.3329191207885742,0.0000000000000000,1.0000000000000000,-0.0000000437113883,0.0000000000000000,-0.7348392605781555,0.0000000296468698,0.6782413125038147,-7.0206122398376465,0.0000000000000000,0.0000000000000000,0.0000000000000000,1.0000000000000000
M 0.6218446493148804,0.0000000342321655,0.7831406593322754,-4.9766602516174316,0.0000000000000000,1.0000000000000000,-0.0000000437113883,0.0000000000000000,-0.7831406593322754,0.0000000271816933,0.6218446493148804,-7.4314131736755371,0.0000000000000000,0.0000000000000000,0.0000000000000000,1.0000000000000000
M 0.5631222724914551,0.0000000361219357,0.8263735771179199,-5.6367998123168945,0.0000000000000000,1.0000000000000000,-0.0000000437113883,0.0000000000000000,-0.8263735771179199,0.0000000246148559,0.5631222724914551,-7.7872562408447266,0.0000000000000000,0.0000000000000000,0.0000000000000000,1.0000000000000000
M 0.5031361579895020,0.0000000377756955,0.8642071485519409,-6.3020462989807129,0.0000000000000000,1.0000000000000000,-0.0000000437113883,0.0000000000000000,-0.8642071485519409,0.0000000219927792,0.5031361579895020,-8.0862998962402344,0.0000000000000000,0.0000000000000000,0.0000000000000000,1.0000000000000000
M 0.4430133104324341,0.0000000391879169,0.8965150117874146,-6.9607419967651367,0.0000000000000000,1.0000000000000000,-0.0000000437113883,0.0000000000000000,-0.8965150117874146,0.0000000193647267,0.4430133104324341,-8.3288764953613281,0.0000000000000000,0.0000000000000000,0.0000000000000000,1.0000000000000000
M 0.3839086890220642,0.0000000403618330,0.9233710765838623,-7.6012320518493652,0.0000000000000000,1.0000000000000000,-0.0000000437113883,0.0000000000000000,-0.9233710765838623,0.0000000167811809,0.3839086890220642,-8.5173988342285156,0.0000000000000000,0.0000000000000000,0.0000000000000000,1.0000000000000000
M 0.3269710838794708,0.0000000413087626,0.9450343251228333,-8.2121896743774414,0.0000000000000000,1.0000000000000000,-0.0000000437113883,0.0000000000000000,-0.9450343251228333,0.0000000142923602,0.3269710838794708,-8.6561555862426758,0.0000000000000000,0.0000000000000000,0.0000000000000000,1.0000000000000000
M 0.2733151912689209,0.0000000420470592,0.9619245529174805,-8.7828674316406250,0.0000000000000000,1.0000000000000000,-0.0000000437113883,0.0000000000000000,-0.9619245529174805,0.0000000119469865,0.2733151912689209,-8.7510251998901367,0.0000000000000000,0.0000000000000000,0.0000000000000000,1.0000000000000000
M 0.2239984720945358,0.0000000426006572,0.9745894670486450,-9.3032836914062500,0.0000000000000000,1.0000000000000000,-0.0000000437113883,0.0000000000000000,-0.9745894670486450,0.0000000097912842,0.2239984720945358,-8.8091030120849609,0.0000000000000000,0.0000000000000000,0.0000000000000000,1.0000000000000000
M 0.1800103485584259,0.0000000429973497,0.9836646914482117,-9.7642765045166016,0.0000000000000000,1.0000000000000000,-0.0000000437113883,0.0000000000000000,-0.9836646914482117,0.0000000078685023,0.1800103485584259,-8.8382873535156250,0.0000000000000000,0.0000000000000000,0.0000000000000000,1.0000000000000000
M 0.1422655433416367,0.0000000432667804,0.9898285269737244,-10.1575059890747070,0.0000000000000000,1.0000000000000000,-0.0000000437113883,0.0000000000000000,-0.9898285269737244,0.0000000062186243,0.1422655433416367,-8.8467979431152344,0.0000000000000000,0.0000000000000000,0.0000000000000000,1.0000000000000000
M 0.1116075515747070,0.0000000434382947,0.9937523603439331,-10.4753484725952148,0.0000000000000000,1.0000000000000000,-0.0000000437113883,0.0000000000000000,-0.9937523603439331,0.0000000048785211,0.1116075515747070,-8.8426837921142578,0.0000000000000000,0.0000000000000000,0.0000000000000000,1.0000000000000000
M 0.0888196825981140,0.0000000435386305,0.9960477352142334,-10.7107048034667969,0.0000000000000000,1.0000000000000000,-0.0000000437113883,0.0000000000000000,-0.9960477352142334,0.0000000038824317,0.0888196825981140,-8.8333024978637695,0.0000000000000000,0.0000000000000000,0.0000000000000000,1.0000000000000000
M 0.0746357291936874,0.0000000435894698,0.9972108602523804,-10.8568172454833984,0.0000000000000000,1.0000000000000000,-0.0000000437113883,0.0000000000000000,-0.9972108602523804,0.0000000032624314,0.0746357291936874,-8.8247566223144531,0.0000000000000000,0.0000000000000000,0.0000000000000000,1.0000000000000000
M 0.0697565078735352,0.0000000436049099,0.9975640773773193,-10.9070119857788086,0.0000000000000000,1.0000000000000000,-0.0000000437113883,0.0000000000000000,-0.9975640773773193,0.0000000030491538,0.0697565078735352,-8.8213396072387695,0.0000000000000000,0.0000000000000000,0.0000000000000000,1.0000000000000000
M 0.0697565078735352,0.0000000436049099,0.9975640773773193,-10.9070119857788086,0.0000000000000000,1.0000000000000000,-0.0000000437113883,0.0000000000000000,-0.9975640773773193,0.0000000030491538,0.0697565078735352,-8.8213396072387695,0.0000000000000000,0.0000000000000000,0.0000000000000000,1.0000000000000000
O door_13_part_3_INTERIOR_LCG_EL
A door_13_part_3_INTERIOR_LCG_EL_door_13_part_3_INTERIOR_LCG_EL
M 1.0000000000000000,0.0000000000000000,0.0000000000000000,0.0000000000000000,0.0000000000000000,1.0000000000000000,-0.0000000437113883,0.0000000000000000,-0.0000000000000000,0.0000000437113883,1.0000000000000000,-0.0000000000000000,0.0000000000000000,0.0000000000000000,0.0000000000000000,1.0000000000000000
M 1.0000000000000000,0.0000000000000000,0.0000000000000000,0.0000000000000000,0.0000000000000000,0.9998578429222107,-0.0168602224439383,0.0146081978455186,-0.0000000000000000,0.0168602224439383,0.9998578429222107,-0.0452451892197132,0.0000000000000000,0.0000000000000000,0.0000000000000000,1.0000000000000000
M 1.0000000000000000,0.0000000000000000,0.0000000000000000,0.0000000000000000,0.0000000000000000,0.9980269074440002,-0.0627873465418816,0.0582856461405754,-0.0000000000000000,0.0627873465418816,0.9980269074440002,-0.1672748476266861,0.0000000000000000,0.0000000000000000,0.0000000000000000,1.0000000000000000
M 1.0000000000000000,0.0000000000000000,0.0000000000000000,0.0000000000000000,0.0000000000000000,0.9914279580116272,-0.1306543499231339,0.1333041787147522,-0.0000000000000000,0.1306543499231339,0.9914279580116272,-0.3443144559860229,0.0000000000000000,0.0000000000000000,0.0000000000000000,1.0000000000000000
M 1.0000000000000000,0.0000000000000000,0.0000000000000000,0.0000000000000000,0.0000000000000000,0.9771088957786560,-0.2127397954463959,0.2410914748907089,-0.0000000000000000,0.2127397954463959,0.9771088957786560,-0.5530973076820374,0.0000000000000000,0.0000000000000000,0.0000000000000000,1.0000000000000000
M 1.0000000000000000,0.0000000000000000,0.0000000000000000,0.0000000000000000,0.0000000000000000,0.9537169933319092,-0.3007057607173920,0.3782526552677155,-0.0000000000000000,0.3007057607173920,0.9537169933319092,-0.7700474262237549,0.0000000000000000,0.0000000000000000,0.0000000000000000,1.0000000000000000
M 1.0000000000000000,0.0000000000000000,0.0000000000000000,0.0000000000000000,0.0000000000000000,0.9224233031272888,-0.3861804306507111,0.5345724821090698,-0.0000000000000000,0.3861804306507111,0.9224233031272888,-0.9736272096633911,0.0000000000000000,0.0000000000000000,0.0000000000000000,1.0000000000000000
M 1.0000000000000000,0.0000000000000000,0.0000000000000000,0.0000000000000000,0.0000000000000000,0.8870705366134644,-0.4616339802742004,0.6933590173721313,-0.0000000000000000,0.4616339802742004,0.8870705366134644,-1.1468186378479004,0.0000000000000000,0.0000000000000000,0.0000000000000000,1.0000000000000000
M 1.0000000000000000,0.0000000000000000,0.0000000000000000,0.0000000000000000,0.0000000000000000,0.8535491824150085,-0.5210123062133789,0.8336544036865234,-0.0000000000000000,0.5210123062133789,0.8535491824150085,-1.2783021926879883,0.0000000000000000,0.0000000000000000,0.0000000000000000,1.0000000000000000
M 1.0000000000000000,0.0000000000000000,0.0000000000000000,0.0000000000000000,0.0000000000000000,0.8287062048912048,-0.5596839189529419,0.9331275224685669,-0.0000000000000000,0.5596839189529419,0.8287062048912048,-1.3613933324813843,0.0000000000000000,0.0000000000000000,0.0000000000000000,1.0000000000000000
M 1.0000000000000000,0.0000000000000000,0.0000000000000000,0.0000000000000000,0.0000000000000000,0.8191520571708679,-0.5735765099525452,0.9705561399459839,-0.0000000000000000,0.5735765099525452,0.8191520571708679,-1.3907122611999512,0.0000000000000000,0.0000000000000000,0.0000000000000000,1.0000000000000000
M 0.9999880194664001,0.0027380150277168,0.0040540923364460,-0.0138146858662367,0.0000000000000000,0.8287062048912048,-0.5596839189529419,0.9331275224685669,-0.0048920740373433,0.5596772432327271,0.8286962509155273,-1.4111776351928711,0.0000000000000000,0.0000000000000000,0.0000000000000000,1.0000000000000000
M 0.9998171329498291,0.0099630439653993,0.0163219720125198,-0.0537958554923534,0.0000000000000000,0.8535491824150085,-0.5210123062133789,0.8336544036865234,-0.0191224738955498,0.5209170579910278,0.8533930778503418,-1.4725368022918701,0.0000000000000000,0.0000000000000000,0.0000000000000000,1.0000000000000000
M 0.9991169571876526,0.0193956233561039,0.0372704081237316,-0.1175734102725983,0.0000000000000000,0.8870705366134644,-0.4616339504718781,0.6933590173721313,-0.0420151576399803,0.4612263143062592,0.8862872123718262,-1.5723924636840820,0.0000000000000000,0.0000000000000000,0.0000000000000000,1.0000000000000000
M 0.9973412752151489,0.0281417462974787,0.0672188475728035,-0.2027789503335953,0.0000000000000000,0.9224233031272888,-0.3861803710460663,0.5345727205276489,-0.0728720203042030,0.3851536214351654,0.9199708104133606,-1.7092990875244141,0.0000000000000000,0.0000000000000000,0.0000000000000000,1.0000000000000000
M 0.9938254356384277,0.0333648063242435,0.1058196723461151,-0.3078163564205170,0.0000000000000000,0.9537169933319092,-0.3007057607173920,0.3782526552677155,-0.1109549999237061,0.2988490462303162,0.9478282332420349,-1.8863129615783691,0.0000000000000000,0.0000000000000000,0.0000000000000000,1.0000000000000000
M 0.9878407716751099,0.0330744534730911,0.1519101858139038,-0.4332986474037170,0.0000000000000000,0.9771088957786560,-0.2127397954463959,0.2410914748907089,-0.1554690450429916,0.2101530432701111,0.9652280211448669,-2.1120917797088623,0.0000000000000000,0.0000000000000000,0.0000000000000000,1.0000000000000000
M 0.9786468744277954,0.0268558412790298,0.2037868797779083,-0.5836961269378662,0.0000000000000000,0.9914280176162720,-0.1306543052196503,0.1333038806915283,-0.2055488377809525,0.1278644353151321,0.9702579379081726,-2.3994472026824951,0.0000000000000000,0.0000000000000000,0.0000000000000000,1.0000000000000000
M 0.9655406475067139,0.0163405518978834,0.2597388923168182,-0.7685585021972656,0.0000000000000000,0.9980269074440002,-0.0627873316407204,0.0582856312394142,-0.2602523863315582,0.0606237202882767,0.9636355638504028,-2.7622218132019043,0.0000000000000000,0.0000000000000000,0.0000000000000000,1.0000000000000000
M 0.9479019045829773,0.0053710052743554,0.3185169994831085,-1.0028800964355469,0.0000000000000000,0.9998578429222107,-0.0168601404875517,0.0146081289276481,-0.3185622990131378,0.0159817598760128,0.9477671384811401,-3.2120344638824463,0.0000000000000000,0.0000000000000000,0.0000000000000000,1.0000000000000000
M 0.9252342581748962,0.0000000170944379,0.3793963491916656,-1.3067489862442017,-0.0000000005517490,1.0000000000000000,-0.0000000437113883,-0.0000000056186655,-0.3793963491916656,0.0000000402339424,0.9252342581748962,-3.7560579776763916,0.0000000000000000,0.0000000000000000,0.0000000000000000,1.0000000000000000
M 0.8971990346908569,0.0000000197991330,0.4416264593601227,-1.6816985607147217,-0.0000000005517490,1.0000000000000000,-0.0000000437113883,-0.0000000056186655,-0.4416264593601227,0.0000000389741501,0.8971990346908569,-4.3494691848754883,0.0000000000000000,0.0000000000000000,0.0000000000000000,1.0000000000000000
M 0.8636420369148254,0.0000000225116707,0.5041056275367737,-2.1132357120513916,-0.0000000005517490,1.0000000000000000,-0.0000000437113883,-0.0000000056186655,-0.5041056275367737,0.0000000374728550,0.8636420369148254,-4.9374799728393555,0.0000000000000000,0.0000000000000000,0.0000000000000000,1.0000000000000000
M 0.8246106505393982,0.0000000251825387,0.5657006502151489,-2.5992496013641357,-0.0000000005517490,1.0000000000000000,-0.0000000437113883,-0.0000000056186655,-0.5657006502151489,0.0000000357327536,0.8246106505393982,-5.5086174011230469,0.0000000000000000,0.0000000000000000,0.0000000000000000,1.0000000000000000
M 0.7803609371185303,0.0000000277645800,0.6253293752670288,-3.1355769634246826,-0.0000000005517490,1.0000000000000000,-0.0000000437113883,-0.0000000056186655,-0.6253293752670288,0.0000000337656338,0.7803609371185303,-6.0522298812866211,0.0000000000000000,0.0000000000000000,0.0000000000000000,1.0000000000000000
M 0.7313537001609802,0.0000000302146184,0.6819983720779419,-3.7160978317260742,-0.0000000005517490,1.0000000000000000,-0.0000000437113883,-0.0000000056186655,-0.6819983720779419,0.0000000315921937,0.7313537001609802,-6.5588626861572266,0.0000000000000000,0.0000000000000000,0.0000000000000000,1.0000000000000000
M 0.6782413125038147,0.0000000324950626,0.7348392605781555,-4.3329195976257324,-0.0000000005517490,1.0000000000000000,-0.0000000437113883,-0.0000000056186655,-0.7348392605781555,0.0000000292414235,0.6782413125038147,-7.0206117630004883,0.0000000000000000,0.0000000000000000,0.0000000000000000,1.0000000000000000
M 0.6218446493148804,0.0000000345752689,0.7831406593322754,-4.9766607284545898,-0.0000000005517490,1.0000000000000000,-0.0000000437113883,-0.0000000056186655,-0.7831406593322754,0.0000000267495963,0.6218446493148804,-7.4314122200012207,0.0000000000000000,0.0000000000000000,0.0000000000000000,1.0000000000000000
M 0.5631222724914551,0.0000000364326382,0.8263735771179199,-5.6367998123168945,-0.0000000005517490,1.0000000000000000,-0.0000000437113883,-0.0000000056186655,-0.8263735771179199,0.0000000241589042,0.5631222724914551,-7.7872567176818848,0.0000000000000000,0.0000000000000000,0.0000000000000000,1.0000000000000000
M 0.5031361579895020,0.0000000380533010,0.8642071485519409,-6.3020462989807129,-0.0000000005517490,1.0000000000000000,-0.0000000437113883,-0.0000000056186655,-0.8642071485519409,0.0000000215159535,0.5031361579895020,-8.0862998962402344,0.0000000000000000,0.0000000000000000,0.0000000000000000,1.0000000000000000
M 0.4430133104324341,0.0000000394323507,0.8965150117874146,-6.9607424736022949,-0.0000000005517490,1.0000000000000000,-0.0000000437113883,-0.0000000056186655,-0.8965150117874146,0.0000000188700753,0.4430133104324341,-8.3288755416870117,0.0000000000000000,0.0000000000000000,0.0000000000000000,1.0000000000000000
M 0.3839086890220642,0.0000000405736529,0.9233710765838623,-7.6012320518493652,-0.0000000005517490,1.0000000000000000,-0.0000000437113883,-0.0000000056186655,-0.9233710765838623,0.0000000162717111,0.3839086890220642,-8.5173978805541992,0.0000000000000000,0.0000000000000000,0.0000000000000000,1.0000000000000000
M 0.3269710838794708,0.0000000414891694,0.9450343251228333,-8.2121896743774414,-0.0000000005517490,1.0000000000000000,-0.0000000437113883,-0.0000000056186655,-0.9450343251228333,0.0000000137709382,0.3269710838794708,-8.6561555862426758,0.0000000000000000,0.0000000000000000,0.0000000000000000,1.0000000000000000
M 0.2733151912689209,0.0000000421978612,0.9619245529174805,-8.7828674316406250,-0.0000000005517490,1.0000000000000000,-0.0000000437113883,-0.0000000056186655,-0.9619245529174805,0.0000000114162457,0.2733151912689209,-8.7510251998901367,0.0000000000000000,0.0000000000000000,0.0000000000000000,1.0000000000000000
M 0.2239984869956970,0.0000000427242490,0.9745894670486450,-9.3032836914062500,-0.0000000005517490,1.0000000000000000,-0.0000000437113883,-0.0000000056186655,-0.9745894670486450,0.0000000092535561,0.2239984869956970,-8.8091030120849609,0.0000000000000000,0.0000000000000000,0.0000000000000000,1.0000000000000000
M 0.1800103634595871,0.0000000430966693,0.9836646914482117,-9.7642765045166016,-0.0000000005517490,1.0000000000000000,-0.0000000437113883,-0.0000000056186655,-0.9836646914482117,0.0000000073257671,0.1800103634595871,-8.8382873535156250,0.0000000000000000,0.0000000000000000,0.0000000000000000,1.0000000000000000
M 0.1422655582427979,0.0000000433452740,0.9898285269737244,-10.1575059890747070,-0.0000000005517490,1.0000000000000000,-0.0000000437113883,-0.0000000056186655,-0.9898285269737244,0.0000000056724883,0.1422655582427979,-8.8467979431152344,0.0000000000000000,0.0000000000000000,0.0000000000000000,1.0000000000000000
M 0.1116075590252876,0.0000000434998739,0.9937523603439331,-10.4753484725952148,-0.0000000005517490,1.0000000000000000,-0.0000000437113883,-0.0000000056186655,-0.9937523603439331,0.0000000043302193,0.1116075590252876,-8.8426837921142578,0.0000000000000000,0.0000000000000000,0.0000000000000000,1.0000000000000000
M 0.0888196900486946,0.0000000435876366,0.9960477352142334,-10.7107048034667969,-0.0000000005517490,1.0000000000000000,-0.0000000437113883,-0.0000000056186655,-0.9960477352142334,0.0000000033328638,0.0888196900486946,-8.8333015441894531,0.0000000000000000,0.0000000000000000,0.0000000000000000,1.0000000000000000
M 0.0746357366442680,0.0000000436306493,0.9972108602523804,-10.8568172454833984,-0.0000000005517490,1.0000000000000000,-0.0000000437113883,-0.0000000056186655,-0.9972108602523804,0.0000000027122216,0.0746357366442680,-8.8247566223144531,0.0000000000000000,0.0000000000000000,0.0000000000000000,1.0000000000000000
M 0.0697565153241158,0.0000000436433965,0.9975640773773193,-10.9070119857788086,-0.0000000005517490,1.0000000000000000,-0.0000000437113883,-0.0000000056186655,-0.9975640773773193,0.0000000024987490,0.0697565153241158,-8.8213396072387695,0.0000000000000000,0.0000000000000000,0.0000000000000000,1.0000000000000000
M 0.0697565153241158,0.0000000436433965,0.9975640773773193,-10.9070119857788086,-0.0000000005517490,1.0000000000000000,-0.0000000437113883,-0.0000000056186655,-0.9975640773773193,0.0000000024987490,0.0697565153241158,-8.8213396072387695,0.0000000000000000,0.0000000000000000,0.0000000000000000,1.0000000000000000
O door_13_part_1_INTERIOR_LCG_CL
A door_13_part_1_INTERIOR_LCG_CL_door_13_part_1_INTERIOR_LCG_CL
M 1.0000000000000000,0.0000000000000000,0.0000000000000000,0.0000000000000000,0.0000000000000000,1.0000000000000000,-0.0000000437113883,0.0000000000000000,-0.0000000000000000,0.0000000437113883,1.0000000000000000,-0.0000000000000000,0.0000000000000000,0.0000000000000000,0.0000000000000000,1.0000000000000000
