O DOOR_1_TOGGLE_CG_CD1
A DOOR_1_TOGGLE_CG_CD1_DOOR_1_TOGGLE_CG_CD1
M 1.0000000000000000,0.0000000000000000,0.0000000000000000,0.0000000000000000,0.0000000000000000,1.0000000000000000,-0.0000000437113883,0.0000000754979013,-0.0000000000000000,0.0000000437113883,1.0000000000000000,-0.0000000543924443,0.0000000000000000,0.0000000000000000,0.0000000000000000,1.0000000000000000
M 1.0000000000000000,0.0000000000000000,0.0000000000000000,0.0000000000000000,0.0000000000000000,1.0000000000000000,-0.0000000437113883,0.0000000754979013,-0.0000000000000000,0.0000000437113883,1.0000000000000000,-0.0000000543924443,0.0000000000000000,0.0000000000000000,0.0000000000000000,1.0000000000000000
M 1.0000000000000000,0.0000000000000000,0.0000000000000000,0.0000000000000000,0.0000000000000000,1.0000000000000000,-0.0000000437113883,0.0000000754979013,-0.0000000000000000,0.0000000437113883,1.0000000000000000,-0.0000000543924443,0.0000000000000000,0.0000000000000000,0.0000000000000000,1.0000000000000000
M 1.0000000000000000,0.0000000000000000,0.0000000000000000,0.0000000000000000,0.0000000000000000,1.0000000000000000,-0.0000000437113883,0.0000000754979013,-0.0000000000000000,0.0000000437113883,1.0000000000000000,-0.0000000543924443,0.0000000000000000,0.0000000000000000,0.0000000000000000,1.0000000000000000
M 1.0000000000000000,0.0000000000000000,0.0000000000000000,0.0000000000000000,0.0000000000000000,1.0000000000000000,-0.0000000437113883,0.0000000754979013,-0.0000000000000000,0.0000000437113883,1.0000000000000000,-0.0000000543924443,0.0000000000000000,0.0000000000000000,0.0000000000000000,1.0000000000000000
M 1.0000000000000000,0.0000000000000000,0.0000000000000000,0.0000000000000000,0.0000000000000000,1.0000000000000000,-0.0000000437113883,0.0000000754979013,-0.0000000000000000,0.0000000437113883,1.0000000000000000,-0.0000000543924443,0.0000000000000000,0.0000000000000000,0.0000000000000000,1.0000000000000000
M 1.0000000000000000,0.0000000000000000,0.0000000000000000,0.0000000000000000,0.0000000000000000,1.0000000000000000,-0.0000000437113883,0.0000000754979013,-0.0000000000000000,0.0000000437113883,1.0000000000000000,-0.0000000543924443,0.0000000000000000,0.0000000000000000,0.0000000000000000,1.0000000000000000
M 1.0000000000000000,0.0000000000000000,0.0000000000000000,0.0000000000000000,0.0000000000000000,1.0000000000000000,-0.0000000437113883,0.0000000754979013,-0.0000000000000000,0.0000000437113883,1.0000000000000000,-0.0000000543924443,0.0000000000000000,0.0000000000000000,0.0000000000000000,1.0000000000000000
M 1.0000000000000000,0.0000000000000000,0.0000000000000000,0.0000000000000000,0.0000000000000000,1.0000000000000000,-0.0000000437113883,0.0000000754979013,-0.0000000000000000,0.0000000437113883,1.0000000000000000,-0.0000000543924443,0.0000000000000000,0.0000000000000000,0.0000000000000000,1.0000000000000000
M 1.0000000000000000,0.0000000000000000,0.0000000000000000,0.0000000000000000,0.0000000000000000,1.0000000000000000,-0.0000000437113883,0.0000000754979013,-0.0000000000000000,0.0000000437113883,1.0000000000000000,-0.0000000543924443,0.0000000000000000,0.0000000000000000,0.0000000000000000,1.0000000000000000
M 1.0000000000000000,0.0000000000000000,0.0000000000000000,0.0000000000000000,0.0000000000000000,1.0000000000000000,-0.0000000437113883,0.0000000754979013,-0.0000000000000000,0.0000000437113883,1.0000000000000000,-0.0000000543924443,0.0000000000000000,0.0000000000000000,0.0000000000000000,1.0000000000000000
M 1.0000000000000000,0.0000000000000000,0.0000000000000000,0.0000000000000000,0.0000000000000000,1.0000000000000000,-0.0000000437113883,0.0000000754979013,-0.0000000000000000,0.0000000437113883,1.0000000000000000,-0.0000000543924443,0.0000000000000000,0.0000000000000000,0.0000000000000000,1.0000000000000000
M 1.0000000000000000,0.0000000000000000,0.0000000000000000,0.0000000000000000,0.0000000000000000,1.0000000000000000,-0.0000000437113883,0.0000000754979013,-0.0000000000000000,0.0000000437113883,1.0000000000000000,-0.0000000543924443,0.0000000000000000,0.0000000000000000,0.0000000000000000,1.0000000000000000
M 1.0000000000000000,0.0000000000000000,0.0000000000000000,0.0000000000000000,0.0000000000000000,1.0000000000000000,-0.0000000437113883,0.0000000754979013,-0.0000000000000000,0.0000000437113883,1.0000000000000000,-0.0000000543924443,0.0000000000000000,0.0000000000000000,0.0000000000000000,1.0000000000000000
M 1.0000000000000000,0.0000000000000000,0.0000000000000000,0.0000000000000000,0.0000000000000000,1.0000000000000000,-0.0000000437113883,0.0000000754979013,-0.0000000000000000,0.0000000437113883,1.0000000000000000,-0.0000000543924443,0.0000000000000000,0.0000000000000000,0.0000000000000000,1.0000000000000000
M 1.0000000000000000,0.0000000000000000,0.0000000000000000,0.0000000000000000,0.0000000000000000,1.0000000000000000,-0.0000000437113883,0.0000000754979013,-0.0000000000000000,0.0000000437113883,1.0000000000000000,-0.0000000543924443,0.0000000000000000,0.0000000000000000,0.0000000000000000,1.0000000000000000
M 1.0000000000000000,0.0000000000000000,0.0000000000000000,0.0000000000000000,0.0000000000000000,1.0000000000000000,-0.0000000437113883,0.0000000754979013,-0.0000000000000000,0.0000000437113883,1.0000000000000000,-0.0000000543924443,0.0000000000000000,0.0000000000000000,0.0000000000000000,1.0000000000000000
M 1.0000000000000000,0.0000000000000000,0.0000000000000000,0.0000000000000000,0.0000000000000000,1.0000000000000000,-0.0000000437113883,0.0000000754979013,-0.0000000000000000,0.0000000437113883,1.0000000000000000,-0.0000000543924443,0.0000000000000000,0.0000000000000000,0.0000000000000000,1.0000000000000000
M 1.0000000000000000,0.0000000000000000,0.0000000000000000,0.0000000000000000,0.0000000000000000,1.0000000000000000,-0.0000000437113883,0.0000000754979013,-0.0000000000000000,0.0000000437113883,1.0000000000000000,-0.0000000543924443,0.0000000000000000,0.0000000000000000,0.0000000000000000,1.0000000000000000
M 1.0000000000000000,0.0000000000000000,0.0000000000000000,0.0000000000000000,0.0000000000000000,1.0000000000000000,-0.0000000437113883,0.0000000754979013,-0.0000000000000000,0.0000000437113883,1.0000000000000000,-0.0000000543924443,0.0000000000000000,0.0000000000000000,0.0000000000000000,1.0000000000000000
M 1.0000000000000000,0.0000000000000000,0.0000000000000000,0.0000000000000000,0.0000000000000000,1.0000000000000000,-0.0000000437113883,0.0000000754979013,-0.0000000000000000,0.0000000437113883,1.0000000000000000,-0.0000000543924443,0.0000000000000000,0.0000000000000000,0.0000000000000000,1.0000000000000000
M 0.9999966621398926,-0.0000000001125288,-0.0025743583682925,-0.0025529011618346,0.0000000000000000,1.0000000000000000,-0.0000000437113883,0.0000000754979013,0.0025743583682925,0.0000000437112426,0.9999966621398926,-0.0166240930557251,0.0000000000000000,0.0000000000000000,0.0000000000000000,1.0000000000000000
M 0.9999487400054932,-0.0000000004424789,-0.0101227378472686,-0.0097918147221208,0.0000000000000000,1.0000000000000000,-0.0000000437113883,0.0000000754979013,0.0101227378472686,0.0000000437091465,0.9999487400054932,-0.0654062405228615,0.0000000000000000,0.0000000000000000,0.0000000000000000,1.0000000000000000
M 0.9997494816780090,-0.0000000009783476,-0.0223819818347692,-0.0207645539194345,0.0000000000000000,1.0000000000000000,-0.0000000437113883,0.0000000754979013,0.0223819818347692,0.0000000437004388,0.9997494816780090,-0.1447542458772659,0.0000000000000000,0.0000000000000000,0.0000000000000000,1.0000000000000000
M 0.9992358684539795,-0.0000000017084782,-0.0390854254364967,-0.0341520756483078,0.0000000000000000,1.0000000000000000,-0.0000000437113883,0.0000000754979013,0.0390854254364967,0.0000000436779857,0.9992358684539795,-0.2531094849109650,0.0000000000000000,0.0000000000000000,0.0000000000000000,1.0000000000000000
M 0.9982007741928101,-0.0000000026209226,-0.0599597208201885,-0.0483435019850731,0.0000000000000000,1.0000000000000000,-0.0000000437113883,0.0000000754979013,0.0599597208201885,0.0000000436327419,0.9982007741928101,-0.3889142572879791,0.0000000000000000,0.0000000000000000,0.0000000000000000,1.0000000000000000
M 0.9964047074317932,-0.0000000037032877,-0.0847213342785835,-0.0615093931555748,0.0000000000000000,1.0000000000000000,-0.0000000437113883,0.0000000754979013,0.0847213342785835,0.0000000435542411,0.9964047074317932,-0.5505774617195129,0.0000000000000000,0.0000000000000000,0.0000000000000000,1.0000000000000000
M 0.9935866594314575,-0.0000000049425855,-0.1130731776356697,-0.0716670453548431,0.0000000000000000,1.0000000000000000,-0.0000000437113883,0.0000000754979013,0.1130731776356697,0.0000000434310508,0.9935866594314575,-0.7364421486854553,0.0000000000000000,0.0000000000000000,0.0000000000000000,1.0000000000000000
M 0.9894753098487854,-0.0000000063251080,-0.1447016000747681,-0.0767513811588287,0.0000000000000000,1.0000000000000000,-0.0000000437113883,0.0000000754979013,0.1447016000747681,0.0000000432513403,0.9894753098487854,-0.9447544813156128,0.0000000000000000,0.0000000000000000,0.0000000000000000,1.0000000000000000
M 0.9837990999221802,-0.0000000078363360,-0.1792744547128677,-0.0746773928403854,0.0000000000000000,1.0000000000000000,-0.0000000437113883,0.0000000754979013,0.1792744547128677,0.0000000430032259,0.9837990999221802,-1.1736416816711426,0.0000000000000000,0.0000000000000000,0.0000000000000000,1.0000000000000000
M 0.9762960076332092,-0.0000000094608765,-0.2164396196603775,-0.0634006783366203,0.0000000000000000,1.0000000000000000,-0.0000000437113883,0.0000000754979013,0.2164396196603775,0.0000000426752536,0.9762960076332092,-1.4210923910140991,0.0000000000000000,0.0000000000000000,0.0000000000000000,1.0000000000000000
M 0.9667230248451233,-0.0000000111824860,-0.2558254301548004,-0.0409807749092579,0.0000000000000000,1.0000000000000000,-0.0000000437113883,0.0000000754979013,0.2558254301548004,0.0000000422568043,0.9667230248451233,-1.6849499940872192,0.0000000000000000,0.0000000000000000,0.0000000000000000,1.0000000000000000
M 0.9548645615577698,-0.0000000129841009,-0.2970415949821472,-0.0056359716691077,0.0000000000000000,1.0000000000000000,-0.0000000437113883,0.0000000754979013,0.2970415949821472,0.0000000417384634,0.9548645615577698,-1.9629102945327759,0.0000000000000000,0.0000000000000000,0.0000000000000000,1.0000000000000000
M 0.9405403137207031,-0.0000000148479744,-0.3396820127964020,0.0442047379910946,0.0000000000000000,1.0000000000000000,-0.0000000437113883,0.0000000754979013,0.3396820127964020,0.0000000411123224,0.9405403137207031,-2.2525317668914795,0.0000000000000000,0.0000000000000000,0.0000000000000000,1.0000000000000000
M 0.9236121177673340,-0.0000000167558127,-0.3833283185958862,0.1098509356379509,0.0000000000000000,1.0000000000000000,-0.0000000437113883,0.0000000754979013,0.3833283185958862,0.0000000403723668,0.9236121177673340,-2.5512514114379883,0.0000000000000000,0.0000000000000000,0.0000000000000000,1.0000000000000000
M 0.9039893150329590,-0.0000000186890254,-0.4275550842285156,0.1923140734434128,0.0000000000000000,1.0000000000000000,-0.0000000437113883,0.0000000754979013,0.4275550842285156,0.0000000395146351,0.9039893150329590,-2.8564133644104004,0.0000000000000000,0.0000000000000000,0.0000000000000000,1.0000000000000000
M 0.8816331028938293,-0.0000000206289528,-0.4719354212284088,0.2922708988189697,0.0000000000000000,1.0000000000000000,-0.0000000437113883,0.0000000754979013,0.4719354212284088,0.0000000385374079,0.8816331028938293,-3.1653001308441162,0.0000000000000000,0.0000000000000000,0.0000000000000000,1.0000000000000000
M 0.8565599322319031,-0.0000000225571544,-0.5160475373268127,0.4100373685359955,0.0000000000000000,1.0000000000000000,-0.0000000437113883,0.0000000754979013,0.5160475373268127,0.0000000374414242,0.8565599322319031,-3.4751722812652588,0.0000000000000000,0.0000000000000000,0.0000000000000000,1.0000000000000000
M 0.8288423418998718,-0.0000000244557476,-0.5594822764396667,0.5455543398857117,0.0000000000000000,1.0000000000000000,-0.0000000437113883,0.0000000754979013,0.5594822764396667,0.0000000362298493,0.8288423418998718,-3.7833154201507568,0.0000000000000000,0.0000000000000000,0.0000000000000000,1.0000000000000000
M 0.7986092567443848,-0.0000000263076956,-0.6018498539924622,0.6983790993690491,0.0000000000000000,1.0000000000000000,-0.0000000437113883,0.0000000754979013,0.6018498539924622,0.0000000349083180,0.7986092567443848,-4.0870842933654785,0.0000000000000000,0.0000000000000000,0.0000000000000000,1.0000000000000000
M 0.7660444378852844,-0.0000000280971371,-0.6427875757217407,0.8676879405975342,0.0000000000000000,1.0000000000000000,-0.0000000437113883,0.0000000754979013,0.6427875757217407,0.0000000334848664,0.7660444378852844,-4.3839530944824219,0.0000000000000000,0.0000000000000000,0.0000000000000000,1.0000000000000000
M 0.7313835024833679,-0.0000000298096943,-0.6819663643836975,1.0522887706756592,0.0000000000000000,1.0000000000000000,-0.0000000437113883,0.0000000754979013,0.6819663643836975,0.0000000319697904,0.7313835024833679,-4.6715621948242188,0.0000000000000000,0.0000000000000000,0.0000000000000000,1.0000000000000000
M 0.6949093937873840,-0.0000000314327444,-0.7190973162651062,1.2506438493728638,0.0000000000000000,1.0000000000000000,-0.0000000437113883,0.0000000754979013,0.7190973162651062,0.0000000303754568,0.6949093937873840,-4.9477629661560059,0.0000000000000000,0.0000000000000000,0.0000000000000000,1.0000000000000000
M 0.6569476723670959,-0.0000000329555974,-0.7539361715316772,1.4608955383300781,0.0000000000000000,1.0000000000000000,-0.0000000437113883,0.0000000754979013,0.7539361715316772,0.0000000287160979,0.6569476723670959,-5.2106528282165527,0.0000000000000000,0.0000000000000000,0.0000000000000000,1.0000000000000000
M 0.6178596019744873,-0.0000000343697586,-0.7862884402275085,1.6809054613113403,0.0000000000000000,1.0000000000000000,-0.0000000437113883,0.0000000754979013,0.7862884402275085,0.0000000270075002,0.6178596019744873,-5.4586153030395508,0.0000000000000000,0.0000000000000000,0.0000000000000000,1.0000000000000000
M 0.5780356526374817,-0.0000000356689966,-0.8160114884376526,1.9082956314086914,0.0000000000000000,1.0000000000000000,-0.0000000437113883,0.0000000754979013,0.8160114884376526,0.0000000252667451,0.5780356526374817,-5.6903390884399414,0.0000000000000000,0.0000000000000000,0.0000000000000000,1.0000000000000000
M 0.5378884077072144,-0.0000000368494000,-0.8430160284042358,2.1404919624328613,0.0000000000000000,1.0000000000000000,-0.0000000437113883,0.0000000754979013,0.8430160284042358,0.0000000235118485,0.5378884077072144,-5.9048342704772949,0.0000000000000000,0.0000000000000000,0.0000000000000000,1.0000000000000000
M 0.4978445768356323,-0.0000000379094125,-0.8672662973403931,2.3747746944427490,0.0000000000000000,1.0000000000000000,-0.0000000437113883,0.0000000754979013,0.8672662973403931,0.0000000217614815,0.4978445768356323,-6.1014437675476074,0.0000000000000000,0.0000000000000000,0.0000000000000000,1.0000000000000000
M 0.4583394229412079,-0.0000000388496950,-0.8887772560119629,2.6083188056945801,0.0000000000000000,1.0000000000000000,-0.0000000437113883,0.0000000754979013,0.8887772560119629,0.0000000200346566,0.4583394229412079,-6.2798290252685547,0.0000000000000000,0.0000000000000000,0.0000000000000000,1.0000000000000000
M 0.4198085963726044,-0.0000000396730115,-0.9076126813888550,2.8382480144500732,0.0000000000000000,1.0000000000000000,-0.0000000437113883,0.0000000754979013,0.9076126813888550,0.0000000183504199,0.4198085963726044,-6.4399662017822266,0.0000000000000000,0.0000000000000000,0.0000000000000000,1.0000000000000000
M 0.3826835453510284,-0.0000000403840552,-0.9238795042037964,3.0616698265075684,0.0000000000000000,1.0000000000000000,-0.0000000437113883,0.0000000754979013,0.9238795042037964,0.0000000167276308,0.3826835453510284,-6.5821137428283691,0.0000000000000000,0.0000000000000000,0.0000000000000000,1.0000000000000000
M 0.3473858833312988,-0.0000000409891427,-0.9377222657203674,3.2757174968719482,0.0000000000000000,1.0000000000000000,-0.0000000437113883,0.0000000754979013,0.9377222657203674,0.0000000151847193,0.3473858833312988,-6.7067837715148926,0.0000000000000000,0.0000000000000000,0.0000000000000000,1.0000000000000000
M 0.3143238425254822,-0.0000000414959125,-0.9493158459663391,3.4775807857513428,0.0000000000000000,1.0000000000000000,-0.0000000437113883,0.0000000754979013,0.9493158459663391,0.0000000137395313,0.3143238425254822,-6.8146972656250000,0.0000000000000000,0.0000000000000000,0.0000000000000000,1.0000000000000000
M 0.2838898301124573,-0.0000000419129655,-0.9588568806648254,3.6645293235778809,0.0000000000000000,1.0000000000000000,-0.0000000437113883,0.0000000754979013,0.9588568806648254,0.0000000124092185,0.2838898301124573,-6.9067301750183105,0.0000000000000000,0.0000000000000000,0.0000000000000000,1.0000000000000000
M 0.2564581334590912,-0.0000000422494821,-0.9665553569793701,3.8339366912841797,0.0000000000000000,1.0000000000000000,-0.0000000437113883,0.0000000754979013,0.9665553569793701,0.0000000112101430,0.2564581334590912,-6.9838652610778809,0.0000000000000000,0.0000000000000000,0.0000000000000000,1.0000000000000000
M 0.2323844134807587,-0.0000000425147526,-0.9726240038871765,3.9832940101623535,0.0000000000000000,1.0000000000000000,-0.0000000437113883,0.0000000754979013,0.9726240038871765,0.0000000101578452,0.2323844134807587,-7.0471196174621582,0.0000000000000000,0.0000000000000000,0.0000000000000000,1.0000000000000000
M 0.2120069414377213,-0.0000000427177476,-0.9772681593894958,4.1102118492126465,0.0000000000000000,1.0000000000000000,-0.0000000437113883,0.0000000754979013,0.9772681593894958,0.0000000092671195,0.2120069414377213,-7.0974812507629395,0.0000000000000000,0.0000000000000000,0.0000000000000000,1.0000000000000000
M 0.1956465095281601,-0.0000000428666453,-0.9806745052337646,4.2124328613281250,0.0000000000000000,1.0000000000000000,-0.0000000437113883,0.0000000754979013,0.9806745052337646,0.0000000085519813,0.1956465095281601,-7.1358337402343750,0.0000000000000000,0.0000000000000000,0.0000000000000000,1.0000000000000000
M 0.1836083680391312,-0.0000000429682707,-0.9829994440078735,4.2878289222717285,0.0000000000000000,1.0000000000000000,-0.0000000437113883,0.0000000754979013,0.9829994440078735,0.0000000080257765,0.1836083680391312,-7.1628823280334473,0.0000000000000000,0.0000000000000000,0.0000000000000000,1.0000000000000000
M 0.1761827319860458,-0.0000000430276330,-0.9843574762344360,4.3344125747680664,0.0000000000000000,1.0000000000000000,-0.0000000437113883,0.0000000754979013,0.9843574762344360,0.0000000077011917,0.1761827319860458,-7.1790752410888672,0.0000000000000000,0.0000000000000000,0.0000000000000000,1.0000000000000000
M 0.1736482232809067,-0.0000000430473115,-0.9848077297210693,4.3503260612487793,0.0000000000000000,1.0000000000000000,-0.0000000437113883,0.0000000754979013,0.9848077297210693,0.0000000075904056,0.1736482232809067,-7.1845173835754395,0.0000000000000000,0.0000000000000000,0.0000000000000000,1.0000000000000000
M 0.1736482232809067,-0.0000000430473115,-0.9848077297210693,4.3503260612487793,0.0000000000000000,1.0000000000000000,-0.0000000437113883,0.0000000754979013,0.9848077297210693,0.0000000075904056,0.1736482232809067,-7.1845173835754395,0.0000000000000000,0.0000000000000000,0.0000000000000000,1.0000000000000000
M 0.1736482232809067,-0.0000000430473115,-0.9848077297210693,4.3503260612487793,0.0000000000000000,1.0000000000000000,-0.0000000437113883,0.0000000754979013,0.9848077297210693,0.0000000075904056,0.1736482232809067,-7.1845173835754395,0.0000000000000000,0.0000000000000000,0.0000000000000000,1.0000000000000000
M 0.1736482232809067,-0.0000000430473115,-0.9848077297210693,4.3503260612487793,0.0000000000000000,1.0000000000000000,-0.0000000437113883,0.0000000754979013,0.9848077297210693,0.0000000075904056,0.1736482232809067,-7.1845173835754395,0.0000000000000000,0.0000000000000000,0.0000000000000000,1.0000000000000000
M 0.1736482232809067,-0.0000000430473115,-0.9848077297210693,4.3503260612487793,0.0000000000000000,1.0000000000000000,-0.0000000437113883,0.0000000754979013,0.9848077297210693,0.0000000075904056,0.1736482232809067,-7.1845173835754395,0.0000000000000000,0.0000000000000000,0.0000000000000000,1.0000000000000000
M 0.1736482232809067,-0.0000000430473115,-0.9848077297210693,4.3503260612487793,0.0000000000000000,1.0000000000000000,-0.0000000437113883,0.0000000754979013,0.9848077297210693,0.0000000075904056,0.1736482232809067,-7.1845173835754395,0.0000000000000000,0.0000000000000000,0.0000000000000000,1.0000000000000000
M 0.1736482232809067,-0.0000000430473115,-0.9848077297210693,4.3503260612487793,0.0000000000000000,1.0000000000000000,-0.0000000437113883,0.0000000754979013,0.9848077297210693,0.0000000075904056,0.1736482232809067,-7.1845173835754395,0.0000000000000000,0.0000000000000000,0.0000000000000000,1.0000000000000000
M 0.1736482232809067,-0.0000000430473115,-0.9848077297210693,4.3503260612487793,0.0000000000000000,1.0000000000000000,-0.0000000437113883,0.0000000754979013,0.9848077297210693,0.0000000075904056,0.1736482232809067,-7.1845173835754395,0.0000000000000000,0.0000000000000000,0.0000000000000000,1.0000000000000000
M 0.1736482232809067,-0.0000000430473115,-0.9848077297210693,4.3503260612487793,0.0000000000000000,1.0000000000000000,-0.0000000437113883,0.0000000754979013,0.9848077297210693,0.0000000075904056,0.1736482232809067,-7.1845173835754395,0.0000000000000000,0.0000000000000000,0.0000000000000000,1.0000000000000000
M 0.1736482232809067,-0.0000000430473115,-0.9848077297210693,4.3503260612487793,0.0000000000000000,1.0000000000000000,-0.0000000437113883,0.0000000754979013,0.9848077297210693,0.0000000075904056,0.1736482232809067,-7.1845173835754395,0.0000000000000000,0.0000000000000000,0.0000000000000000,1.0000000000000000
M 0.1736482232809067,-0.0000000430473115,-0.9848077297210693,4.3503260612487793,0.0000000000000000,1.0000000000000000,-0.0000000437113883,0.0000000754979013,0.9848077297210693,0.0000000075904056,0.1736482232809067,-7.1845173835754395,0.0000000000000000,0.0000000000000000,0.0000000000000000,1.0000000000000000
M 0.1736482232809067,-0.0000000430473115,-0.9848077297210693,4.3503260612487793,0.0000000000000000,1.0000000000000000,-0.0000000437113883,0.0000000754979013,0.9848077297210693,0.0000000075904056,0.1736482232809067,-7.1845173835754395,0.0000000000000000,0.0000000000000000,0.0000000000000000,1.0000000000000000
M 0.1736482232809067,-0.0000000430473115,-0.9848077297210693,4.3503260612487793,0.0000000000000000,1.0000000000000000,-0.0000000437113883,0.0000000754979013,0.9848077297210693,0.0000000075904056,0.1736482232809067,-7.1845173835754395,0.0000000000000000,0.0000000000000000,0.0000000000000000,1.0000000000000000
M 0.1736482232809067,-0.0000000430473115,-0.9848077297210693,4.3503260612487793,0.0000000000000000,1.0000000000000000,-0.0000000437113883,0.0000000754979013,0.9848077297210693,0.0000000075904056,0.1736482232809067,-7.1845173835754395,0.0000000000000000,0.0000000000000000,0.0000000000000000,1.0000000000000000
M 0.1736482232809067,-0.0000000430473115,-0.9848077297210693,4.3503260612487793,0.0000000000000000,1.0000000000000000,-0.0000000437113883,0.0000000754979013,0.9848077297210693,0.0000000075904056,0.1736482232809067,-7.1845173835754395,0.0000000000000000,0.0000000000000000,0.0000000000000000,1.0000000000000000
M 0.1736482232809067,-0.0000000430473115,-0.9848077297210693,4.3503260612487793,0.0000000000000000,1.0000000000000000,-0.0000000437113883,0.0000000754979013,0.9848077297210693,0.0000000075904056,0.1736482232809067,-7.1845173835754395,0.0000000000000000,0.0000000000000000,0.0000000000000000,1.0000000000000000
M 0.1736482232809067,-0.0000000430473115,-0.9848077297210693,4.3503260612487793,0.0000000000000000,1.0000000000000000,-0.0000000437113883,0.0000000754979013,0.9848077297210693,0.0000000075904056,0.1736482232809067,-7.1845173835754395,0.0000000000000000,0.0000000000000000,0.0000000000000000,1.0000000000000000
M 0.1736482232809067,-0.0000000430473115,-0.9848077297210693,4.3503260612487793,0.0000000000000000,1.0000000000000000,-0.0000000437113883,0.0000000754979013,0.9848077297210693,0.0000000075904056,0.1736482232809067,-7.1845173835754395,0.0000000000000000,0.0000000000000000,0.0000000000000000,1.0000000000000000
M 0.1736482232809067,-0.0000000430473115,-0.9848077297210693,4.3503260612487793,0.0000000000000000,1.0000000000000000,-0.0000000437113883,0.0000000754979013,0.9848077297210693,0.0000000075904056,0.1736482232809067,-7.1845173835754395,0.0000000000000000,0.0000000000000000,0.0000000000000000,1.0000000000000000
M 0.1736482232809067,-0.0000000430473115,-0.9848077297210693,4.3503260612487793,0.0000000000000000,1.0000000000000000,-0.0000000437113883,0.0000000754979013,0.9848077297210693,0.0000000075904056,0.1736482232809067,-7.1845173835754395,0.0000000000000000,0.0000000000000000,0.0000000000000000,1.0000000000000000
M 0.1736482232809067,-0.0000000430473115,-0.9848077297210693,4.3503260612487793,0.0000000000000000,1.0000000000000000,-0.0000000437113883,0.0000000754979013,0.9848077297210693,0.0000000075904056,0.1736482232809067,-7.1845173835754395,0.0000000000000000,0.0000000000000000,0.0000000000000000,1.0000000000000000
O DOOR_1_INTERIOR_LCG_IL_LABEL_Door
A DOOR_1_INTERIOR_LCG_IL_LABEL_Door_DOOR_1_INTERIOR_LCG_IL_LABEL_Door
M 1.0000000000000000,0.0000000000000000,0.0000000000000000,0.0000000000000000,0.0000000000000000,1.0000000000000000,-0.0000000437113883,0.0000000754979013,-0.0000000000000000,0.0000000437113883,1.0000000000000000,-0.0000000543924443,0.0000000000000000,0.0000000000000000,0.0000000000000000,1.0000000000000000
M 1.0000000000000000,0.0000000000000000,0.0000000000000000,0.0000000000000000,0.0000000000000000,1.0000000000000000,-0.0000000437113883,0.0000000754979013,-0.0000000000000000,0.0000000437113883,1.0000000000000000,-0.0000000543924443,0.0000000000000000,0.0000000000000000,0.0000000000000000,1.0000000000000000
M 1.0000000000000000,0.0000000000000000,0.0000000000000000,0.0000000000000000,0.0000000000000000,1.0000000000000000,-0.0000000437113883,0.0000000754979013,-0.0000000000000000,0.0000000437113883,1.0000000000000000,-0.0000000543924443,0.0000000000000000,0.0000000000000000,0.0000000000000000,1.0000000000000000
M 1.0000000000000000,0.0000000000000000,0.0000000000000000,0.0000000000000000,0.0000000000000000,1.0000000000000000,-0.0000000437113883,0.0000000754979013,-0.0000000000000000,0.0000000437113883,1.0000000000000000,-0.0000000543924443,0.0000000000000000,0.0000000000000000,0.0000000000000000,1.0000000000000000
M 1.0000000000000000,0.0000000000000000,0.0000000000000000,0.0000000000000000,0.0000000000000000,1.0000000000000000,-0.0000000437113883,0.0000000754979013,-0.0000000000000000,0.0000000437113883,1.0000000000000000,-0.0000000543924443,0.0000000000000000,0.0000000000000000,0.0000000000000000,1.0000000000000000
M 1.0000000000000000,0.0000000000000000,0.0000000000000000,0.0000000000000000,0.0000000000000000,1.0000000000000000,-0.0000000437113883,0.0000000754979013,-0.0000000000000000,0.0000000437113883,1.0000000000000000,-0.0000000543924443,0.0000000000000000,0.0000000000000000,0.0000000000000000,1.0000000000000000
M 1.0000000000000000,0.0000000000000000,0.0000000000000000,0.0000000000000000,0.0000000000000000,1.0000000000000000,-0.0000000437113883,0.0000000754979013,-0.0000000000000000,0.0000000437113883,1.0000000000000000,-0.0000000543924443,0.0000000000000000,0.0000000000000000,0.0000000000000000,1.0000000000000000
M 1.0000000000000000,0.0000000000000000,0.0000000000000000,0.0000000000000000,0.0000000000000000,1.0000000000000000,-0.0000000437113883,0.0000000754979013,-0.0000000000000000,0.0000000437113883,1.0000000000000000,-0.0000000543924443,0.0000000000000000,0.0000000000000000,0.0000000000000000,1.0000000000000000
M 1.0000000000000000,0.0000000000000000,0.0000000000000000,0.0000000000000000,0.0000000000000000,1.0000000000000000,-0.0000000437113883,0.0000000754979013,-0.0000000000000000,0.0000000437113883,1.0000000000000000,-0.0000000543924443,0.0000000000000000,0.0000000000000000,0.0000000000000000,1.0000000000000000
M 1.0000000000000000,0.0000000000000000,0.0000000000000000,0.0000000000000000,0.0000000000000000,1.0000000000000000,-0.0000000437113883,0.0000000754979013,-0.0000000000000000,0.0000000437113883,1.0000000000000000,-0.0000000543924443,0.0000000000000000,0.0000000000000000,0.0000000000000000,1.0000000000000000
M 1.0000000000000000,0.0000000000000000,0.0000000000000000,0.0000000000000000,0.0000000000000000,1.0000000000000000,-0.0000000437113883,0.0000000754979013,-0.0000000000000000,0.0000000437113883,1.0000000000000000,-0.0000000543924443,0.0000000000000000,0.0000000000000000,0.0000000000000000,1.0000000000000000
M 1.0000000000000000,0.0000000000000000,0.0000000000000000,0.0000000000000000,0.0000000000000000,1.0000000000000000,-0.0000000437113883,0.0000000754979013,-0.0000000000000000,0.0000000437113883,1.0000000000000000,-0.0000000543924443,0.0000000000000000,0.0000000000000000,0.0000000000000000,1.0000000000000000
M 1.0000000000000000,0.0000000000000000,0.0000000000000000,0.0000000000000000,0.0000000000000000,1.0000000000000000,-0.0000000437113883,0.0000000754979013,-0.0000000000000000,0.0000000437113883,1.0000000000000000,-0.0000000543924443,0.0000000000000000,0.0000000000000000,0.0000000000000000,1.0000000000000000
M 1.0000000000000000,0.0000000000000000,0.0000000000000000,0.0000000000000000,0.0000000000000000,1.0000000000000000,-0.0000000437113883,0.0000000754979013,-0.0000000000000000,0.0000000437113883,1.0000000000000000,-0.0000000543924443,0.0000000000000000,0.0000000000000000,0.0000000000000000,1.0000000000000000
M 1.0000000000000000,0.0000000000000000,0.0000000000000000,0.0000000000000000,0.0000000000000000,1.0000000000000000,-0.0000000437113883,0.0000000754979013,-0.0000000000000000,0.0000000437113883,1.0000000000000000,-0.0000000543924443,0.0000000000000000,0.0000000000000000,0.0000000000000000,1.0000000000000000
M 1.0000000000000000,0.0000000000000000,0.0000000000000000,0.0000000000000000,0.0000000000000000,1.0000000000000000,-0.0000000437113883,0.0000000754979013,-0.0000000000000000,0.0000000437113883,1.0000000000000000,-0.0000000543924443,0.0000000000000000,0.0000000000000000,0.0000000000000000,1.0000000000000000
M 1.0000000000000000,0.0000000000000000,0.0000000000000000,0.0000000000000000,0.0000000000000000,1.0000000000000000,-0.0000000437113883,0.0000000754979013,-0.0000000000000000,0.0000000437113883,1.0000000000000000,-0.0000000543924443,0.0000000000000000,0.0000000000000000,0.0000000000000000,1.0000000000000000
M 1.0000000000000000,0.0000000000000000,0.0000000000000000,0.0000000000000000,0.0000000000000000,1.0000000000000000,-0.0000000437113883,0.0000000754979013,-0.0000000000000000,0.0000000437113883,1.0000000000000000,-0.0000000543924443,0.0000000000000000,0.0000000000000000,0.0000000000000000,1.0000000000000000
M 1.0000000000000000,0.0000000000000000,0.0000000000000000,0.0000000000000000,0.0000000000000000,1.0000000000000000,-0.0000000437113883,0.0000000754979013,-0.0000000000000000,0.0000000437113883,1.0000000000000000,-0.0000000543924443,0.0000000000000000,0.0000000000000000,0.0000000000000000,1.0000000000000000
M 1.0000000000000000,0.0000000000000000,0.0000000000000000,0.0000000000000000,0.0000000000000000,1.0000000000000000,-0.0000000437113883,0.0000000754979013,-0.0000000000000000,0.0000000437113883,1.0000000000000000,-0.0000000543924443,0.0000000000000000,0.0000000000000000,0.0000000000000000,1.0000000000000000
M 1.0000000000000000,0.0000000000000000,0.0000000000000000,0.0000000000000000,0.0000000000000000,1.0000000000000000,-0.0000000437113883,0.0000000754979013,-0.0000000000000000,0.0000000437113883,1.0000000000000000,-0.0000000543924443,0.0000000000000000,0.0000000000000000,0.0000000000000000,1.0000000000000000
M 0.9999966621398926,-0.0000000001125288,-0.0025743583682925,-0.0025529011618346,0.0000000000000000,1.0000000000000000,-0.0000000437113883,0.0000000754979013,0.0025743583682925,0.0000000437112426,0.9999966621398926,-0.0166240930557251,0.0000000000000000,0.0000000000000000,0.0000000000000000,1.0000000000000000
M 0.9999487400054932,-0.0000000004424789,-0.0101227378472686,-0.0097918147221208,0.0000000000000000,1.0000000000000000,-0.0000000437113883,0.0000000754979013,0.0101227378472686,0.0000000437091465,0.9999487400054932,-0.0654062405228615,0.0000000000000000,0.0000000000000000,0.0000000000000000,1.0000000000000000
M 0.9997494816780090,-0.0000000009783476,-0.0223819818347692,-0.0207645539194345,0.0000000000000000,1.0000000000000000,-0.0000000437113883,0.0000000754979013,0.0223819818347692,0.0000000437004388,0.9997494816780090,-0.1447543650865555,0.0000000000000000,0.0000000000000000,0.0000000000000000,1.0000000000000000
M 0.9992358684539795,-0.0000000017084782,-0.0390854254364967,-0.0341520756483078,0.0000000000000000,1.0000000000000000,-0.0000000437113883,0.0000000754979013,0.0390854254364967,0.0000000436779857,0.9992358684539795,-0.2531094849109650,0.0000000000000000,0.0000000000000000,0.0000000000000000,1.0000000000000000
M 0.9982007741928101,-0.0000000026209226,-0.0599597208201885,-0.0483435019850731,0.0000000000000000,1.0000000000000000,-0.0000000437113883,0.0000000754979013,0.0599597208201885,0.0000000436327419,0.9982007741928101,-0.3889142572879791,0.0000000000000000,0.0000000000000000,0.0000000000000000,1.0000000000000000
M 0.9964047074317932,-0.0000000037032877,-0.0847213342785835,-0.0615093931555748,0.0000000000000000,1.0000000000000000,-0.0000000437113883,0.0000000754979013,0.0847213342785835,0.0000000435542411,0.9964047074317932,-0.5505774617195129,0.0000000000000000,0.0000000000000000,0.0000000000000000,1.0000000000000000
M 0.9935866594314575,-0.0000000049425855,-0.1130731776356697,-0.0716670453548431,0.0000000000000000,1.0000000000000000,-0.0000000437113883,0.0000000754979013,0.1130731776356697,0.0000000434310508,0.9935866594314575,-0.7364421486854553,0.0000000000000000,0.0000000000000000,0.0000000000000000,1.0000000000000000
M 0.9894753098487854,-0.0000000063251080,-0.1447016000747681,-0.0767513811588287,0.0000000000000000,1.0000000000000000,-0.0000000437113883,0.0000000754979013,0.1447016000747681,0.0000000432513403,0.9894753098487854,-0.9447544813156128,0.0000000000000000,0.0000000000000000,0.0000000000000000,1.0000000000000000
M 0.9837990999221802,-0.0000000078363360,-0.1792744547128677,-0.0746773928403854,0.0000000000000000,1.0000000000000000,-0.0000000437113883,0.0000000754979013,0.1792744547128677,0.0000000430032259,0.9837990999221802,-1.1736416816711426,0.0000000000000000,0.0000000000000000,0.0000000000000000,1.0000000000000000
M 0.9762960076332092,-0.0000000094608765,-0.2164396196603775,-0.0634006783366203,0.0000000000000000,1.0000000000000000,-0.0000000437113883,0.0000000754979013,0.2164396196603775,0.0000000426752536,0.9762960076332092,-1.4210923910140991,0.0000000000000000,0.0000000000000000,0.0000000000000000,1.0000000000000000
M 0.9667230248451233,-0.0000000111824860,-0.2558254301548004,-0.0409807749092579,0.0000000000000000,1.0000000000000000,-0.0000000437113883,0.0000000754979013,0.2558254301548004,0.0000000422568043,0.9667230248451233,-1.6849502325057983,0.0000000000000000,0.0000000000000000,0.0000000000000000,1.0000000000000000
M 0.9548645615577698,-0.0000000129841009,-0.2970415949821472,-0.0056354948319495,0.0000000000000000,1.0000000000000000,-0.0000000437113883,0.0000000754979013,0.2970415949821472,0.0000000417384634,0.9548645615577698,-1.9629105329513550,0.0000000000000000,0.0000000000000000,0.0000000000000000,1.0000000000000000
M 0.9405403137207031,-0.0000000148479744,-0.3396820127964020,0.0442047379910946,0.0000000000000000,1.0000000000000000,-0.0000000437113883,0.0000000754979013,0.3396820127964020,0.0000000411123224,0.9405403137207031,-2.2525317668914795,0.0000000000000000,0.0000000000000000,0.0000000000000000,1.0000000000000000
M 0.9236121177673340,-0.0000000167558127,-0.3833283185958862,0.1098509356379509,0.0000000000000000,1.0000000000000000,-0.0000000437113883,0.0000000754979013,0.3833283185958862,0.0000000403723668,0.9236121177673340,-2.5512514114379883,0.0000000000000000,0.0000000000000000,0.0000000000000000,1.0000000000000000
M 0.9039893150329590,-0.0000000186890254,-0.4275550842285156,0.1923140734434128,0.0000000000000000,1.0000000000000000,-0.0000000437113883,0.0000000754979013,0.4275550842285156,0.0000000395146351,0.9039893150329590,-2.8564133644104004,0.0000000000000000,0.0000000000000000,0.0000000000000000,1.0000000000000000
M 0.8816331028938293,-0.0000000206289528,-0.4719354212284088,0.2922713756561279,0.0000000000000000,1.0000000000000000,-0.0000000437113883,0.0000000754979013,0.4719354212284088,0.0000000385374079,0.8816331028938293,-3.1653001308441162,0.0000000000000000,0.0000000000000000,0.0000000000000000,1.0000000000000000
M 0.8565599322319031,-0.0000000225571544,-0.5160475373268127,0.4100373685359955,0.0000000000000000,1.0000000000000000,-0.0000000437113883,0.0000000754979013,0.5160475373268127,0.0000000374414242,0.8565599322319031,-3.4751720428466797,0.0000000000000000,0.0000000000000000,0.0000000000000000,1.0000000000000000
M 0.8288423418998718,-0.0000000244557476,-0.5594822764396667,0.5455548167228699,0.0000000000000000,1.0000000000000000,-0.0000000437113883,0.0000000754979013,0.5594822764396667,0.0000000362298493,0.8288423418998718,-3.7833151817321777,0.0000000000000000,0.0000000000000000,0.0000000000000000,1.0000000000000000
M 0.7986092567443848,-0.0000000263076956,-0.6018498539924622,0.6983790993690491,0.0000000000000000,1.0000000000000000,-0.0000000437113883,0.0000000754979013,0.6018498539924622,0.0000000349083180,0.7986092567443848,-4.0870838165283203,0.0000000000000000,0.0000000000000000,0.0000000000000000,1.0000000000000000
M 0.7660444378852844,-0.0000000280971371,-0.6427875757217407,0.8676884174346924,0.0000000000000000,1.0000000000000000,-0.0000000437113883,0.0000000754979013,0.6427875757217407,0.0000000334848664,0.7660444378852844,-4.3839530944824219,0.0000000000000000,0.0000000000000000,0.0000000000000000,1.0000000000000000
M 0.7313835024833679,-0.0000000298096943,-0.6819663643836975,1.0522887706756592,0.0000000000000000,1.0000000000000000,-0.0000000437113883,0.0000000754979013,0.6819663643836975,0.0000000319697904,0.7313835024833679,-4.6715621948242188,0.0000000000000000,0.0000000000000000,0.0000000000000000,1.0000000000000000
M 0.6949093937873840,-0.0000000314327444,-0.7190973162651062,1.2506443262100220,0.0000000000000000,1.0000000000000000,-0.0000000437113883,0.0000000754979013,0.7190973162651062,0.0000000303754568,0.6949093937873840,-4.9477629661560059,0.0000000000000000,0.0000000000000000,0.0000000000000000,1.0000000000000000
M 0.6569476723670959,-0.0000000329555974,-0.7539361715316772,1.4608955383300781,0.0000000000000000,1.0000000000000000,-0.0000000437113883,0.0000000754979013,0.7539361715316772,0.0000000287160979,0.6569476723670959,-5.2106533050537109,0.0000000000000000,0.0000000000000000,0.0000000000000000,1.0000000000000000
M 0.6178596019744873,-0.0000000343697586,-0.7862884402275085,1.6809054613113403,0.0000000000000000,1.0000000000000000,-0.0000000437113883,0.0000000754979013,0.7862884402275085,0.0000000270075002,0.6178596019744873,-5.4586153030395508,0.0000000000000000,0.0000000000000000,0.0000000000000000,1.0000000000000000
M 0.5780356526374817,-0.0000000356689966,-0.8160114884376526,1.9082956314086914,0.0000000000000000,1.0000000000000000,-0.0000000437113883,0.0000000754979013,0.8160114884376526,0.0000000252667451,0.5780356526374817,-5.6903390884399414,0.0000000000000000,0.0000000000000000,0.0000000000000000,1.0000000000000000
M 0.5378884077072144,-0.0000000368494000,-0.8430160284042358,2.1404919624328613,0.0000000000000000,1.0000000000000000,-0.0000000437113883,0.0000000754979013,0.8430160284042358,0.0000000235118485,0.5378884077072144,-5.9048342704772949,0.0000000000000000,0.0000000000000000,0.0000000000000000,1.0000000000000000
