O CABFUN_base_INTERIOR_1_LCG_IL
A CABFUN_base_INTERIOR_1_LCG_IL_CABFUN_base_INTERIOR_1_LCG_IL
M 1.0000000000000000,0.0000000000000000,0.0000000000000000,0.0000000000000000,0.0000000000000000,1.0000000000000000,-0.0000000437113883,0.0000000344424720,-0.0000000000000000,0.0000000437113883,1.0000000000000000,0.0000000234809363,0.0000000000000000,0.0000000000000000,0.0000000000000000,1.0000000000000000
M 0.9985891580581665,0.0341326706111431,0.0406776852905750,-0.0936872810125351,-0.0341326743364334,0.9994171261787415,-0.0006947648944333,0.1873273551464081,-0.0406776852905750,-0.0006946532521397,0.9991721510887146,0.2232479155063629,0.0000000000000000,0.0000000000000000,0.0000000000000000,1.0000000000000000
M 0.9943017959594727,0.0685225054621696,0.0816618502140045,-0.1724970042705536,-0.0685225129127502,0.9976456761360168,-0.0028058728203177,0.3795825839042664,-0.0816618502140045,-0.0028057903982699,0.9966561794281006,0.4523684680461884,0.0000000000000000,0.0000000000000000,0.0000000000000000,1.0000000000000000
M 0.9870727062225342,0.1030216068029404,0.1227762103080750,-0.2356356829404831,-0.1030215993523598,0.9946586489677429,-0.0063653467223048,0.5760417580604553,-0.1227762028574944,-0.0063655436970294,0.9924138784408569,0.6864987015724182,0.0000000000000000,0.0000000000000000,0.0000000000000000,1.0000000000000000
M 0.9768612384796143,0.1374756395816803,0.1638369113206863,-0.2824237942695618,-0.1374756544828415,0.9904394149780273,-0.0113933216780424,0.7759148478507996,-0.1638368815183640,-0.0113939000293612,0.9864214658737183,0.9246981739997864,0.0000000000000000,0.0000000000000000,0.0000000000000000,1.0000000000000000
M 0.9636526703834534,0.1717261075973511,0.2046549469232559,-0.3123105764389038,-0.1717261075973511,0.9849823713302612,-0.0178977511823177,0.9783560633659363,-0.2046549469232559,-0.0178973693400621,0.9786707162857056,1.1659585237503052,0.0000000000000000,0.0000000000000000,0.0000000000000000,1.0000000000000000
M 0.9474595189094543,0.2056123167276382,0.2450388967990875,-0.3248869180679321,-0.2056123167276382,0.9782915115356445,-0.0258711483329535,1.1824816465377808,-0.2450388967990875,-0.0258711464703083,0.9691680073738098,1.4092248678207397,0.0000000000000000,0.0000000000000000,0.0000000000000000,1.0000000000000000
M 0.9283218979835510,0.2389740645885468,0.2847978472709656,-0.3198955953121185,-0.2389740645885468,0.9703843593597412,-0.0352945998311043,1.3873666524887085,-0.2847978174686432,-0.0352945365011692,0.9579376578330994,1.6533972024917603,0.0000000000000000,0.0000000000000000,0.0000000000000000,1.0000000000000000
M 0.9063077569007874,0.2716539502143860,0.3237442076206207,-0.2972383797168732,-0.2716539800167084,0.9612885117530823,-0.0461343340575695,1.5920742750167847,-0.3237442076206207,-0.0461345128715038,0.9450191259384155,1.8973580598831177,0.0000000000000000,0.0000000000000000,0.0000000000000000,1.0000000000000000
M 0.8815117478370667,0.3035002052783966,0.3616970181465149,-0.2569787502288818,-0.3035002350807190,0.9510436058044434,-0.0583442822098732,1.7956606149673462,-0.3616970181465149,-0.0583439022302628,0.9304684996604919,2.1399827003479004,0.0000000000000000,0.0000000000000000,0.0000000000000000,1.0000000000000000
M 0.8540542125701904,0.3343680799007416,0.3984838724136353,-0.1993422508239746,-0.3343680799007416,0.9396986365318298,-0.0718642473220825,1.9971945285797119,-0.3984838426113129,-0.0718643218278885,0.9143555760383606,2.3801608085632324,0.0000000000000000,0.0000000000000000,0.0000000000000000,1.0000000000000000
M 0.8240789771080017,0.3641233146190643,0.4339447319507599,-0.1247113049030304,-0.3641233444213867,0.9273135662078857,-0.0866241976618767,2.1957666873931885,-0.4339447319507599,-0.0866242200136185,0.8967654109001160,2.6168096065521240,0.0000000000000000,0.0000000000000000,0.0000000000000000,1.0000000000000000
M 0.7917512059211731,0.3926430940628052,0.4679331481456757,-0.0336199700832367,-0.3926430344581604,0.9139565825462341,-0.1025426983833313,2.3905062675476074,-0.4679331779479980,-0.1025423482060432,0.8777948617935181,2.8488912582397461,0.0000000000000000,0.0000000000000000,0.0000000000000000,1.0000000000000000
M 0.7572543621063232,0.4198178052902222,0.5003187656402588,0.0732601881027222,-0.4198177754878998,0.8997030854225159,-0.1195288002490997,2.5805962085723877,-0.5003187060356140,-0.1195290386676788,0.8575510382652283,3.0754306316375732,0.0000000000000000,0.0000000000000000,0.0000000000000000,1.0000000000000000
M 0.7207866311073303,0.4455531239509583,0.5309888720512390,0.1951311230659485,-0.4455530941486359,0.8846357464790344,-0.1374858915805817,2.7652745246887207,-0.5309888124465942,-0.1374856680631638,0.8361511826515198,3.2955222129821777,0.0000000000000000,0.0000000000000000,0.0000000000000000,1.0000000000000000
M 0.6825584173202515,0.4697695076465607,0.5598488450050354,0.3310852050781250,-0.4697695076465607,0.8688406348228455,-0.1563095152378082,2.9438557624816895,-0.5598487854003906,-0.1563095152378082,0.8137178421020508,3.5083467960357666,0.0000000000000000,0.0000000000000000,0.0000000000000000,1.0000000000000000
M 0.6427875161170959,0.4924042820930481,0.5868238806724548,0.4801244735717773,-0.4924042820930481,0.8524081707000732,-0.1758928000926971,3.1157298088073730,-0.5868238210678101,-0.1758928894996643,0.7903792858123779,3.7131772041320801,0.0000000000000000,0.0000000000000000,0.0000000000000000,1.0000000000000000
M 0.6427875161170959,0.4924042820930481,0.5868238806724548,0.4801244735717773,-0.4924042820930481,0.8524081707000732,-0.1758928000926971,3.1157298088073730,-0.5868238210678101,-0.1758928894996643,0.7903792858123779,3.7131772041320801,0.0000000000000000,0.0000000000000000,0.0000000000000000,1.0000000000000000
M 0.6427875161170959,0.4924042820930481,0.5868238806724548,0.4801244735717773,-0.4924042820930481,0.8524081707000732,-0.1758928000926971,3.1157298088073730,-0.5868238210678101,-0.1758928894996643,0.7903792858123779,3.7131772041320801,0.0000000000000000,0.0000000000000000,0.0000000000000000,1.0000000000000000
M 0.6427875161170959,0.4924042820930481,0.5868238806724548,0.4801244735717773,-0.4924042820930481,0.8524081707000732,-0.1758928000926971,3.1157298088073730,-0.5868238210678101,-0.1758928894996643,0.7903792858123779,3.7131772041320801,0.0000000000000000,0.0000000000000000,0.0000000000000000,1.0000000000000000
M 0.6427875161170959,0.4924042820930481,0.5868238806724548,0.4801244735717773,-0.4924042820930481,0.8524081707000732,-0.1758928000926971,3.1157298088073730,-0.5868238210678101,-0.1758928894996643,0.7903792858123779,3.7131772041320801,0.0000000000000000,0.0000000000000000,0.0000000000000000,1.0000000000000000
M 0.6427875161170959,0.4924042820930481,0.5868238806724548,0.4801244735717773,-0.4924042820930481,0.8524081707000732,-0.1758928000926971,3.1157298088073730,-0.5868238210678101,-0.1758928894996643,0.7903792858123779,3.7131772041320801,0.0000000000000000,0.0000000000000000,0.0000000000000000,1.0000000000000000
M 0.6427875161170959,0.4924042820930481,0.5868238806724548,0.4801244735717773,-0.4924042820930481,0.8524081707000732,-0.1758928000926971,3.1157298088073730,-0.5868238210678101,-0.1758928894996643,0.7903792858123779,3.7131772041320801,0.0000000000000000,0.0000000000000000,0.0000000000000000,1.0000000000000000
M 0.6427875161170959,0.4924042820930481,0.5868238806724548,0.4801244735717773,-0.4924042820930481,0.8524081707000732,-0.1758928000926971,3.1157298088073730,-0.5868238210678101,-0.1758928894996643,0.7903792858123779,3.7131772041320801,0.0000000000000000,0.0000000000000000,0.0000000000000000,1.0000000000000000
M 0.6427875161170959,0.4924042820930481,0.5868238806724548,0.4801244735717773,-0.4924042820930481,0.8524081707000732,-0.1758928000926971,3.1157298088073730,-0.5868238210678101,-0.1758928894996643,0.7903792858123779,3.7131772041320801,0.0000000000000000,0.0000000000000000,0.0000000000000000,1.0000000000000000
M 0.6427875161170959,0.4924042820930481,0.5868238806724548,0.4801244735717773,-0.4924042820930481,0.8524081707000732,-0.1758928000926971,3.1157298088073730,-0.5868238210678101,-0.1758928894996643,0.7903792858123779,3.7131772041320801,0.0000000000000000,0.0000000000000000,0.0000000000000000,1.0000000000000000
M 0.6427875161170959,0.4924042820930481,0.5868238806724548,0.4801244735717773,-0.4924042820930481,0.8524081707000732,-0.1758928000926971,3.1157298088073730,-0.5868238210678101,-0.1758928894996643,0.7903792858123779,3.7131772041320801,0.0000000000000000,0.0000000000000000,0.0000000000000000,1.0000000000000000
M 0.6427875161170959,0.4924042820930481,0.5868238806724548,0.4801244735717773,-0.4924042820930481,0.8524081707000732,-0.1758928000926971,3.1157298088073730,-0.5868238210678101,-0.1758928894996643,0.7903792858123779,3.7131772041320801,0.0000000000000000,0.0000000000000000,0.0000000000000000,1.0000000000000000
M 0.6427875161170959,0.4924042820930481,0.5868238806724548,0.4801244735717773,-0.4924042820930481,0.8524081707000732,-0.1758928000926971,3.1157298088073730,-0.5868238210678101,-0.1758928894996643,0.7903792858123779,3.7131772041320801,0.0000000000000000,0.0000000000000000,0.0000000000000000,1.0000000000000000
M 0.6427875161170959,0.4924042820930481,0.5868238806724548,0.4801244735717773,-0.4924042820930481,0.8524081707000732,-0.1758928000926971,3.1157298088073730,-0.5868238210678101,-0.1758928894996643,0.7903792858123779,3.7131772041320801,0.0000000000000000,0.0000000000000000,0.0000000000000000,1.0000000000000000
M 0.6427875161170959,0.4924042820930481,0.5868238806724548,0.4801244735717773,-0.4924042820930481,0.8524081707000732,-0.1758928000926971,3.1157298088073730,-0.5868238210678101,-0.1758928894996643,0.7903792858123779,3.7131772041320801,0.0000000000000000,0.0000000000000000,0.0000000000000000,1.0000000000000000
M 0.6427875161170959,0.4924042820930481,0.5868238806724548,0.4801244735717773,-0.4924042820930481,0.8524081707000732,-0.1758928000926971,3.1157298088073730,-0.5868238210678101,-0.1758928894996643,0.7903792858123779,3.7131772041320801,0.0000000000000000,0.0000000000000000,0.0000000000000000,1.0000000000000000
M 0.6427875161170959,0.4924042820930481,0.5868238806724548,0.4801244735717773,-0.4924042820930481,0.8524081707000732,-0.1758928000926971,3.1157298088073730,-0.5868238210678101,-0.1758928894996643,0.7903792858123779,3.7131772041320801,0.0000000000000000,0.0000000000000000,0.0000000000000000,1.0000000000000000
M 0.6791033148765564,0.4718339741230011,0.5623091459274292,0.3437417149543762,-0.4718339443206787,0.8674131631851196,-0.1580109447240829,2.9593198299407959,-0.5623090863227844,-0.1580106914043427,0.8116903901100159,3.5267763137817383,0.0000000000000000,0.0000000000000000,0.0000000000000000,1.0000000000000000
M 0.7145604491233826,0.4496776461601257,0.5359042882919312,0.2167378664016724,-0.4496776461601257,0.8820629715919495,-0.1405514776706696,2.7953422069549561,-0.5359042286872864,-0.1405516862869263,0.8324972391128540,3.3313546180725098,0.0000000000000000,0.0000000000000000,0.0000000000000000,1.0000000000000000
M 0.7489453554153442,0.4259318411350250,0.5076051950454712,0.1002840995788574,-0.4259318113327026,0.8962702155113220,-0.1236203759908676,2.6240348815917969,-0.5076051354408264,-0.1236202344298363,0.8526753187179565,3.1271996498107910,0.0000000000000000,0.0000000000000000,0.0000000000000000,1.0000000000000000
M 0.7820361852645874,0.4006067514419556,0.4774239063262939,-0.0044429302215576,-0.4006067514419556,0.9099425077438354,-0.1073262169957161,2.4457294940948486,-0.4774239063262939,-0.1073262542486191,0.8720937371253967,2.9147033691406250,0.0000000000000000,0.0000000000000000,0.0000000000000000,1.0000000000000000
M 0.8136053085327148,0.3737283945083618,0.4453915655612946,-0.0962834358215332,-0.3737283647060394,0.9229863286018372,-0.0917817205190659,2.2608432769775391,-0.4453915655612946,-0.0917812883853912,0.8906193971633911,2.6943657398223877,0.0000000000000000,0.0000000000000000,0.0000000000000000,1.0000000000000000
M 0.8434222340583801,0.3453387320041656,0.4115581512451172,-0.1741084158420563,-0.3453387320041656,0.9353057742118835,-0.0770995244383812,2.0698921680450439,-0.4115581512451172,-0.0770995169878006,0.9081165194511414,2.4667983055114746,0.0000000000000000,0.0000000000000000,0.0000000000000000,1.0000000000000000
M 0.8712569475173950,0.3154978454113007,0.3759952485561371,-0.2368458807468414,-0.3154978454113007,0.9468063712120056,-0.0633935630321503,1.8734807968139648,-0.3759952187538147,-0.0633936151862144,0.9244505167007446,2.2327244281768799,0.0000000000000000,0.0000000000000000,0.0000000000000000,1.0000000000000000
M 0.8968840241432190,0.2842831909656525,0.3387951552867889,-0.2834995388984680,-0.2842832207679749,0.9573948383331299,-0.0507746897637844,1.6723082065582275,-0.3387951254844666,-0.0507747679948807,0.9394890666007996,1.9929769039154053,0.0000000000000000,0.0000000000000000,0.0000000000000000,1.0000000000000000
M 0.9200861454010010,0.2517904043197632,0.3000718057155609,-0.3131721913814545,-0.2517904341220856,0.9669814109802246,-0.0393498279154301,1.4671609401702881,-0.3000718057155609,-0.0393499843776226,0.9531046152114868,1.7484923601150513,0.0000000000000000,0.0000000000000000,0.0000000000000000,1.0000000000000000
M 0.9406586885452271,0.2181327790021896,0.2599602341651917,-0.3250873088836670,-0.2181327641010284,0.9754814505577087,-0.0292197577655315,1.2589061260223389,-0.2599602043628693,-0.0292200371623039,0.9651769995689392,1.5003042221069336,0.0000000000000000,0.0000000000000000,0.0000000000000000,1.0000000000000000
M 0.9584137201309204,0.1834404170513153,0.2186155170202255,-0.3186099827289581,-0.1834404021501541,0.9828174710273743,-0.0204771794378757,1.0484817028045654,-0.2186155170202255,-0.0204773154109716,0.9755961298942566,1.2495305538177490,0.0000000000000000,0.0000000000000000,0.0000000000000000,1.0000000000000000
M 0.9731840491294861,0.1478591114282608,0.1762114614248276,-0.2932632565498352,-0.1478591114282608,0.9889202713966370,-0.0132042653858662,0.8368860483169556,-0.1762114465236664,-0.0132042886689305,0.9842637777328491,0.9973607063293457,0.0000000000000000,0.0000000000000000,0.0000000000000000,1.0000000000000000
M 0.9848270416259766,0.1115486994385719,0.1329384446144104,-0.2487464100122452,-0.1115486994385719,0.9937309622764587,-0.0074712792411447,0.6251621842384338,-0.1329384297132492,-0.0074711898341775,0.9910961985588074,0.7450389862060547,0.0000000000000000,0.0000000000000000,0.0000000000000000,1.0000000000000000
M 0.9932278990745544,0.0746805593371391,0.0890007764101028,-0.1849442273378372,-0.0746805593371391,0.9972018003463745,-0.0033344547264278,0.4143851995468140,-0.0890007689595222,-0.0033347562421113,0.9960258007049561,0.4938446581363678,0.0000000000000000,0.0000000000000000,0.0000000000000000,1.0000000000000000
M 0.9983026385307312,0.0374353863298893,0.0446137562394142,-0.1019369661808014,-0.0374353863298893,0.9992987513542175,-0.0008358309860341,0.2056374251842499,-0.0446137525141239,-0.0008357205661014,0.9990040063858032,0.2450692057609558,0.0000000000000000,0.0000000000000000,0.0000000000000000,1.0000000000000000
M 1.0000000000000000,0.0000000581298885,0.0000001278857269,-0.0000001136439067,-0.0000000581298778,0.9999999403953552,-0.0000000437113883,0.0000008273608501,-0.0000001278857269,0.0000000437113812,0.9999999403953552,0.0000005996502637,0.0000000000000000,0.0000000000000000,0.0000000000000000,1.0000000000000000
M 0.9983026981353760,-0.0374352708458900,-0.0446134991943836,0.1203951165080070,0.0374352671205997,0.9992988705635071,-0.0008359841303900,-0.2014723718166351,0.0446134991943836,-0.0008355525787920,0.9990041255950928,-0.2401045560836792,0.0000000000000000,0.0000000000000000,0.0000000000000000,1.0000000000000000
M 0.9932279586791992,-0.0746804475784302,-0.0890005156397820,0.2585901021957397,0.0746804401278496,0.9972018599510193,-0.0033345918636769,-0.3977653682231903,0.0890005156397820,-0.0033345888368785,0.9960259199142456,-0.4740379154682159,0.0000000000000000,0.0000000000000000,0.0000000000000000,1.0000000000000000
M 0.9848270416259766,-0.1115485951304436,-0.1329382061958313,0.4137519001960754,0.1115485802292824,0.9937310218811035,-0.0074714031070471,-0.5879293680191040,0.1329382061958313,-0.0074710231274366,0.9910962581634521,-0.7006658911705017,0.0000000000000000,0.0000000000000000,0.0000000000000000,1.0000000000000000
M 0.9731841087341309,-0.1478590071201324,-0.1762112081050873,0.5848861336708069,0.1478589922189713,0.9889203310012817,-0.0132043706253171,-0.7710817456245422,0.1762112081050873,-0.0132041238248348,0.9842638373374939,-0.9189380407333374,0.0000000000000000,0.0000000000000000,0.0000000000000000,1.0000000000000000
M 0.9584138393402100,-0.1834402829408646,-0.2186152189970016,0.7708597183227539,0.1834402531385422,0.9828175306320190,-0.0204772520810366,-0.9464319944381714,0.2186152338981628,-0.0204771514981985,0.9755962491035461,-1.1279122829437256,0.0000000000000000,0.0000000000000000,0.0000000000000000,1.0000000000000000
M 0.9406588077545166,-0.2181326448917389,-0.2599599361419678,0.9704232215881348,0.2181326150894165,0.9754815101623535,-0.0292198117822409,-1.1132869720458984,0.2599599361419678,-0.0292198732495308,0.9651771187782288,-1.3267620801925659,0.0000000000000000,0.0000000000000000,0.0000000000000000,1.0000000000000000
M 0.9200862646102905,-0.2517902851104736,-0.3000715374946594,1.1822344064712524,0.2517902851104736,0.9669814705848694,-0.0393498763442039,-1.2710591554641724,0.3000715374946594,-0.0393498241901398,0.9531046748161316,-1.5147876739501953,0.0000000000000000,0.0000000000000000,0.0000000000000000,1.0000000000000000
M 0.8968840837478638,-0.2842831611633301,-0.3387949764728546,1.4048856496810913,0.2842831611633301,0.9573948979377747,-0.0507747754454613,-1.4192718267440796,0.3387949764728546,-0.0507746078073978,0.9394891858100891,-1.6914198398590088,0.0000000000000000,0.0000000000000000,0.0000000000000000,1.0000000000000000
M 0.8712570667266846,-0.3154978156089783,-0.3759950697422028,1.6369261741638184,0.3154977858066559,0.9468064308166504,-0.0633936375379562,-1.5575581789016724,0.3759950697422028,-0.0633934512734413,0.9244506359100342,-1.8562231063842773,0.0000000000000000,0.0000000000000000,0.0000000000000000,1.0000000000000000
M 0.8434223532676697,-0.3453387022018433,-0.4115579724311829,1.8768911361694336,0.3453386723995209,0.9353058338165283,-0.0770995840430260,-1.6856665611267090,0.4115580022335052,-0.0770993605256081,0.9081165790557861,-2.0088963508605957,0.0000000000000000,0.0000000000000000,0.0000000000000000,1.0000000000000000
M 0.8136054277420044,-0.3737283349037170,-0.4453913271427155,2.1233253479003906,0.3737282752990723,0.9229863882064819,-0.0917817354202271,-1.8034522533416748,0.4453913569450378,-0.0917811319231987,0.8906195163726807,-2.1492667198181152,0.0000000000000000,0.0000000000000000,0.0000000000000000,1.0000000000000000
M 0.7820363640785217,-0.4006067812442780,-0.4774237871170044,2.3747987747192383,0.4006067216396332,0.9099426865577698,-0.1073264181613922,-1.9108698368072510,0.4774238169193268,-0.1073259413242340,0.8720939755439758,-2.2772824764251709,0.0000000000000000,0.0000000000000000,0.0000000000000000,1.0000000000000000
M 0.7489455342292786,-0.4259317815303802,-0.5076049566268921,2.6299338340759277,0.4259317219257355,0.8962702751159668,-0.1236203685402870,-2.0079734325408936,0.5076049566268921,-0.1236200779676437,0.8526754379272461,-2.3930060863494873,0.0000000000000000,0.0000000000000000,0.0000000000000000,1.0000000000000000
M 0.7145606279373169,-0.4496775865554810,-0.5359040498733521,2.8874163627624512,0.4496775269508362,0.8820630311965942,-0.1405514627695084,-2.0949018001556396,0.5359040498733521,-0.1405515372753143,0.8324974179267883,-2.4966034889221191,0.0000000000000000,0.0000000000000000,0.0000000000000000,1.0000000000000000
M 0.6791034936904907,-0.4718339145183563,-0.5623089075088501,3.1460087299346924,0.4718338549137115,0.8674132227897644,-0.1580109149217606,-2.1718740463256836,0.5623089075088501,-0.1580105423927307,0.8116905093193054,-2.5883345603942871,0.0000000000000000,0.0000000000000000,0.0000000000000000,1.0000000000000000
M 0.6427876949310303,-0.4924043118953705,-0.5868237614631653,3.4045605659484863,0.4924042522907257,0.8524083495140076,-0.1758929640054703,-2.2391674518585205,0.5868237614631653,-0.1758925914764404,0.7903795838356018,-2.6685323715209961,0.0000000000000000,0.0000000000000000,0.0000000000000000,1.0000000000000000
M 0.6427876949310303,-0.4924043118953705,-0.5868237614631653,3.4045605659484863,0.4924042522907257,0.8524083495140076,-0.1758929640054703,-2.2391674518585205,0.5868237614631653,-0.1758925914764404,0.7903795838356018,-2.6685323715209961,0.0000000000000000,0.0000000000000000,0.0000000000000000,1.0000000000000000
M 0.6427876949310303,-0.4924043118953705,-0.5868237614631653,3.4045605659484863,0.4924042522907257,0.8524083495140076,-0.1758929640054703,-2.2391674518585205,0.5868237614631653,-0.1758925914764404,0.7903795838356018,-2.6685323715209961,0.0000000000000000,0.0000000000000000,0.0000000000000000,1.0000000000000000
M 0.6427876949310303,-0.4924043118953705,-0.5868237614631653,3.4045605659484863,0.4924042522907257,0.8524083495140076,-0.1758929640054703,-2.2391674518585205,0.5868237614631653,-0.1758925914764404,0.7903795838356018,-2.6685323715209961,0.0000000000000000,0.0000000000000000,0.0000000000000000,1.0000000000000000
M 0.6427876949310303,-0.4924043118953705,-0.5868237614631653,3.4045605659484863,0.4924042522907257,0.8524083495140076,-0.1758929640054703,-2.2391674518585205,0.5868237614631653,-0.1758925914764404,0.7903795838356018,-2.6685323715209961,0.0000000000000000,0.0000000000000000,0.0000000000000000,1.0000000000000000
M 0.6427876949310303,-0.4924043118953705,-0.5868237614631653,3.4045605659484863,0.4924042522907257,0.8524083495140076,-0.1758929640054703,-2.2391674518585205,0.5868237614631653,-0.1758925914764404,0.7903795838356018,-2.6685323715209961,0.0000000000000000,0.0000000000000000,0.0000000000000000,1.0000000000000000
M 0.6427876949310303,-0.4924043118953705,-0.5868237614631653,3.4045605659484863,0.4924042522907257,0.8524083495140076,-0.1758929640054703,-2.2391674518585205,0.5868237614631653,-0.1758925914764404,0.7903795838356018,-2.6685323715209961,0.0000000000000000,0.0000000000000000,0.0000000000000000,1.0000000000000000
M 0.6427876949310303,-0.4924043118953705,-0.5868237614631653,3.4045605659484863,0.4924042522907257,0.8524083495140076,-0.1758929640054703,-2.2391674518585205,0.5868237614631653,-0.1758925914764404,0.7903795838356018,-2.6685323715209961,0.0000000000000000,0.0000000000000000,0.0000000000000000,1.0000000000000000
M 0.6427876949310303,-0.4924043118953705,-0.5868237614631653,3.4045605659484863,0.4924042522907257,0.8524083495140076,-0.1758929640054703,-2.2391674518585205,0.5868237614631653,-0.1758925914764404,0.7903795838356018,-2.6685323715209961,0.0000000000000000,0.0000000000000000,0.0000000000000000,1.0000000000000000
M 0.6427876949310303,-0.4924043118953705,-0.5868237614631653,3.4045605659484863,0.4924042522907257,0.8524083495140076,-0.1758929640054703,-2.2391674518585205,0.5868237614631653,-0.1758925914764404,0.7903795838356018,-2.6685323715209961,0.0000000000000000,0.0000000000000000,0.0000000000000000,1.0000000000000000
M 0.6427876949310303,-0.4924043118953705,-0.5868237614631653,3.4045605659484863,0.4924042522907257,0.8524083495140076,-0.1758929640054703,-2.2391674518585205,0.5868237614631653,-0.1758925914764404,0.7903795838356018,-2.6685323715209961,0.0000000000000000,0.0000000000000000,0.0000000000000000,1.0000000000000000
M 0.6427876949310303,-0.4924043118953705,-0.5868237614631653,3.4045605659484863,0.4924042522907257,0.8524083495140076,-0.1758929640054703,-2.2391674518585205,0.5868237614631653,-0.1758925914764404,0.7903795838356018,-2.6685323715209961,0.0000000000000000,0.0000000000000000,0.0000000000000000,1.0000000000000000
M 0.6427876949310303,-0.4924043118953705,-0.5868237614631653,3.4045605659484863,0.4924042522907257,0.8524083495140076,-0.1758929640054703,-2.2391674518585205,0.5868237614631653,-0.1758925914764404,0.7903795838356018,-2.6685323715209961,0.0000000000000000,0.0000000000000000,0.0000000000000000,1.0000000000000000
M 0.6427876949310303,-0.4924043118953705,-0.5868237614631653,3.4045605659484863,0.4924042522907257,0.8524083495140076,-0.1758929640054703,-2.2391674518585205,0.5868237614631653,-0.1758925914764404,0.7903795838356018,-2.6685323715209961,0.0000000000000000,0.0000000000000000,0.0000000000000000,1.0000000000000000
M 0.6427876949310303,-0.4924043118953705,-0.5868237614631653,3.4045605659484863,0.4924042522907257,0.8524083495140076,-0.1758929640054703,-2.2391674518585205,0.5868237614631653,-0.1758925914764404,0.7903795838356018,-2.6685323715209961,0.0000000000000000,0.0000000000000000,0.0000000000000000,1.0000000000000000
M 0.6427876949310303,-0.4924043118953705,-0.5868237614631653,3.4045605659484863,0.4924042522907257,0.8524083495140076,-0.1758929640054703,-2.2391674518585205,0.5868237614631653,-0.1758925914764404,0.7903795838356018,-2.6685323715209961,0.0000000000000000,0.0000000000000000,0.0000000000000000,1.0000000000000000
M 0.6427876949310303,-0.4924043118953705,-0.5868237614631653,3.4045605659484863,0.4924042522907257,0.8524083495140076,-0.1758929640054703,-2.2391674518585205,0.5868237614631653,-0.1758925914764404,0.7903795838356018,-2.6685323715209961,0.0000000000000000,0.0000000000000000,0.0000000000000000,1.0000000000000000
M 0.6825585365295410,-0.4697695374488831,-0.5598486661911011,3.1210916042327881,0.4697694480419159,0.8688406944274902,-0.1563096791505814,-2.1648876667022705,0.5598487257957458,-0.1563092023134232,0.8137180209159851,-2.5800096988677979,0.0000000000000000,0.0000000000000000,0.0000000000000000,1.0000000000000000
M 0.7207869291305542,-0.4455529749393463,-0.5309885740280151,2.8413124084472656,0.4455529153347015,0.8846357464790344,-0.1374857723712921,-2.0801143646240234,0.5309885740280151,-0.1374855190515518,0.8361513018608093,-2.4789803028106689,0.0000000000000000,0.0000000000000000,0.0000000000000000,1.0000000000000000
M 0.7572545409202576,-0.4198178052902222,-0.5003186464309692,2.5665981769561768,0.4198177456855774,0.8997034430503845,-0.1195291057229042,-1.9849237203598022,0.5003186464309692,-0.1195285692811012,0.8575514554977417,-2.3655366897583008,0.0000000000000000,0.0000000000000000,0.0000000000000000,1.0000000000000000
M 0.7917514443397522,-0.3926429748535156,-0.4679329097270966,2.2983238697052002,0.3926429152488708,0.9139565825462341,-0.1025425046682358,-1.8794858455657959,0.4679329395294189,-0.1025423482060432,0.8777948617935181,-2.2398808002471924,0.0000000000000000,0.0000000000000000,0.0000000000000000,1.0000000000000000
M 0.8240791559219360,-0.3641232252120972,-0.4339444339275360,2.0378515720367432,0.3641231656074524,0.9273135662078857,-0.0866241827607155,-1.7640734910964966,0.4339444935321808,-0.0866240635514259,0.8967654705047607,-2.1023387908935547,0.0000000000000000,0.0000000000000000,0.0000000000000000,1.0000000000000000
M 0.8540543317794800,-0.3343679606914520,-0.3984836041927338,1.7865016460418701,0.3343679308891296,0.9396985173225403,-0.0718641206622124,-1.6390569210052490,0.3984836041927338,-0.0718643218278885,0.9143555164337158,-1.9533497095108032,0.0000000000000000,0.0000000000000000,0.0000000000000000,1.0000000000000000
M 0.8815119266510010,-0.3035000860691071,-0.3616967499256134,1.5455373525619507,0.3035000562667847,0.9510436654090881,-0.0583442896604538,-1.5049036741256714,0.3616967499256134,-0.0583437420427799,0.9304686188697815,-1.7934713363647461,0.0000000000000000,0.0000000000000000,0.0000000000000000,1.0000000000000000
M 0.9063078761100769,-0.2716538906097412,-0.3237439990043640,1.3161406517028809,0.2716538906097412,0.9612885713577271,-0.0461343973875046,-1.3621623516082764,0.3237439990043640,-0.0461343526840210,0.9450192451477051,-1.6233595609664917,0.0000000000000000,0.0000000000000000,0.0000000000000000,1.0000000000000000
M 0.9283220171928406,-0.2389739602804184,-0.2847975790500641,1.0993940830230713,0.2389739155769348,0.9703842997550964,-0.0352946631610394,-1.2114756107330322,0.2847976088523865,-0.0352943763136864,0.9579376578330994,-1.4437786340713501,0.0000000000000000,0.0000000000000000,0.0000000000000000,1.0000000000000000
M 0.9474595785140991,-0.2056121975183487,-0.2450386136770248,0.8962639570236206,0.2056121528148651,0.9782915115356445,-0.0258712191134691,-1.0535514354705811,0.2450386434793472,-0.0258709825575352,0.9691680073738098,-1.2555724382400513,0.0000000000000000,0.0000000000000000,0.0000000000000000,1.0000000000000000
M 0.9636527895927429,-0.1717259734869003,-0.2046546638011932,0.7075867652893066,0.1717259585857391,0.9849822521209717,-0.0178976710885763,-0.8891640305519104,0.2046546787023544,-0.0178973712027073,0.9786706566810608,-1.0596625804901123,0.0000000000000000,0.0000000000000000,0.0000000000000000,1.0000000000000000
M 0.9768612980842590,-0.1374755352735519,-0.1638366430997849,0.5340573191642761,0.1374755203723907,0.9904396533966064,-0.0113937631249428,-0.7191334962844849,0.1638366580009460,-0.0113933989778161,0.9864217042922974,-0.8570285439491272,0.0000000000000000,0.0000000000000000,0.0000000000000000,1.0000000000000000
M 0.9870727658271790,-0.1030214950442314,-0.1227759569883347,0.3762194514274597,0.1030214726924896,0.9946588277816772,-0.0063656400889158,-0.5443186759948730,0.1227759718894958,-0.0063652088865638,0.9924140572547913,-0.6486925482749939,0.0000000000000000,0.0000000000000000,0.0000000000000000,1.0000000000000000
M 0.9943017959594727,-0.0685223564505577,-0.0816615521907806,0.2344645261764526,0.0685223489999771,0.9976456761360168,-0.0028060071635991,-0.3655990064144135,0.0816615596413612,-0.0028056227602065,0.9966561794281006,-0.4357032775878906,0.0000000000000000,0.0000000000000000,0.0000000000000000,1.0000000000000000
M 0.9985891580581665,-0.0341325141489506,-0.0406773984432220,0.1090296283364296,0.0341325141489506,0.9994170665740967,-0.0006947483634576,-0.1838645935058594,0.0406773984432220,-0.0006946537178010,0.9991720318794250,-0.2191204726696014,0.0000000000000000,0.0000000000000000,0.0000000000000000,1.0000000000000000
M 1.0000000000000000,0.0000001477281444,0.0000002741686558,-0.0000003399593140,-0.0000001477280875,1.0000000000000000,-0.0000002122988292,0.0000006680728006,-0.0000002741686842,0.0000002122988008,1.0000000000000000,0.0000008114744787,0.0000000000000000,0.0000000000000000,0.0000000000000000,1.0000000000000000
O CABFUN_rotor_INTERIOR_1_LCG_IL
A CABFUN_rotor_INTERIOR_1_LCG_IL_CABFUN_rotor_INTERIOR_1_LCG_IL
M 1.0000000000000000,0.0000000000000031,0.0000000000000009,-0.0000001201786830,-0.0000000000000020,1.0000000000000000,-0.0000000437114061,-0.0000000055997873,0.0000000000000006,0.0000000437113705,1.0000000000000000,-0.0000001410122650,0.0000000000000000,0.0000000000000000,0.0000000000000000,1.0000000000000000
M 0.9586455225944519,-0.1800570189952850,0.2204044461250305,1.1972601413726807,0.1817249804735184,0.9832653403282166,0.0128581980243325,-0.9054283499717712,-0.2190312445163727,0.0277265422046185,0.9753237366676331,1.0505667924880981,0.0000000000000000,0.0000000000000000,0.0000000000000000,1.0000000000000000
M 0.7954412102699280,-0.3884848058223724,0.4651369750499725,3.1998293399810791,0.4048084318637848,0.9117757081985474,0.0692476779222488,-1.7636797428131104,-0.4510022997856140,0.1332089155912399,0.8825258612632751,1.7788019180297852,0.0000000000000000,0.0000000000000000,0.0000000000000000,1.0000000000000000
M 0.4645050764083862,-0.5641617774963379,0.6826104521751404,5.9504804611206055,0.6274404525756836,0.7536219358444214,0.1958887726068497,-2.1875052452087402,-0.6249432563781738,0.3373059332370758,0.7040392160415649,1.6941739320755005,0.0000000000000000,0.0000000000000000,0.0000000000000000,1.0000000000000000
M -0.0000000526457242,-0.6108428835868835,0.7917516827583313,8.7806520462036133,0.7660437226295471,0.5089287161827087,0.3926427662372589,-1.7231122255325317,-0.6427882313728333,0.6065164208412170,0.4679323136806488,0.4313520193099976,0.0000000000000000,0.0000000000000000,0.0000000000000000,1.0000000000000000
M -0.4534836411476135,-0.4796271622180939,0.7512059807777405,10.6586647033691406,0.7567338347434998,0.2380797713994980,0.6088289022445679,-0.3258498907089233,-0.4708577990531921,0.8445566892623901,0.2549847960472107,-1.7101284265518188,0.0000000000000000,0.0000000000000000,0.0000000000000000,1.0000000000000000
M -0.7579677700996399,-0.2298651337623596,0.6104483604431152,11.1314640045166016,0.6241163611412048,0.0165141336619854,0.7811570167541504,1.4923141002655029,-0.1896417737007141,0.9730823040008545,0.1309453994035721,-3.8998467922210693,0.0000000000000000,0.0000000000000000,0.0000000000000000,1.0000000000000000
M -0.8911890387535095,0.0398560874164104,0.4518778622150421,10.5718927383422852,0.4439075589179993,-0.1285314857959747,0.8868065476417542,3.1831679344177246,0.0934251993894577,0.9909040927886963,0.0968534275889397,-5.5476231575012207,0.0000000000000000,0.0000000000000000,0.0000000000000000,1.0000000000000000
M -0.9063078165054321,0.2716538608074188,0.3237442970275879,9.5588598251342773,0.2716540694236755,-0.2123582810163498,0.9386734962463379,4.5214409828186035,0.3237441778182983,0.9386734366416931,0.1186660528182983,-6.5602970123291016,0.0000000000000000,0.0000000000000000,0.0000000000000000,1.0000000000000000
M -0.8462514281272888,0.4925776422023773,0.2030419409275055,8.1898689270019531,0.0768679156899452,-0.2642291188240051,0.9613920450210571,5.8196883201599121,0.5272098183631897,0.8291864991188049,0.1857408434152603,-7.1427235603332520,0.0000000000000000,0.0000000000000000,0.0000000000000000,1.0000000000000000
M -0.6832434535026550,0.7269138097763062,0.0690983906388283,6.1918444633483887,-0.1921319067478180,-0.2702681124210358,0.9434196352958679,7.2894649505615234,0.7044599652290344,0.6313092112541199,0.3243222236633301,-7.1421728134155273,0.0000000000000000,0.0000000000000000,0.0000000000000000,1.0000000000000000
M -0.3878019452095032,0.9211357235908508,-0.0334449000656605,3.6725347042083740,-0.5045691132545471,-0.1817807555198669,0.8440178036689758,8.5194368362426758,0.7713754177093506,0.3441869020462036,0.5352715849876404,-6.0968160629272461,0.0000000000000000,0.0000000000000000,0.0000000000000000,1.0000000000000000
M -0.0000001958144509,0.9991592764854431,-0.0409951806068420,1.2310042381286621,-0.7660440802574158,0.0263511370867491,0.6422477960586548,8.8705263137817383,0.6427882313728333,0.0314042083919048,0.7654000520706177,-3.8621435165405273,0.0000000000000000,0.0000000000000000,0.0000000000000000,1.0000000000000000
M 0.3563549816608429,0.9316620826721191,0.0708298087120056,-0.3127742111682892,-0.8734826445579529,0.3052679300308228,0.3792621493339539,8.0273590087890625,0.3317220509052277,-0.1970205605030060,0.9225745201110840,-1.0603185892105103,0.0000000000000000,0.0000000000000000,0.0000000000000000,1.0000000000000000
M 0.5766291618347168,0.7768456935882568,0.2530007958412170,-0.6818141341209412,-0.8160690069198608,0.5624830126762390,0.1328328400850296,6.3949370384216309,-0.0391179174184799,-0.2830613255500793,0.9583038091659546,1.3507592678070068,0.0000000000000000,0.0000000000000000,0.0000000000000000,1.0000000000000000
M 0.6552562713623047,0.6161730289459229,0.4370015263557434,-0.2543945908546448,-0.6654713153839111,0.7446057200431824,-0.0520638786256313,4.6307864189147949,-0.3574742078781128,-0.2566967010498047,0.8979529142379761,2.9111857414245605,0.0000000000000000,0.0000000000000000,0.0000000000000000,1.0000000000000000
M 0.6427874565124512,0.4924043118953705,0.5868237614631653,0.4801240563392639,-0.4924044311046600,0.8524080514907837,-0.1758927404880524,3.1157312393188477,-0.5868236422538757,-0.1758929789066315,0.7903793454170227,3.7131769657135010,0.0000000000000000,0.0000000000000000,0.0000000000000000,1.0000000000000000
M 0.6170759201049805,0.3545313477516174,0.7025129199028015,1.3111010789871216,-0.2582158744335175,0.9345521330833435,-0.2448197901248932,1.4305350780487061,-0.7433314323425293,-0.0303276330232620,0.6682351827621460,3.8344545364379883,0.0000000000000000,0.0000000000000000,0.0000000000000000,1.0000000000000000
M 0.5142298340797424,0.1969622373580933,0.8347293138504028,2.6602358818054199,0.0657029449939728,0.9613655209541321,-0.2673188447952271,-0.4651914536952972,-0.8551316857337952,0.1923074573278427,0.4814217686653137,3.3262774944305420,0.0000000000000000,0.0000000000000000,0.0000000000000000,1.0000000000000000
M 0.3024883568286896,0.0579306259751320,0.9513910412788391,4.5085592269897461,0.4442014098167419,0.8745634555816650,-0.1944833844900131,-2.0881302356719971,-0.8433185219764709,0.4814380109310150,0.2388123720884323,1.8126041889190674,0.0000000000000000,0.0000000000000000,0.0000000000000000,1.0000000000000000
M 0.0000001549360036,0.0000007142636491,1.0000001192092896,6.4437470436096191,0.7660440206527710,0.6427882909774780,-0.0000005861693921,-2.6762373447418213,-0.6427883505821228,0.7660439014434814,-0.0000005384224551,-0.7045347690582275,0.0000000000000000,0.0000000000000000,0.0000000000000000,1.0000000000000000
M -0.3024881780147552,0.0579305142164230,0.9513911008834839,7.7981195449829102,0.9076409935951233,0.3222591876983643,0.2689555883407593,-1.8393282890319824,-0.2910137772560120,0.9448772072792053,-0.1500598192214966,-3.5138180255889893,0.0000000000000000,0.0000000000000000,0.0000000000000000,1.0000000000000000
M -0.5142300128936768,0.1969620138406754,0.8347297310829163,8.2524871826171875,0.8535500168800354,0.0224481169134378,0.5205273032188416,-0.0422270298004150,0.0837859734892845,0.9801540374755859,-0.1796605139970779,-5.7286376953125000,0.0000000000000000,0.0000000000000000,0.0000000000000000,1.0000000000000000
M -0.6170760393142700,0.3545311689376831,0.7025131583213806,8.0218038558959961,0.6872006058692932,-0.1921485960483551,0.7005955576896667,1.9380917549133301,0.3833700716495514,0.9150881171226501,-0.1250638216733932,-7.0314445495605469,0.0000000000000000,0.0000000000000000,0.0000000000000000,1.0000000000000000
M -0.6427876353263855,0.4924041628837585,0.5868239998817444,7.4704399108886719,0.4924045503139496,-0.3212386071681976,0.8089150190353394,3.6444361209869385,0.5868237018585205,0.8089151978492737,-0.0359738543629646,-7.6054682731628418,0.0000000000000000,0.0000000000000000,0.0000000000000000,1.0000000000000000
M -0.6170760989189148,0.6302770972251892,0.4711344540119171,6.6394624710083008,0.2582161128520966,-0.4033824503421783,0.8778421282768250,5.3296308517456055,0.7433314919471741,0.6633498072624207,0.0861699581146240,-7.7267470359802246,0.0000000000000000,0.0000000000000000,0.0000000000000000,1.0000000000000000
M -0.5142301321029663,0.7878462672233582,0.3389183580875397,5.2903285026550293,-0.0657027885317802,-0.4301962554454803,0.9003413915634155,7.2253599166870117,0.8551319837570190,0.4407148063182831,0.2729836106300354,-7.2185707092285156,0.0000000000000000,0.0000000000000000,0.0000000000000000,1.0000000000000000
M -0.3024884462356567,0.9268778562545776,0.2222566455602646,3.4420042037963867,-0.4442012608051300,-0.3433940410614014,0.8275057673454285,8.8482971191406250,0.8433185219764709,0.1515841484069824,0.5155931115150452,-5.7048950195312500,0.0000000000000000,0.0000000000000000,0.0000000000000000,1.0000000000000000
M -0.0000002359563354,0.9848077893257141,0.1736475080251694,1.5068163871765137,-0.7660438418388367,-0.1116186603903770,0.6330230236053467,9.4364042282104492,0.6427884101867676,-0.1330216526985168,0.7544059157371521,-3.1877567768096924,0.0000000000000000,0.0000000000000000,0.0000000000000000,1.0000000000000000
M 0.3024881780147552,0.9268779158592224,0.2222565710544586,0.1524434834718704,-0.9076409935951233,0.2089102119207382,0.3640668690204620,8.5994968414306641,0.2910139262676239,-0.3118550479412079,0.9044653773307800,-0.3784739375114441,0.0000000000000000,0.0000000000000000,0.0000000000000000,1.0000000000000000
M 0.5142298936843872,0.7878463864326477,0.3389180004596710,-0.3019236624240875,-0.8535499572753906,0.5087212324142456,0.1124951541423798,6.8023948669433594,-0.0837859585881233,-0.3471318185329437,0.9340659976005554,1.8363462686538696,0.0000000000000000,0.0000000000000000,0.0000000000000000,1.0000000000000000
