O DOOR_2_TOGGLE_CG_CD2
A DOOR_2_TOGGLE_CG_CD2_DOOR_2_TOGGLE_CG_CD2
M 1.0000000000000000,0.0000000000000000,0.0000000000000000,0.0000000000000000,0.0000000000000000,1.0000000000000000,-0.0000000437113883,-0.0000000754979581,-0.0000000000000000,0.0000000437113883,1.0000000000000000,-0.0000000543924585,0.0000000000000000,0.0000000000000000,0.0000000000000000,1.0000000000000000
M 1.0000000000000000,0.0000000000000000,0.0000000000000000,0.0000000000000000,0.0000000000000000,1.0000000000000000,-0.0000000437113883,-0.0000000754979581,-0.0000000000000000,0.0000000437113883,1.0000000000000000,-0.0000000543924585,0.0000000000000000,0.0000000000000000,0.0000000000000000,1.0000000000000000
M 1.0000000000000000,0.0000000000000000,0.0000000000000000,0.0000000000000000,0.0000000000000000,1.0000000000000000,-0.0000000437113883,-0.0000000754979581,-0.0000000000000000,0.0000000437113883,1.0000000000000000,-0.0000000543924585,0.0000000000000000,0.0000000000000000,0.0000000000000000,1.0000000000000000
M 1.0000000000000000,0.0000000000000000,0.0000000000000000,0.0000000000000000,0.0000000000000000,1.0000000000000000,-0.0000000437113883,-0.0000000754979581,-0.0000000000000000,0.0000000437113883,1.0000000000000000,-0.0000000543924585,0.0000000000000000,0.0000000000000000,0.0000000000000000,1.0000000000000000
M 1.0000000000000000,0.0000000000000000,0.0000000000000000,0.0000000000000000,0.0000000000000000,1.0000000000000000,-0.0000000437113883,-0.0000000754979581,-0.0000000000000000,0.0000000437113883,1.0000000000000000,-0.0000000543924585,0.0000000000000000,0.0000000000000000,0.0000000000000000,1.0000000000000000
M 1.0000000000000000,0.0000000000000000,0.0000000000000000,0.0000000000000000,0.0000000000000000,1.0000000000000000,-0.0000000437113883,-0.0000000754979581,-0.0000000000000000,0.0000000437113883,1.0000000000000000,-0.0000000543924585,0.0000000000000000,0.0000000000000000,0.0000000000000000,1.0000000000000000
M 1.0000000000000000,0.0000000000000000,0.0000000000000000,0.0000000000000000,0.0000000000000000,1.0000000000000000,-0.0000000437113883,-0.0000000754979581,-0.0000000000000000,0.0000000437113883,1.0000000000000000,-0.0000000543924585,0.0000000000000000,0.0000000000000000,0.0000000000000000,1.0000000000000000
M 1.0000000000000000,0.0000000000000000,0.0000000000000000,0.0000000000000000,0.0000000000000000,1.0000000000000000,-0.0000000437113883,-0.0000000754979581,-0.0000000000000000,0.0000000437113883,1.0000000000000000,-0.0000000543924585,0.0000000000000000,0.0000000000000000,0.0000000000000000,1.0000000000000000
M 1.0000000000000000,0.0000000000000000,0.0000000000000000,0.0000000000000000,0.0000000000000000,1.0000000000000000,-0.0000000437113883,-0.0000000754979581,-0.0000000000000000,0.0000000437113883,1.0000000000000000,-0.0000000543924585,0.0000000000000000,0.0000000000000000,0.0000000000000000,1.0000000000000000
M 1.0000000000000000,0.0000000000000000,0.0000000000000000,0.0000000000000000,0.0000000000000000,1.0000000000000000,-0.0000000437113883,-0.0000000754979581,-0.0000000000000000,0.0000000437113883,1.0000000000000000,-0.0000000543924585,0.0000000000000000,0.0000000000000000,0.0000000000000000,1.0000000000000000
M 1.0000000000000000,0.0000000000000000,0.0000000000000000,0.0000000000000000,0.0000000000000000,1.0000000000000000,-0.0000000437113883,-0.0000000754979581,-0.0000000000000000,0.0000000437113883,1.0000000000000000,-0.0000000543924585,0.0000000000000000,0.0000000000000000,0.0000000000000000,1.0000000000000000
M 1.0000000000000000,0.0000000000000000,0.0000000000000000,0.0000000000000000,0.0000000000000000,1.0000000000000000,-0.0000000437113883,-0.0000000754979581,-0.0000000000000000,0.0000000437113883,1.0000000000000000,-0.0000000543924585,0.0000000000000000,0.0000000000000000,0.0000000000000000,1.0000000000000000
M 1.0000000000000000,0.0000000000000000,0.0000000000000000,0.0000000000000000,0.0000000000000000,1.0000000000000000,-0.0000000437113883,-0.0000000754979581,-0.0000000000000000,0.0000000437113883,1.0000000000000000,-0.0000000543924585,0.0000000000000000,0.0000000000000000,0.0000000000000000,1.0000000000000000
M 1.0000000000000000,0.0000000000000000,0.0000000000000000,0.0000000000000000,0.0000000000000000,1.0000000000000000,-0.0000000437113883,-0.0000000754979581,-0.0000000000000000,0.0000000437113883,1.0000000000000000,-0.0000000543924585,0.0000000000000000,0.0000000000000000,0.0000000000000000,1.0000000000000000
M 1.0000000000000000,0.0000000000000000,0.0000000000000000,0.0000000000000000,0.0000000000000000,1.0000000000000000,-0.0000000437113883,-0.0000000754979581,-0.0000000000000000,0.0000000437113883,1.0000000000000000,-0.0000000543924585,0.0000000000000000,0.0000000000000000,0.0000000000000000,1.0000000000000000
M 1.0000000000000000,0.0000000000000000,0.0000000000000000,0.0000000000000000,0.0000000000000000,1.0000000000000000,-0.0000000437113883,-0.0000000754979581,-0.0000000000000000,0.0000000437113883,1.0000000000000000,-0.0000000543924585,0.0000000000000000,0.0000000000000000,0.0000000000000000,1.0000000000000000
M 1.0000000000000000,0.0000000000000000,0.0000000000000000,0.0000000000000000,0.0000000000000000,1.0000000000000000,-0.0000000437113883,-0.0000000754979581,-0.0000000000000000,0.0000000437113883,1.0000000000000000,-0.0000000543924585,0.0000000000000000,0.0000000000000000,0.0000000000000000,1.0000000000000000
M 1.0000000000000000,0.0000000000000000,0.0000000000000000,0.0000000000000000,0.0000000000000000,1.0000000000000000,-0.0000000437113883,-0.0000000754979581,-0.0000000000000000,0.0000000437113883,1.0000000000000000,-0.0000000543924585,0.0000000000000000,0.0000000000000000,0.0000000000000000,1.0000000000000000
M 1.0000000000000000,0.0000000000000000,0.0000000000000000,0.0000000000000000,0.0000000000000000,1.0000000000000000,-0.0000000437113883,-0.0000000754979581,-0.0000000000000000,0.0000000437113883,1.0000000000000000,-0.0000000543924585,0.0000000000000000,0.0000000000000000,0.0000000000000000,1.0000000000000000
M 1.0000000000000000,0.0000000000000000,0.0000000000000000,0.0000000000000000,0.0000000000000000,1.0000000000000000,-0.0000000437113883,-0.0000000754979581,-0.0000000000000000,0.0000000437113883,1.0000000000000000,-0.0000000543924585,0.0000000000000000,0.0000000000000000,0.0000000000000000,1.0000000000000000
M 1.0000000000000000,0.0000000000000000,0.0000000000000000,0.0000000000000000,0.0000000000000000,1.0000000000000000,-0.0000000437113883,-0.0000000754979581,-0.0000000000000000,0.0000000437113883,1.0000000000000000,-0.0000000543924585,0.0000000000000000,0.0000000000000000,0.0000000000000000,1.0000000000000000
M 0.9999966621398926,-0.0000000001125288,-0.0025743583682925,0.0025891417171806,0.0000000000000000,1.0000000000000000,-0.0000000437113883,-0.0000000754979581,0.0025743583682925,0.0000000437112426,0.9999966621398926,-0.0115330601111054,0.0000000000000000,0.0000000000000000,0.0000000000000000,1.0000000000000000
M 0.9999487400054932,-0.0000000004424789,-0.0101227378472686,0.0103525789454579,0.0000000000000000,1.0000000000000000,-0.0000000437113883,-0.0000000754979581,0.0101227378472686,0.0000000437091465,0.9999487400054932,-0.0453113168478012,0.0000000000000000,0.0000000000000000,0.0000000000000000,1.0000000000000000
M 0.9997494816780090,-0.0000000009783476,-0.0223819818347692,0.0235044695436954,0.0000000000000000,1.0000000000000000,-0.0000000437113883,-0.0000000754979581,0.0223819818347692,0.0000000437004388,0.9997494816780090,-0.1000487953424454,0.0000000000000000,0.0000000000000000,0.0000000000000000,1.0000000000000000
M 0.9992358684539795,-0.0000000017084782,-0.0390854254364967,0.0425096154212952,0.0000000000000000,1.0000000000000000,-0.0000000437113883,-0.0000000754979581,0.0390854254364967,0.0000000436779857,0.9992358684539795,-0.1743874996900558,0.0000000000000000,0.0000000000000000,0.0000000000000000,1.0000000000000000
M 0.9982007741928101,-0.0000000026209226,-0.0599597208201885,0.0680225938558578,0.0000000000000000,1.0000000000000000,-0.0000000437113883,-0.0000000754979581,0.0599597208201885,0.0000000436327419,0.9982007741928101,-0.2668953537940979,0.0000000000000000,0.0000000000000000,0.0000000000000000,1.0000000000000000
M 0.9964047074317932,-0.0000000037032877,-0.0847213342785835,0.1008327528834343,0.0000000000000000,1.0000000000000000,-0.0000000437113883,-0.0000000754979581,0.0847213342785835,0.0000000435542411,0.9964047074317932,-0.3760622739791870,0.0000000000000000,0.0000000000000000,0.0000000000000000,1.0000000000000000
M 0.9935866594314575,-0.0000000049425855,-0.1130731776356697,0.1418131738901138,0.0000000000000000,1.0000000000000000,-0.0000000437113883,-0.0000000754979581,0.1130731776356697,0.0000000434310508,0.9935866594314575,-0.5002959370613098,0.0000000000000000,0.0000000000000000,0.0000000000000000,1.0000000000000000
M 0.9894753098487854,-0.0000000063251080,-0.1447016000747681,0.1918656378984451,0.0000000000000000,1.0000000000000000,-0.0000000437113883,-0.0000000754979581,0.1447016000747681,0.0000000432513403,0.9894753098487854,-0.6379194855690002,0.0000000000000000,0.0000000000000000,0.0000000000000000,1.0000000000000000
M 0.9837990999221802,-0.0000000078363360,-0.1792744547128677,0.2518749237060547,0.0000000000000000,1.0000000000000000,-0.0000000437113883,-0.0000000754979581,0.1792744547128677,0.0000000430032259,0.9837990999221802,-0.7871728539466858,0.0000000000000000,0.0000000000000000,0.0000000000000000,1.0000000000000000
M 0.9762960076332092,-0.0000000094608765,-0.2164396196603775,0.3226633071899414,0.0000000000000000,1.0000000000000000,-0.0000000437113883,-0.0000000754979581,0.2164396196603775,0.0000000426752536,0.9762960076332092,-0.9462161660194397,0.0000000000000000,0.0000000000000000,0.0000000000000000,1.0000000000000000
M 0.9667230248451233,-0.0000000111824860,-0.2558254301548004,0.4049477875232697,0.0000000000000000,1.0000000000000000,-0.0000000437113883,-0.0000000754979581,0.2558254301548004,0.0000000422568043,0.9667230248451233,-1.1131408214569092,0.0000000000000000,0.0000000000000000,0.0000000000000000,1.0000000000000000
M 0.9548645615577698,-0.0000000129841009,-0.2970415949821472,0.4993050992488861,0.0000000000000000,1.0000000000000000,-0.0000000437113883,-0.0000000754979581,0.2970415949821472,0.0000000417384634,0.9548645615577698,-1.2859823703765869,0.0000000000000000,0.0000000000000000,0.0000000000000000,1.0000000000000000
M 0.9405403137207031,-0.0000000148479744,-0.3396820127964020,0.6061359047889709,0.0000000000000000,1.0000000000000000,-0.0000000437113883,-0.0000000754979581,0.3396820127964020,0.0000000411123224,0.9405403137207031,-1.4627404212951660,0.0000000000000000,0.0000000000000000,0.0000000000000000,1.0000000000000000
M 0.9236121177673340,-0.0000000167558127,-0.3833283185958862,0.7256417870521545,0.0000000000000000,1.0000000000000000,-0.0000000437113883,-0.0000000754979581,0.3833283185958862,0.0000000403723668,0.9236121177673340,-1.6414022445678711,0.0000000000000000,0.0000000000000000,0.0000000000000000,1.0000000000000000
M 0.9039893150329590,-0.0000000186890254,-0.4275550842285156,0.8578031063079834,0.0000000000000000,1.0000000000000000,-0.0000000437113883,-0.0000000754979581,0.4275550842285156,0.0000000395146351,0.9039893150329590,-1.8199706077575684,0.0000000000000000,0.0000000000000000,0.0000000000000000,1.0000000000000000
M 0.8816331028938293,-0.0000000206289528,-0.4719354212284088,1.0023673772811890,0.0000000000000000,1.0000000000000000,-0.0000000437113883,-0.0000000754979581,0.4719354212284088,0.0000000385374079,0.8816331028938293,-1.9964939355850220,0.0000000000000000,0.0000000000000000,0.0000000000000000,1.0000000000000000
M 0.8565599322319031,-0.0000000225571544,-0.5160475373268127,1.1588386297225952,0.0000000000000000,1.0000000000000000,-0.0000000437113883,-0.0000000754979581,0.5160475373268127,0.0000000374414242,0.8565599322319031,-2.1690981388092041,0.0000000000000000,0.0000000000000000,0.0000000000000000,1.0000000000000000
M 0.8288423418998718,-0.0000000244557476,-0.5594822764396667,1.3264827728271484,0.0000000000000000,1.0000000000000000,-0.0000000437113883,-0.0000000754979581,0.5594822764396667,0.0000000362298493,0.8288423418998718,-2.3360226154327393,0.0000000000000000,0.0000000000000000,0.0000000000000000,1.0000000000000000
M 0.7986092567443848,-0.0000000263076956,-0.6018498539924622,1.5043324232101440,0.0000000000000000,1.0000000000000000,-0.0000000437113883,-0.0000000754979581,0.6018498539924622,0.0000000349083180,0.7986092567443848,-2.4956490993499756,0.0000000000000000,0.0000000000000000,0.0000000000000000,1.0000000000000000
M 0.7660444378852844,-0.0000000280971371,-0.6427875757217407,1.6912014484405518,0.0000000000000000,1.0000000000000000,-0.0000000437113883,-0.0000000754979581,0.6427875757217407,0.0000000334848664,0.7660444378852844,-2.6465363502502441,0.0000000000000000,0.0000000000000000,0.0000000000000000,1.0000000000000000
M 0.7313835024833679,-0.0000000298096943,-0.6819663643836975,1.8857043981552124,0.0000000000000000,1.0000000000000000,-0.0000000437113883,-0.0000000754979581,0.6819663643836975,0.0000000319697904,0.7313835024833679,-2.7874453067779541,0.0000000000000000,0.0000000000000000,0.0000000000000000,1.0000000000000000
M 0.6949093937873840,-0.0000000314327444,-0.7190973162651062,2.0862848758697510,0.0000000000000000,1.0000000000000000,-0.0000000437113883,-0.0000000754979581,0.7190973162651062,0.0000000303754568,0.6949093937873840,-2.9173643589019775,0.0000000000000000,0.0000000000000000,0.0000000000000000,1.0000000000000000
M 0.6569476723670959,-0.0000000329555974,-0.7539361715316772,2.2912399768829346,0.0000000000000000,1.0000000000000000,-0.0000000437113883,-0.0000000754979581,0.7539361715316772,0.0000000287160979,0.6569476723670959,-3.0355243682861328,0.0000000000000000,0.0000000000000000,0.0000000000000000,1.0000000000000000
M 0.6178596019744873,-0.0000000343697586,-0.7862884402275085,2.4987554550170898,0.0000000000000000,1.0000000000000000,-0.0000000437113883,-0.0000000754979581,0.7862884402275085,0.0000000270075002,0.6178596019744873,-3.1414146423339844,0.0000000000000000,0.0000000000000000,0.0000000000000000,1.0000000000000000
M 0.5780356526374817,-0.0000000356689966,-0.8160114884376526,2.7069396972656250,0.0000000000000000,1.0000000000000000,-0.0000000437113883,-0.0000000754979581,0.8160114884376526,0.0000000252667451,0.5780356526374817,-3.2347872257232666,0.0000000000000000,0.0000000000000000,0.0000000000000000,1.0000000000000000
M 0.5378884077072144,-0.0000000368494000,-0.8430160284042358,2.9138541221618652,0.0000000000000000,1.0000000000000000,-0.0000000437113883,-0.0000000754979581,0.8430160284042358,0.0000000235118485,0.5378884077072144,-3.3156540393829346,0.0000000000000000,0.0000000000000000,0.0000000000000000,1.0000000000000000
M 0.4978445768356323,-0.0000000379094125,-0.8672662973403931,3.1175508499145508,0.0000000000000000,1.0000000000000000,-0.0000000437113883,-0.0000000754979581,0.8672662973403931,0.0000000217614815,0.4978445768356323,-3.3842818737030029,0.0000000000000000,0.0000000000000000,0.0000000000000000,1.0000000000000000
M 0.4583394229412079,-0.0000000388496950,-0.8887772560119629,3.3160943984985352,0.0000000000000000,1.0000000000000000,-0.0000000437113883,-0.0000000754979581,0.8887772560119629,0.0000000200346566,0.4583394229412079,-3.4411725997924805,0.0000000000000000,0.0000000000000000,0.0000000000000000,1.0000000000000000
M 0.4198085963726044,-0.0000000396730115,-0.9076126813888550,3.5075960159301758,0.0000000000000000,1.0000000000000000,-0.0000000437113883,-0.0000000754979581,0.9076126813888550,0.0000000183504199,0.4198085963726044,-3.4870481491088867,0.0000000000000000,0.0000000000000000,0.0000000000000000,1.0000000000000000
M 0.3826835453510284,-0.0000000403840552,-0.9238795042037964,3.6902296543121338,0.0000000000000000,1.0000000000000000,-0.0000000437113883,-0.0000000754979581,0.9238795042037964,0.0000000167276308,0.3826835453510284,-3.5228185653686523,0.0000000000000000,0.0000000000000000,0.0000000000000000,1.0000000000000000
M 0.3473858833312988,-0.0000000409891427,-0.9377222657203674,3.8622498512268066,0.0000000000000000,1.0000000000000000,-0.0000000437113883,-0.0000000754979581,0.9377222657203674,0.0000000151847193,0.3473858833312988,-3.5495536327362061,0.0000000000000000,0.0000000000000000,0.0000000000000000,1.0000000000000000
M 0.3143238425254822,-0.0000000414959125,-0.9493158459663391,4.0220026969909668,0.0000000000000000,1.0000000000000000,-0.0000000437113883,-0.0000000754979581,0.9493158459663391,0.0000000137395313,0.3143238425254822,-3.5684454441070557,0.0000000000000000,0.0000000000000000,0.0000000000000000,1.0000000000000000
M 0.2838898301124573,-0.0000000419129655,-0.9588568806648254,4.1679263114929199,0.0000000000000000,1.0000000000000000,-0.0000000437113883,-0.0000000754979581,0.9588568806648254,0.0000000124092185,0.2838898301124573,-3.5807673931121826,0.0000000000000000,0.0000000000000000,0.0000000000000000,1.0000000000000000
M 0.2564581334590912,-0.0000000422494821,-0.9665553569793701,4.2985529899597168,0.0000000000000000,1.0000000000000000,-0.0000000437113883,-0.0000000754979581,0.9665553569793701,0.0000000112101430,0.2564581334590912,-3.5878343582153320,0.0000000000000000,0.0000000000000000,0.0000000000000000,1.0000000000000000
M 0.2323844134807587,-0.0000000425147526,-0.9726240038871765,4.4125018119812012,0.0000000000000000,1.0000000000000000,-0.0000000437113883,-0.0000000754979581,0.9726240038871765,0.0000000101578452,0.2323844134807587,-3.5909554958343506,0.0000000000000000,0.0000000000000000,0.0000000000000000,1.0000000000000000
M 0.2120069414377213,-0.0000000427177476,-0.9772681593894958,4.5084629058837891,0.0000000000000000,1.0000000000000000,-0.0000000437113883,-0.0000000754979581,0.9772681593894958,0.0000000092671195,0.2120069414377213,-3.5913896560668945,0.0000000000000000,0.0000000000000000,0.0000000000000000,1.0000000000000000
M 0.1956465095281601,-0.0000000428666453,-0.9806745052337646,4.5851840972900391,0.0000000000000000,1.0000000000000000,-0.0000000437113883,-0.0000000754979581,0.9806745052337646,0.0000000085519813,0.1956465095281601,-3.5902941226959229,0.0000000000000000,0.0000000000000000,0.0000000000000000,1.0000000000000000
M 0.1836083680391312,-0.0000000429682707,-0.9829994440078735,4.6414551734924316,0.0000000000000000,1.0000000000000000,-0.0000000437113883,-0.0000000754979581,0.9829994440078735,0.0000000080257765,0.1836083680391312,-3.5886745452880859,0.0000000000000000,0.0000000000000000,0.0000000000000000,1.0000000000000000
M 0.1761827319860458,-0.0000000430276330,-0.9843574762344360,4.6760892868041992,0.0000000000000000,1.0000000000000000,-0.0000000437113883,-0.0000000754979581,0.9843574762344360,0.0000000077011917,0.1761827319860458,-3.5873346328735352,0.0000000000000000,0.0000000000000000,0.0000000000000000,1.0000000000000000
M 0.1736482232809067,-0.0000000430473115,-0.9848077297210693,4.6878972053527832,0.0000000000000000,1.0000000000000000,-0.0000000437113883,-0.0000000754979581,0.9848077297210693,0.0000000075904056,0.1736482232809067,-3.5868177413940430,0.0000000000000000,0.0000000000000000,0.0000000000000000,1.0000000000000000
M 0.1736482232809067,-0.0000000430473115,-0.9848077297210693,4.6878972053527832,0.0000000000000000,1.0000000000000000,-0.0000000437113883,-0.0000000754979581,0.9848077297210693,0.0000000075904056,0.1736482232809067,-3.5868177413940430,0.0000000000000000,0.0000000000000000,0.0000000000000000,1.0000000000000000
M 0.1736482232809067,-0.0000000430473115,-0.9848077297210693,4.6878972053527832,0.0000000000000000,1.0000000000000000,-0.0000000437113883,-0.0000000754979581,0.9848077297210693,0.0000000075904056,0.1736482232809067,-3.5868177413940430,0.0000000000000000,0.0000000000000000,0.0000000000000000,1.0000000000000000
M 0.1736482232809067,-0.0000000430473115,-0.9848077297210693,4.6878972053527832,0.0000000000000000,1.0000000000000000,-0.0000000437113883,-0.0000000754979581,0.9848077297210693,0.0000000075904056,0.1736482232809067,-3.5868177413940430,0.0000000000000000,0.0000000000000000,0.0000000000000000,1.0000000000000000
M 0.1736482232809067,-0.0000000430473115,-0.9848077297210693,4.6878972053527832,0.0000000000000000,1.0000000000000000,-0.0000000437113883,-0.0000000754979581,0.9848077297210693,0.0000000075904056,0.1736482232809067,-3.5868177413940430,0.0000000000000000,0.0000000000000000,0.0000000000000000,1.0000000000000000
M 0.1736482232809067,-0.0000000430473115,-0.9848077297210693,4.6878972053527832,0.0000000000000000,1.0000000000000000,-0.0000000437113883,-0.0000000754979581,0.9848077297210693,0.0000000075904056,0.1736482232809067,-3.5868177413940430,0.0000000000000000,0.0000000000000000,0.0000000000000000,1.0000000000000000
M 0.1736482232809067,-0.0000000430473115,-0.9848077297210693,4.6878972053527832,0.0000000000000000,1.0000000000000000,-0.0000000437113883,-0.0000000754979581,0.9848077297210693,0.0000000075904056,0.1736482232809067,-3.5868177413940430,0.0000000000000000,0.0000000000000000,0.0000000000000000,1.0000000000000000
M 0.1736482232809067,-0.0000000430473115,-0.9848077297210693,4.6878972053527832,0.0000000000000000,1.0000000000000000,-0.0000000437113883,-0.0000000754979581,0.9848077297210693,0.0000000075904056,0.1736482232809067,-3.5868177413940430,0.0000000000000000,0.0000000000000000,0.0000000000000000,1.0000000000000000
M 0.1736482232809067,-0.0000000430473115,-0.9848077297210693,4.6878972053527832,0.0000000000000000,1.0000000000000000,-0.0000000437113883,-0.0000000754979581,0.9848077297210693,0.0000000075904056,0.1736482232809067,-3.5868177413940430,0.0000000000000000,0.0000000000000000,0.0000000000000000,1.0000000000000000
M 0.1736482232809067,-0.0000000430473115,-0.9848077297210693,4.6878972053527832,0.0000000000000000,1.0000000000000000,-0.0000000437113883,-0.0000000754979581,0.9848077297210693,0.0000000075904056,0.1736482232809067,-3.5868177413940430,0.0000000000000000,0.0000000000000000,0.0000000000000000,1.0000000000000000
M 0.1736482232809067,-0.0000000430473115,-0.9848077297210693,4.6878972053527832,0.0000000000000000,1.0000000000000000,-0.0000000437113883,-0.0000000754979581,0.9848077297210693,0.0000000075904056,0.1736482232809067,-3.5868177413940430,0.0000000000000000,0.0000000000000000,0.0000000000000000,1.0000000000000000
M 0.1736482232809067,-0.0000000430473115,-0.9848077297210693,4.6878972053527832,0.0000000000000000,1.0000000000000000,-0.0000000437113883,-0.0000000754979581,0.9848077297210693,0.0000000075904056,0.1736482232809067,-3.5868177413940430,0.0000000000000000,0.0000000000000000,0.0000000000000000,1.0000000000000000
M 0.1736482232809067,-0.0000000430473115,-0.9848077297210693,4.6878972053527832,0.0000000000000000,1.0000000000000000,-0.0000000437113883,-0.0000000754979581,0.9848077297210693,0.0000000075904056,0.1736482232809067,-3.5868177413940430,0.0000000000000000,0.0000000000000000,0.0000000000000000,1.0000000000000000
M 0.1736482232809067,-0.0000000430473115,-0.9848077297210693,4.6878972053527832,0.0000000000000000,1.0000000000000000,-0.0000000437113883,-0.0000000754979581,0.9848077297210693,0.0000000075904056,0.1736482232809067,-3.5868177413940430,0.0000000000000000,0.0000000000000000,0.0000000000000000,1.0000000000000000
M 0.1736482232809067,-0.0000000430473115,-0.9848077297210693,4.6878972053527832,0.0000000000000000,1.0000000000000000,-0.0000000437113883,-0.0000000754979581,0.9848077297210693,0.0000000075904056,0.1736482232809067,-3.5868177413940430,0.0000000000000000,0.0000000000000000,0.0000000000000000,1.0000000000000000
M 0.1736482232809067,-0.0000000430473115,-0.9848077297210693,4.6878972053527832,0.0000000000000000,1.0000000000000000,-0.0000000437113883,-0.0000000754979581,0.9848077297210693,0.0000000075904056,0.1736482232809067,-3.5868177413940430,0.0000000000000000,0.0000000000000000,0.0000000000000000,1.0000000000000000
M 0.1736482232809067,-0.0000000430473115,-0.9848077297210693,4.6878972053527832,0.0000000000000000,1.0000000000000000,-0.0000000437113883,-0.0000000754979581,0.9848077297210693,0.0000000075904056,0.1736482232809067,-3.5868177413940430,0.0000000000000000,0.0000000000000000,0.0000000000000000,1.0000000000000000
M 0.1736482232809067,-0.0000000430473115,-0.9848077297210693,4.6878972053527832,0.0000000000000000,1.0000000000000000,-0.0000000437113883,-0.0000000754979581,0.9848077297210693,0.0000000075904056,0.1736482232809067,-3.5868177413940430,0.0000000000000000,0.0000000000000000,0.0000000000000000,1.0000000000000000
M 0.1736482232809067,-0.0000000430473115,-0.9848077297210693,4.6878972053527832,0.0000000000000000,1.0000000000000000,-0.0000000437113883,-0.0000000754979581,0.9848077297210693,0.0000000075904056,0.1736482232809067,-3.5868177413940430,0.0000000000000000,0.0000000000000000,0.0000000000000000,1.0000000000000000
M 0.1736482232809067,-0.0000000430473115,-0.9848077297210693,4.6878972053527832,0.0000000000000000,1.0000000000000000,-0.0000000437113883,-0.0000000754979581,0.9848077297210693,0.0000000075904056,0.1736482232809067,-3.5868177413940430,0.0000000000000000,0.0000000000000000,0.0000000000000000,1.0000000000000000
M 0.1736482232809067,-0.0000000430473115,-0.9848077297210693,4.6878972053527832,0.0000000000000000,1.0000000000000000,-0.0000000437113883,-0.0000000754979581,0.9848077297210693,0.0000000075904056,0.1736482232809067,-3.5868177413940430,0.0000000000000000,0.0000000000000000,0.0000000000000000,1.0000000000000000
O DOOR_2_INTERIOR_LCG_IL_LABEL_Door
A DOOR_2_INTERIOR_LCG_IL_LABEL_Door_DOOR_2_INTERIOR_LCG_IL_LABEL_Door
M 1.0000000000000000,0.0000000000000000,0.0000000000000000,0.0000000000000000,0.0000000000000000,1.0000000000000000,-0.0000000437113883,-0.0000000754979581,-0.0000000000000000,0.0000000437113883,1.0000000000000000,-0.0000000543924585,0.0000000000000000,0.0000000000000000,0.0000000000000000,1.0000000000000000
M 1.0000000000000000,0.0000000000000000,0.0000000000000000,0.0000000000000000,0.0000000000000000,1.0000000000000000,-0.0000000437113883,-0.0000000754979581,-0.0000000000000000,0.0000000437113883,1.0000000000000000,-0.0000000543924585,0.0000000000000000,0.0000000000000000,0.0000000000000000,1.0000000000000000
M 1.0000000000000000,0.0000000000000000,0.0000000000000000,0.0000000000000000,0.0000000000000000,1.0000000000000000,-0.0000000437113883,-0.0000000754979581,-0.0000000000000000,0.0000000437113883,1.0000000000000000,-0.0000000543924585,0.0000000000000000,0.0000000000000000,0.0000000000000000,1.0000000000000000
M 1.0000000000000000,0.0000000000000000,0.0000000000000000,0.0000000000000000,0.0000000000000000,1.0000000000000000,-0.0000000437113883,-0.0000000754979581,-0.0000000000000000,0.0000000437113883,1.0000000000000000,-0.0000000543924585,0.0000000000000000,0.0000000000000000,0.0000000000000000,1.0000000000000000
M 1.0000000000000000,0.0000000000000000,0.0000000000000000,0.0000000000000000,0.0000000000000000,1.0000000000000000,-0.0000000437113883,-0.0000000754979581,-0.0000000000000000,0.0000000437113883,1.0000000000000000,-0.0000000543924585,0.0000000000000000,0.0000000000000000,0.0000000000000000,1.0000000000000000
M 1.0000000000000000,0.0000000000000000,0.0000000000000000,0.0000000000000000,0.0000000000000000,1.0000000000000000,-0.0000000437113883,-0.0000000754979581,-0.0000000000000000,0.0000000437113883,1.0000000000000000,-0.0000000543924585,0.0000000000000000,0.0000000000000000,0.0000000000000000,1.0000000000000000
M 1.0000000000000000,0.0000000000000000,0.0000000000000000,0.0000000000000000,0.0000000000000000,1.0000000000000000,-0.0000000437113883,-0.0000000754979581,-0.0000000000000000,0.0000000437113883,1.0000000000000000,-0.0000000543924585,0.0000000000000000,0.0000000000000000,0.0000000000000000,1.0000000000000000
M 1.0000000000000000,0.0000000000000000,0.0000000000000000,0.0000000000000000,0.0000000000000000,1.0000000000000000,-0.0000000437113883,-0.0000000754979581,-0.0000000000000000,0.0000000437113883,1.0000000000000000,-0.0000000543924585,0.0000000000000000,0.0000000000000000,0.0000000000000000,1.0000000000000000
M 1.0000000000000000,0.0000000000000000,0.0000000000000000,0.0000000000000000,0.0000000000000000,1.0000000000000000,-0.0000000437113883,-0.0000000754979581,-0.0000000000000000,0.0000000437113883,1.0000000000000000,-0.0000000543924585,0.0000000000000000,0.0000000000000000,0.0000000000000000,1.0000000000000000
M 1.0000000000000000,0.0000000000000000,0.0000000000000000,0.0000000000000000,0.0000000000000000,1.0000000000000000,-0.0000000437113883,-0.0000000754979581,-0.0000000000000000,0.0000000437113883,1.0000000000000000,-0.0000000543924585,0.0000000000000000,0.0000000000000000,0.0000000000000000,1.0000000000000000
M 1.0000000000000000,0.0000000000000000,0.0000000000000000,0.0000000000000000,0.0000000000000000,1.0000000000000000,-0.0000000437113883,-0.0000000754979581,-0.0000000000000000,0.0000000437113883,1.0000000000000000,-0.0000000543924585,0.0000000000000000,0.0000000000000000,0.0000000000000000,1.0000000000000000
M 1.0000000000000000,0.0000000000000000,0.0000000000000000,0.0000000000000000,0.0000000000000000,1.0000000000000000,-0.0000000437113883,-0.0000000754979581,-0.0000000000000000,0.0000000437113883,1.0000000000000000,-0.0000000543924585,0.0000000000000000,0.0000000000000000,0.0000000000000000,1.0000000000000000
M 1.0000000000000000,0.0000000000000000,0.0000000000000000,0.0000000000000000,0.0000000000000000,1.0000000000000000,-0.0000000437113883,-0.0000000754979581,-0.0000000000000000,0.0000000437113883,1.0000000000000000,-0.0000000543924585,0.0000000000000000,0.0000000000000000,0.0000000000000000,1.0000000000000000
M 1.0000000000000000,0.0000000000000000,0.0000000000000000,0.0000000000000000,0.0000000000000000,1.0000000000000000,-0.0000000437113883,-0.0000000754979581,-0.0000000000000000,0.0000000437113883,1.0000000000000000,-0.0000000543924585,0.0000000000000000,0.0000000000000000,0.0000000000000000,1.0000000000000000
M 1.0000000000000000,0.0000000000000000,0.0000000000000000,0.0000000000000000,0.0000000000000000,1.0000000000000000,-0.0000000437113883,-0.0000000754979581,-0.0000000000000000,0.0000000437113883,1.0000000000000000,-0.0000000543924585,0.0000000000000000,0.0000000000000000,0.0000000000000000,1.0000000000000000
M 1.0000000000000000,0.0000000000000000,0.0000000000000000,0.0000000000000000,0.0000000000000000,1.0000000000000000,-0.0000000437113883,-0.0000000754979581,-0.0000000000000000,0.0000000437113883,1.0000000000000000,-0.0000000543924585,0.0000000000000000,0.0000000000000000,0.0000000000000000,1.0000000000000000
M 1.0000000000000000,0.0000000000000000,0.0000000000000000,0.0000000000000000,0.0000000000000000,1.0000000000000000,-0.0000000437113883,-0.0000000754979581,-0.0000000000000000,0.0000000437113883,1.0000000000000000,-0.0000000543924585,0.0000000000000000,0.0000000000000000,0.0000000000000000,1.0000000000000000
M 1.0000000000000000,0.0000000000000000,0.0000000000000000,0.0000000000000000,0.0000000000000000,1.0000000000000000,-0.0000000437113883,-0.0000000754979581,-0.0000000000000000,0.0000000437113883,1.0000000000000000,-0.0000000543924585,0.0000000000000000,0.0000000000000000,0.0000000000000000,1.0000000000000000
M 1.0000000000000000,0.0000000000000000,0.0000000000000000,0.0000000000000000,0.0000000000000000,1.0000000000000000,-0.0000000437113883,-0.0000000754979581,-0.0000000000000000,0.0000000437113883,1.0000000000000000,-0.0000000543924585,0.0000000000000000,0.0000000000000000,0.0000000000000000,1.0000000000000000
M 1.0000000000000000,0.0000000000000000,0.0000000000000000,0.0000000000000000,0.0000000000000000,1.0000000000000000,-0.0000000437113883,-0.0000000754979581,-0.0000000000000000,0.0000000437113883,1.0000000000000000,-0.0000000543924585,0.0000000000000000,0.0000000000000000,0.0000000000000000,1.0000000000000000
M 1.0000000000000000,0.0000000000000000,0.0000000000000000,0.0000000000000000,0.0000000000000000,1.0000000000000000,-0.0000000437113883,-0.0000000754979581,-0.0000000000000000,0.0000000437113883,1.0000000000000000,-0.0000000543924585,0.0000000000000000,0.0000000000000000,0.0000000000000000,1.0000000000000000
M 0.9999966621398926,-0.0000000001125288,-0.0025743583682925,0.0025891417171806,0.0000000000000000,1.0000000000000000,-0.0000000437113883,-0.0000000754979581,0.0025743583682925,0.0000000437112426,0.9999966621398926,-0.0115330601111054,0.0000000000000000,0.0000000000000000,0.0000000000000000,1.0000000000000000
M 0.9999487400054932,-0.0000000004424789,-0.0101227378472686,0.0103525789454579,0.0000000000000000,1.0000000000000000,-0.0000000437113883,-0.0000000754979581,0.0101227378472686,0.0000000437091465,0.9999487400054932,-0.0453114360570908,0.0000000000000000,0.0000000000000000,0.0000000000000000,1.0000000000000000
M 0.9997494816780090,-0.0000000009783476,-0.0223819818347692,0.0235044695436954,0.0000000000000000,1.0000000000000000,-0.0000000437113883,-0.0000000754979581,0.0223819818347692,0.0000000437004388,0.9997494816780090,-0.1000487953424454,0.0000000000000000,0.0000000000000000,0.0000000000000000,1.0000000000000000
M 0.9992358684539795,-0.0000000017084782,-0.0390854254364967,0.0425096154212952,0.0000000000000000,1.0000000000000000,-0.0000000437113883,-0.0000000754979581,0.0390854254364967,0.0000000436779857,0.9992358684539795,-0.1743874996900558,0.0000000000000000,0.0000000000000000,0.0000000000000000,1.0000000000000000
M 0.9982007741928101,-0.0000000026209226,-0.0599597208201885,0.0680225938558578,0.0000000000000000,1.0000000000000000,-0.0000000437113883,-0.0000000754979581,0.0599597208201885,0.0000000436327419,0.9982007741928101,-0.2668953537940979,0.0000000000000000,0.0000000000000000,0.0000000000000000,1.0000000000000000
M 0.9964047074317932,-0.0000000037032877,-0.0847213342785835,0.1008327528834343,0.0000000000000000,1.0000000000000000,-0.0000000437113883,-0.0000000754979581,0.0847213342785835,0.0000000435542411,0.9964047074317932,-0.3760623931884766,0.0000000000000000,0.0000000000000000,0.0000000000000000,1.0000000000000000
M 0.9935866594314575,-0.0000000049425855,-0.1130731776356697,0.1418131738901138,0.0000000000000000,1.0000000000000000,-0.0000000437113883,-0.0000000754979581,0.1130731776356697,0.0000000434310508,0.9935866594314575,-0.5002959370613098,0.0000000000000000,0.0000000000000000,0.0000000000000000,1.0000000000000000
M 0.9894753098487854,-0.0000000063251080,-0.1447016000747681,0.1918656378984451,0.0000000000000000,1.0000000000000000,-0.0000000437113883,-0.0000000754979581,0.1447016000747681,0.0000000432513403,0.9894753098487854,-0.6379194855690002,0.0000000000000000,0.0000000000000000,0.0000000000000000,1.0000000000000000
M 0.9837990999221802,-0.0000000078363360,-0.1792744547128677,0.2518749237060547,0.0000000000000000,1.0000000000000000,-0.0000000437113883,-0.0000000754979581,0.1792744547128677,0.0000000430032259,0.9837990999221802,-0.7871728539466858,0.0000000000000000,0.0000000000000000,0.0000000000000000,1.0000000000000000
M 0.9762960076332092,-0.0000000094608765,-0.2164396196603775,0.3226633071899414,0.0000000000000000,1.0000000000000000,-0.0000000437113883,-0.0000000754979581,0.2164396196603775,0.0000000426752536,0.9762960076332092,-0.9462161660194397,0.0000000000000000,0.0000000000000000,0.0000000000000000,1.0000000000000000
M 0.9667230248451233,-0.0000000111824860,-0.2558254301548004,0.4049477875232697,0.0000000000000000,1.0000000000000000,-0.0000000437113883,-0.0000000754979581,0.2558254301548004,0.0000000422568043,0.9667230248451233,-1.1131408214569092,0.0000000000000000,0.0000000000000000,0.0000000000000000,1.0000000000000000
M 0.9548645615577698,-0.0000000129841009,-0.2970415949821472,0.4993055760860443,0.0000000000000000,1.0000000000000000,-0.0000000437113883,-0.0000000754979581,0.2970415949821472,0.0000000417384634,0.9548645615577698,-1.2859823703765869,0.0000000000000000,0.0000000000000000,0.0000000000000000,1.0000000000000000
M 0.9405403137207031,-0.0000000148479744,-0.3396820127964020,0.6061359047889709,0.0000000000000000,1.0000000000000000,-0.0000000437113883,-0.0000000754979581,0.3396820127964020,0.0000000411123224,0.9405403137207031,-1.4627404212951660,0.0000000000000000,0.0000000000000000,0.0000000000000000,1.0000000000000000
M 0.9236121177673340,-0.0000000167558127,-0.3833283185958862,0.7256417870521545,0.0000000000000000,1.0000000000000000,-0.0000000437113883,-0.0000000754979581,0.3833283185958862,0.0000000403723668,0.9236121177673340,-1.6414022445678711,0.0000000000000000,0.0000000000000000,0.0000000000000000,1.0000000000000000
M 0.9039893150329590,-0.0000000186890254,-0.4275550842285156,0.8578035831451416,0.0000000000000000,1.0000000000000000,-0.0000000437113883,-0.0000000754979581,0.4275550842285156,0.0000000395146351,0.9039893150329590,-1.8199706077575684,0.0000000000000000,0.0000000000000000,0.0000000000000000,1.0000000000000000
M 0.8816331028938293,-0.0000000206289528,-0.4719354212284088,1.0023673772811890,0.0000000000000000,1.0000000000000000,-0.0000000437113883,-0.0000000754979581,0.4719354212284088,0.0000000385374079,0.8816331028938293,-1.9964939355850220,0.0000000000000000,0.0000000000000000,0.0000000000000000,1.0000000000000000
M 0.8565599322319031,-0.0000000225571544,-0.5160475373268127,1.1588391065597534,0.0000000000000000,1.0000000000000000,-0.0000000437113883,-0.0000000754979581,0.5160475373268127,0.0000000374414242,0.8565599322319031,-2.1690981388092041,0.0000000000000000,0.0000000000000000,0.0000000000000000,1.0000000000000000
M 0.8288423418998718,-0.0000000244557476,-0.5594822764396667,1.3264827728271484,0.0000000000000000,1.0000000000000000,-0.0000000437113883,-0.0000000754979581,0.5594822764396667,0.0000000362298493,0.8288423418998718,-2.3360226154327393,0.0000000000000000,0.0000000000000000,0.0000000000000000,1.0000000000000000
M 0.7986092567443848,-0.0000000263076956,-0.6018498539924622,1.5043319463729858,0.0000000000000000,1.0000000000000000,-0.0000000437113883,-0.0000000754979581,0.6018498539924622,0.0000000349083180,0.7986092567443848,-2.4956490993499756,0.0000000000000000,0.0000000000000000,0.0000000000000000,1.0000000000000000
M 0.7660444378852844,-0.0000000280971371,-0.6427875757217407,1.6912014484405518,0.0000000000000000,1.0000000000000000,-0.0000000437113883,-0.0000000754979581,0.6427875757217407,0.0000000334848664,0.7660444378852844,-2.6465363502502441,0.0000000000000000,0.0000000000000000,0.0000000000000000,1.0000000000000000
M 0.7313835024833679,-0.0000000298096943,-0.6819663643836975,1.8857039213180542,0.0000000000000000,1.0000000000000000,-0.0000000437113883,-0.0000000754979581,0.6819663643836975,0.0000000319697904,0.7313835024833679,-2.7874453067779541,0.0000000000000000,0.0000000000000000,0.0000000000000000,1.0000000000000000
M 0.6949093937873840,-0.0000000314327444,-0.7190973162651062,2.0862843990325928,0.0000000000000000,1.0000000000000000,-0.0000000437113883,-0.0000000754979581,0.7190973162651062,0.0000000303754568,0.6949093937873840,-2.9173641204833984,0.0000000000000000,0.0000000000000000,0.0000000000000000,1.0000000000000000
M 0.6569476723670959,-0.0000000329555974,-0.7539361715316772,2.2912399768829346,0.0000000000000000,1.0000000000000000,-0.0000000437113883,-0.0000000754979581,0.7539361715316772,0.0000000287160979,0.6569476723670959,-3.0355241298675537,0.0000000000000000,0.0000000000000000,0.0000000000000000,1.0000000000000000
M 0.6178596019744873,-0.0000000343697586,-0.7862884402275085,2.4987549781799316,0.0000000000000000,1.0000000000000000,-0.0000000437113883,-0.0000000754979581,0.7862884402275085,0.0000000270075002,0.6178596019744873,-3.1414148807525635,0.0000000000000000,0.0000000000000000,0.0000000000000000,1.0000000000000000
M 0.5780356526374817,-0.0000000356689966,-0.8160114884376526,2.7069392204284668,0.0000000000000000,1.0000000000000000,-0.0000000437113883,-0.0000000754979581,0.8160114884376526,0.0000000252667451,0.5780356526374817,-3.2347874641418457,0.0000000000000000,0.0000000000000000,0.0000000000000000,1.0000000000000000
M 0.5378884077072144,-0.0000000368494000,-0.8430160284042358,2.9138541221618652,0.0000000000000000,1.0000000000000000,-0.0000000437113883,-0.0000000754979581,0.8430160284042358,0.0000000235118485,0.5378884077072144,-3.3156542778015137,0.0000000000000000,0.0000000000000000,0.0000000000000000,1.0000000000000000
