O FAN
A FAN_FAN
M 0.9876883625984192,0.0000000068379689,0.1564344763755798,-0.0788712128996849,0.0000000000000000,1.0000000000000000,-0.0000000437113883,-0.0000000000000053,-0.1564344763755798,0.0000000431732303,0.9876883625984192,-1.0021584033966064,0.0000000000000000,0.0000000000000000,0.0000000000000000,1.0000000000000000
M 0.9510565400123596,0.0000000135075622,0.3090170025825500,-0.3135441839694977,0.0000000000000000,1.0000000000000000,-0.0000000437113883,-0.0000000000000053,-0.3090170025825500,0.0000000415720081,0.9510565400123596,-1.9796401262283325,0.0000000000000000,0.0000000000000000,0.0000000000000000,1.0000000000000000
M 0.8910065293312073,0.0000000198445562,0.4539905190467834,-0.6982392072677612,0.0000000000000000,1.0000000000000000,-0.0000000437113883,-0.0000000000000053,-0.4539905190467834,0.0000000389471317,0.8910065293312073,-2.9083766937255859,0.0000000000000000,0.0000000000000000,0.0000000000000000,1.0000000000000000
M 0.8090170025825500,0.0000000256929091,0.5877852439880371,-1.2234848737716675,0.0000000000000000,1.0000000000000000,-0.0000000437113883,-0.0000000000000053,-0.5877852439880371,0.0000000353632572,0.8090170025825500,-3.7654991149902344,0.0000000000000000,0.0000000000000000,0.0000000000000000,1.0000000000000000
M 0.7071067690849304,0.0000000309086161,0.7071067690849304,-1.8763468265533447,0.0000000000000000,1.0000000000000000,-0.0000000437113883,-0.0000000000000053,-0.7071067690849304,0.0000000309086197,0.7071067690849304,-4.5299029350280762,0.0000000000000000,0.0000000000000000,0.0000000000000000,1.0000000000000000
M 0.5877852439880371,0.0000000353632572,0.8090170025825500,-2.6407506465911865,0.0000000000000000,1.0000000000000000,-0.0000000437113883,-0.0000000000000053,-0.8090170025825500,0.0000000256929127,0.5877852439880371,-5.1827650070190430,0.0000000000000000,0.0000000000000000,0.0000000000000000,1.0000000000000000
M 0.4539904296398163,0.0000000389471353,0.8910065889358521,-3.4978735446929932,0.0000000000000000,1.0000000000000000,-0.0000000437113883,-0.0000000000000053,-0.8910065889358521,0.0000000198445527,0.4539904296398163,-5.7080111503601074,0.0000000000000000,0.0000000000000000,0.0000000000000000,1.0000000000000000
M 0.3090169727802277,0.0000000415720010,0.9510565400123596,-4.4266095161437988,0.0000000000000000,1.0000000000000000,-0.0000000437113883,-0.0000000000000053,-0.9510565400123596,0.0000000135075631,0.3090169727802277,-6.0927057266235352,0.0000000000000000,0.0000000000000000,0.0000000000000000,1.0000000000000000
M 0.1564344912767410,0.0000000431732303,0.9876883625984192,-5.4040913581848145,0.0000000000000000,1.0000000000000000,-0.0000000437113883,-0.0000000000000053,-0.9876883625984192,0.0000000068379697,0.1564344912767410,-6.3273787498474121,0.0000000000000000,0.0000000000000000,0.0000000000000000,1.0000000000000000
M -0.0000000437113883,0.0000000437113883,1.0000000000000000,-6.4062500000000000,0.0000000000000000,1.0000000000000000,-0.0000000437113883,-0.0000000000000053,-1.0000000000000000,-0.0000000000000019,-0.0000000437113883,-6.4062504768371582,0.0000000000000000,0.0000000000000000,0.0000000000000000,1.0000000000000000
M -0.1564345657825470,0.0000000431732268,0.9876883029937744,-7.4084086418151855,0.0000000000000000,1.0000000000000000,-0.0000000437113883,-0.0000000000000053,-0.9876883029937744,-0.0000000068379720,-0.1564345657825470,-6.3273787498474121,0.0000000000000000,0.0000000000000000,0.0000000000000000,1.0000000000000000
M -0.3090170323848724,0.0000000415719974,0.9510564804077148,-8.3858900070190430,0.0000000000000000,1.0000000000000000,-0.0000000437113883,-0.0000000000000053,-0.9510564804077148,-0.0000000135075631,-0.3090170323848724,-6.0927062034606934,0.0000000000000000,0.0000000000000000,0.0000000000000000,1.0000000000000000
M -0.4539906084537506,0.0000000389471282,0.8910064697265625,-9.3146276473999023,0.0000000000000000,1.0000000000000000,-0.0000000437113883,-0.0000000000000053,-0.8910064697265625,-0.0000000198445598,-0.4539906084537506,-5.7080106735229492,0.0000000000000000,0.0000000000000000,0.0000000000000000,1.0000000000000000
M -0.5877854228019714,0.0000000353632501,0.8090168833732605,-10.1717500686645508,0.0000000000000000,1.0000000000000000,-0.0000000437113883,-0.0000000000000053,-0.8090168833732605,-0.0000000256929198,-0.5877854228019714,-5.1827650070190430,0.0000000000000000,0.0000000000000000,0.0000000000000000,1.0000000000000000
M -0.7071069478988647,0.0000000309086090,0.7071065902709961,-10.9361534118652344,0.0000000000000000,1.0000000000000000,-0.0000000437113883,-0.0000000000000053,-0.7071065902709961,-0.0000000309086268,-0.7071069478988647,-4.5299019813537598,0.0000000000000000,0.0000000000000000,0.0000000000000000,1.0000000000000000
M -0.8090171813964844,0.0000000256928985,0.5877850055694580,-11.5890159606933594,0.0000000000000000,1.0000000000000000,-0.0000000437113883,-0.0000000000000053,-0.5877850055694580,-0.0000000353632643,-0.8090171813964844,-3.7654981613159180,0.0000000000000000,0.0000000000000000,0.0000000000000000,1.0000000000000000
M -0.8910065889358521,0.0000000198445491,0.4539903700351715,-12.1142606735229492,0.0000000000000000,1.0000000000000000,-0.0000000437113883,-0.0000000000000053,-0.4539903700351715,-0.0000000389471353,-0.8910065889358521,-2.9083762168884277,0.0000000000000000,0.0000000000000000,0.0000000000000000,1.0000000000000000
M -0.9510565996170044,0.0000000135075533,0.3090167939662933,-12.4989557266235352,0.0000000000000000,1.0000000000000000,-0.0000000437113883,-0.0000000000000053,-0.3090167939662933,-0.0000000415720116,-0.9510565996170044,-1.9796392917633057,0.0000000000000000,0.0000000000000000,0.0000000000000000,1.0000000000000000
M -0.9876883625984192,0.0000000068379573,0.1564342081546783,-12.7336282730102539,0.0000000000000000,1.0000000000000000,-0.0000000437113883,-0.0000000000000053,-0.1564342081546783,-0.0000000431732303,-0.9876883625984192,-1.0021570920944214,0.0000000000000000,0.0000000000000000,0.0000000000000000,1.0000000000000000
M -1.0000000000000000,-0.0000000000000142,-0.0000003258413699,-12.8125000000000000,0.0000000000000000,1.0000000000000000,-0.0000000437113883,-0.0000000000000053,0.0000003258413699,-0.0000000437113883,-1.0000000000000000,0.0000015727104028,0.0000000000000000,0.0000000000000000,0.0000000000000000,1.0000000000000000
M -0.9876883029937744,-0.0000000068379844,-0.1564348489046097,-12.7336282730102539,0.0000000000000000,1.0000000000000000,-0.0000000437113883,-0.0000000000000053,0.1564348489046097,-0.0000000431732268,-0.9876883029937744,1.0021603107452393,0.0000000000000000,0.0000000000000000,0.0000000000000000,1.0000000000000000
M -0.9510563611984253,-0.0000000135075808,-0.3090174198150635,-12.4989547729492188,0.0000000000000000,1.0000000000000000,-0.0000000437113883,-0.0000000000000053,0.3090174198150635,-0.0000000415719938,-0.9510563611984253,1.9796423912048340,0.0000000000000000,0.0000000000000000,0.0000000000000000,1.0000000000000000
M -0.8910064101219177,-0.0000000198445669,-0.4539907574653625,-12.1142597198486328,0.0000000000000000,1.0000000000000000,-0.0000000437113883,-0.0000000000000053,0.4539907574653625,-0.0000000389471282,-0.8910064101219177,2.9083778858184814,0.0000000000000000,0.0000000000000000,0.0000000000000000,1.0000000000000000
M -0.8090167641639709,-0.0000000256929216,-0.5877855420112610,-11.5890140533447266,0.0000000000000000,1.0000000000000000,-0.0000000437113883,-0.0000000000000053,0.5877855420112610,-0.0000000353632466,-0.8090167641639709,3.7655005455017090,0.0000000000000000,0.0000000000000000,0.0000000000000000,1.0000000000000000
M -0.7071064710617065,-0.0000000309086339,-0.7071070671081543,-10.9361515045166016,0.0000000000000000,1.0000000000000000,-0.0000000437113883,-0.0000000000000053,0.7071070671081543,-0.0000000309086055,-0.7071064710617065,4.5299043655395508,0.0000000000000000,0.0000000000000000,0.0000000000000000,1.0000000000000000
M -0.5877850651741028,-0.0000000353632608,-0.8090171217918396,-10.1717481613159180,0.0000000000000000,1.0000000000000000,-0.0000000437113883,-0.0000000000000053,0.8090171217918396,-0.0000000256929020,-0.5877850651741028,5.1827654838562012,0.0000000000000000,0.0000000000000000,0.0000000000000000,1.0000000000000000
M -0.4539902210235596,-0.0000000389471388,-0.8910066485404968,-9.3146247863769531,0.0000000000000000,1.0000000000000000,-0.0000000437113883,-0.0000000000000053,0.8910066485404968,-0.0000000198445420,-0.4539902210235596,5.7080106735229492,0.0000000000000000,0.0000000000000000,0.0000000000000000,1.0000000000000000
M -0.3090166449546814,-0.0000000415720045,-0.9510565996170044,-8.3858880996704102,0.0000000000000000,1.0000000000000000,-0.0000000437113883,-0.0000000000000053,0.9510565996170044,-0.0000000135075462,-0.3090166449546814,6.0927057266235352,0.0000000000000000,0.0000000000000000,0.0000000000000000,1.0000000000000000
M -0.1564340442419052,-0.0000000431732410,-0.9876884222030640,-7.4084057807922363,0.0000000000000000,1.0000000000000000,-0.0000000437113883,-0.0000000000000053,0.9876884222030640,-0.0000000068379502,-0.1564340442419052,6.3273782730102539,0.0000000000000000,0.0000000000000000,0.0000000000000000,1.0000000000000000
M 0.0000004887620548,-0.0000000437113883,-1.0000000000000000,-6.4062471389770508,0.0000000000000000,1.0000000000000000,-0.0000000437113883,-0.0000000000000053,1.0000000000000000,0.0000000000000214,0.0000004887620548,6.4062495231628418,0.0000000000000000,0.0000000000000000,0.0000000000000000,1.0000000000000000
M 0.1564350128173828,-0.0000000431732232,-0.9876882433891296,-5.4040884971618652,0.0000000000000000,1.0000000000000000,-0.0000000437113883,-0.0000000000000053,0.9876882433891296,0.0000000068379924,0.1564350128173828,6.3273777961730957,0.0000000000000000,0.0000000000000000,0.0000000000000000,1.0000000000000000
M 0.3090175688266754,-0.0000000415719903,-0.9510563015937805,-4.4266066551208496,0.0000000000000000,1.0000000000000000,-0.0000000437113883,-0.0000000000000053,0.9510563015937805,0.0000000135075870,0.3090175688266754,6.0927042961120605,0.0000000000000000,0.0000000000000000,0.0000000000000000,1.0000000000000000
M 0.4539911150932312,-0.0000000389471211,-0.8910062313079834,-3.4978697299957275,0.0000000000000000,1.0000000000000000,-0.0000000437113883,-0.0000000000000053,0.8910062313079834,0.0000000198445846,0.4539911150932312,5.7080087661743164,0.0000000000000000,0.0000000000000000,0.0000000000000000,1.0000000000000000
M 0.5877858400344849,-0.0000000353632466,-0.8090165853500366,-2.6407473087310791,0.0000000000000000,1.0000000000000000,-0.0000000437113883,-0.0000000000000053,0.8090165853500366,0.0000000256929358,0.5877858400344849,5.1827626228332520,0.0000000000000000,0.0000000000000000,0.0000000000000000,1.0000000000000000
M 0.7071070075035095,-0.0000000309086090,-0.7071065306663513,-1.8763458728790283,0.0000000000000000,1.0000000000000000,-0.0000000437113883,-0.0000000000000053,0.7071065306663513,0.0000000309086303,0.7071070075035095,4.5299010276794434,0.0000000000000000,0.0000000000000000,0.0000000000000000,1.0000000000000000
M 0.8090172410011292,-0.0000000256929003,-0.5877849459648132,-1.2234832048416138,0.0000000000000000,1.0000000000000000,-0.0000000437113883,-0.0000000000000053,0.5877849459648132,0.0000000353632750,0.8090172410011292,3.7654972076416016,0.0000000000000000,0.0000000000000000,0.0000000000000000,1.0000000000000000
M 0.8910067081451416,-0.0000000198445385,-0.4539901018142700,-0.6982384920120239,0.0000000000000000,1.0000000000000000,-0.0000000437113883,-0.0000000000000053,0.4539901018142700,0.0000000389471388,0.8910067081451416,2.9083740711212158,0.0000000000000000,0.0000000000000000,0.0000000000000000,1.0000000000000000
M 0.9510566592216492,-0.0000000135075400,-0.3090164959430695,-0.3135434091091156,0.0000000000000000,1.0000000000000000,-0.0000000437113883,-0.0000000000000053,0.3090164959430695,0.0000000415720081,0.9510566592216492,1.9796369075775146,0.0000000000000000,0.0000000000000000,0.0000000000000000,1.0000000000000000
M 0.9876884222030640,-0.0000000068379422,-0.1564338803291321,-0.0788712874054909,0.0000000000000000,1.0000000000000000,-0.0000000437113883,-0.0000000000000053,0.1564338803291321,0.0000000431732339,0.9876884222030640,1.0021545886993408,0.0000000000000000,0.0000000000000000,0.0000000000000000,1.0000000000000000
M 1.0000000000000000,0.0000000000000285,0.0000006516827398,0.0000000000001679,0.0000000000000000,1.0000000000000000,-0.0000000437113883,-0.0000000000000053,-0.0000006516827398,0.0000000437113883,1.0000000000000000,-0.0000041748426156,0.0000000000000000,0.0000000000000000,0.0000000000000000,1.0000000000000000
