O DOOR_2_INTERIOR_LCG_IL_mvp_chme3
A DOOR_2_INTERIOR_LCG_IL_mvp_chme3_DOOR_2_INTERIOR_LCG_IL_mvp_chme3
M 1.0000000000000000,0.0000000000000000,0.0000000000000000,0.0000000000000000,0.0000000000000000,1.0000000000000000,-0.0000000437113883,0.0000000335288632,-0.0000000000000000,0.0000000437113883,1.0000000000000000,0.0000000129120394,0.0000000000000000,0.0000000000000000,0.0000000000000000,1.0000000000000000
M 1.0000000000000000,0.0000000000000000,0.0000000000000000,0.0000000000000000,0.0000000000000000,1.0000000000000000,-0.0000000437113883,0.0000000335288632,-0.0000000000000000,0.0000000437113883,1.0000000000000000,0.0000000129120394,0.0000000000000000,0.0000000000000000,0.0000000000000000,1.0000000000000000
M 1.0000000000000000,0.0000000000000000,0.0000000000000000,0.0000000000000000,0.0000000000000000,1.0000000000000000,-0.0000000437113883,0.0000000335288632,-0.0000000000000000,0.0000000437113883,1.0000000000000000,0.0000000129120394,0.0000000000000000,0.0000000000000000,0.0000000000000000,1.0000000000000000
M 1.0000000000000000,0.0000000000000000,0.0000000000000000,0.0000000000000000,0.0000000000000000,1.0000000000000000,-0.0000000437113883,0.0000000335288632,-0.0000000000000000,0.0000000437113883,1.0000000000000000,0.0000000129120394,0.0000000000000000,0.0000000000000000,0.0000000000000000,1.0000000000000000
M 1.0000000000000000,0.0000000000000000,0.0000000000000000,0.0000000000000000,0.0000000000000000,1.0000000000000000,-0.0000000437113883,0.0000000335288632,-0.0000000000000000,0.0000000437113883,1.0000000000000000,0.0000000129120394,0.0000000000000000,0.0000000000000000,0.0000000000000000,1.0000000000000000
M 1.0000000000000000,0.0000000000000000,0.0000000000000000,0.0000000000000000,0.0000000000000000,1.0000000000000000,-0.0000000437113883,0.0000000335288632,-0.0000000000000000,0.0000000437113883,1.0000000000000000,0.0000000129120394,0.0000000000000000,0.0000000000000000,0.0000000000000000,1.0000000000000000
M 1.0000000000000000,0.0000000000000000,0.0000000000000000,0.0000000000000000,0.0000000000000000,1.0000000000000000,-0.0000000437113883,0.0000000335288632,-0.0000000000000000,0.0000000437113883,1.0000000000000000,0.0000000129120394,0.0000000000000000,0.0000000000000000,0.0000000000000000,1.0000000000000000
M 1.0000000000000000,0.0000000000000000,0.0000000000000000,0.0000000000000000,0.0000000000000000,1.0000000000000000,-0.0000000437113883,0.0000000335288632,-0.0000000000000000,0.0000000437113883,1.0000000000000000,0.0000000129120394,0.0000000000000000,0.0000000000000000,0.0000000000000000,1.0000000000000000
M 1.0000000000000000,0.0000000000000000,0.0000000000000000,0.0000000000000000,0.0000000000000000,1.0000000000000000,-0.0000000437113883,0.0000000335288632,-0.0000000000000000,0.0000000437113883,1.0000000000000000,0.0000000129120394,0.0000000000000000,0.0000000000000000,0.0000000000000000,1.0000000000000000
M 1.0000000000000000,0.0000000000000000,0.0000000000000000,0.0000000000000000,0.0000000000000000,1.0000000000000000,-0.0000000437113883,0.0000000335288632,-0.0000000000000000,0.0000000437113883,1.0000000000000000,0.0000000129120394,0.0000000000000000,0.0000000000000000,0.0000000000000000,1.0000000000000000
M 1.0000000000000000,0.0000000000000000,0.0000000000000000,0.0000000000000000,0.0000000000000000,1.0000000000000000,-0.0000000437113883,0.0000000335288632,-0.0000000000000000,0.0000000437113883,1.0000000000000000,0.0000000129120394,0.0000000000000000,0.0000000000000000,0.0000000000000000,1.0000000000000000
M 1.0000000000000000,0.0000000000000000,0.0000000000000000,0.0000000000000000,0.0000000000000000,1.0000000000000000,-0.0000000437113883,0.0000000335288632,-0.0000000000000000,0.0000000437113883,1.0000000000000000,0.0000000129120394,0.0000000000000000,0.0000000000000000,0.0000000000000000,1.0000000000000000
M 1.0000000000000000,0.0000000000000000,0.0000000000000000,0.0000000000000000,0.0000000000000000,1.0000000000000000,-0.0000000437113883,0.0000000335288632,-0.0000000000000000,0.0000000437113883,1.0000000000000000,0.0000000129120394,0.0000000000000000,0.0000000000000000,0.0000000000000000,1.0000000000000000
M 1.0000000000000000,0.0000000000000000,0.0000000000000000,0.0000000000000000,0.0000000000000000,1.0000000000000000,-0.0000000437113883,0.0000000335288632,-0.0000000000000000,0.0000000437113883,1.0000000000000000,0.0000000129120394,0.0000000000000000,0.0000000000000000,0.0000000000000000,1.0000000000000000
M 1.0000000000000000,0.0000000000000000,0.0000000000000000,0.0000000000000000,0.0000000000000000,1.0000000000000000,-0.0000000437113883,0.0000000335288632,-0.0000000000000000,0.0000000437113883,1.0000000000000000,0.0000000129120394,0.0000000000000000,0.0000000000000000,0.0000000000000000,1.0000000000000000
M 1.0000000000000000,0.0000000000000000,0.0000000000000000,0.0000000000000000,0.0000000000000000,1.0000000000000000,-0.0000000437113883,0.0000000335288632,-0.0000000000000000,0.0000000437113883,1.0000000000000000,0.0000000129120394,0.0000000000000000,0.0000000000000000,0.0000000000000000,1.0000000000000000
M 1.0000000000000000,0.0000000000000000,0.0000000000000000,0.0000000000000000,0.0000000000000000,1.0000000000000000,-0.0000000437113883,0.0000000335288632,-0.0000000000000000,0.0000000437113883,1.0000000000000000,0.0000000129120394,0.0000000000000000,0.0000000000000000,0.0000000000000000,1.0000000000000000
M 1.0000000000000000,0.0000000000000000,0.0000000000000000,0.0000000000000000,0.0000000000000000,1.0000000000000000,-0.0000000437113883,0.0000000335288632,-0.0000000000000000,0.0000000437113883,1.0000000000000000,0.0000000129120394,0.0000000000000000,0.0000000000000000,0.0000000000000000,1.0000000000000000
M 1.0000000000000000,0.0000000000000000,0.0000000000000000,0.0000000000000000,0.0000000000000000,1.0000000000000000,-0.0000000437113883,0.0000000335288632,-0.0000000000000000,0.0000000437113883,1.0000000000000000,0.0000000129120394,0.0000000000000000,0.0000000000000000,0.0000000000000000,1.0000000000000000
M 1.0000000000000000,0.0000000000000000,0.0000000000000000,0.0000000000000000,0.0000000000000000,1.0000000000000000,-0.0000000437113883,0.0000000335288632,-0.0000000000000000,0.0000000437113883,1.0000000000000000,0.0000000129120394,0.0000000000000000,0.0000000000000000,0.0000000000000000,1.0000000000000000
M 0.9999962449073792,-0.0000000001195618,-0.0027352548204362,0.0025776536203921,0.0000000000000000,1.0000000000000000,-0.0000000437113883,0.0000000335288632,0.0027352548204362,0.0000000437112249,0.9999962449073792,-0.0097408154979348,0.0000000000000000,0.0000000000000000,0.0000000000000000,1.0000000000000000
M 0.9999421834945679,-0.0000000004701328,-0.0107553843408823,0.0102891698479652,0.0000000000000000,1.0000000000000000,-0.0000000437113883,0.0000000335288632,0.0107553843408823,0.0000000437088623,0.9999421834945679,-0.0382618643343449,0.0000000000000000,0.0000000000000000,0.0000000000000000,1.0000000000000000
M 0.9997171759605408,-0.0000000010394828,-0.0237805955111980,0.0233018733561039,0.0000000000000000,1.0000000000000000,-0.0000000437113883,0.0000000335288632,0.0237805955111980,0.0000000436990106,0.9997171759605408,-0.0844532325863838,0.0000000000000000,0.0000000000000000,0.0000000000000000,1.0000000000000000
M 0.9991374015808105,-0.0000000018151978,-0.0415268950164318,0.0420044548809528,0.0000000000000000,1.0000000000000000,-0.0000000437113883,0.0000000335288632,0.0415268950164318,0.0000000436736691,0.9991374015808105,-0.1471308320760727,0.0000000000000000,0.0000000000000000,0.0000000000000000,1.0000000000000000
M 0.9979689717292786,-0.0000000027845146,-0.0637022703886032,0.0669564232230186,0.0000000000000000,1.0000000000000000,-0.0000000437113883,0.0000000335288632,0.0637022703886032,0.0000000436226095,0.9979689717292786,-0.2250351905822754,0.0000000000000000,0.0000000000000000,0.0000000000000000,1.0000000000000000
M 0.9959415197372437,-0.0000000039341330,-0.0900024771690369,0.0988357663154602,0.0000000000000000,1.0000000000000000,-0.0000000437113883,0.0000000335288632,0.0900024771690369,0.0000000435339871,0.9959415197372437,-0.3168289661407471,0.0000000000000000,0.0000000000000000,0.0000000000000000,1.0000000000000000
M 0.9927609562873840,-0.0000000052500466,-0.1201070621609688,0.1383894383907318,0.0000000000000000,1.0000000000000000,-0.0000000437113883,0.0000000335288632,0.1201070621609688,0.0000000433949445,0.9927609562873840,-0.4210948050022125,0.0000000000000000,0.0000000000000000,0.0000000000000000,1.0000000000000000
M 0.9881213307380676,-0.0000000067173782,-0.1536757051944733,0.1863888949155807,0.0000000000000000,1.0000000000000000,-0.0000000437113883,0.0000000335288632,0.1536757051944733,0.0000000431921414,0.9881213307380676,-0.5363334417343140,0.0000000000000000,0.0000000000000000,0.0000000000000000,1.0000000000000000
M 0.9817171096801758,-0.0000000083202814,-0.1903458535671234,0.2435819208621979,0.0000000000000000,1.0000000000000000,-0.0000000437113883,0.0000000335288632,0.1903458535671234,0.0000000429122160,0.9817171096801758,-0.6609668731689453,0.0000000000000000,0.0000000000000000,0.0000000000000000,1.0000000000000000
M 0.9732540845870972,-0.0000000100418713,-0.2297312319278717,0.3106554150581360,0.0000000000000000,1.0000000000000000,-0.0000000437113883,0.0000000335288632,0.2297312319278717,0.0000000425422861,0.9732540845870972,-0.7933431863784790,0.0000000000000000,0.0000000000000000,0.0000000000000000,1.0000000000000000
M 0.9624603986740112,-0.0000000118642314,-0.2714220583438873,0.3881932199001312,0.0000000000000000,1.0000000000000000,-0.0000000437113883,0.0000000335288632,0.2714220583438873,0.0000000420704787,0.9624603986740112,-0.9317476749420166,0.0000000000000000,0.0000000000000000,0.0000000000000000,1.0000000000000000
M 0.9490961432456970,-0.0000000137684975,-0.3149864971637726,0.4766446948051453,0.0000000000000000,1.0000000000000000,-0.0000000437113883,0.0000000335288632,0.3149864971637726,0.0000000414862953,0.9490961432456970,-1.0744172334671021,0.0000000000000000,0.0000000000000000,0.0000000000000000,1.0000000000000000
M 0.9329623579978943,-0.0000000157349600,-0.3599739074707031,0.5762969255447388,0.0000000000000000,1.0000000000000000,-0.0000000437113883,0.0000000335288632,0.3599739074707031,0.0000000407810816,0.9329623579978943,-1.2195590734481812,0.0000000000000000,0.0000000000000000,0.0000000000000000,1.0000000000000000
M 0.9139089584350586,-0.0000000177432948,-0.4059192538261414,0.6872487068176270,0.0000000000000000,1.0000000000000000,-0.0000000437113883,0.0000000335288632,0.4059192538261414,0.0000000399482296,0.9139089584350586,-1.3653768301010132,0.0000000000000000,0.0000000000000000,0.0000000000000000,1.0000000000000000
M 0.8918407559394836,-0.0000000197728269,-0.4523495435714722,0.8093951940536499,0.0000000000000000,1.0000000000000000,-0.0000000437113883,0.0000000335288632,0.4523495435714722,0.0000000389835826,0.8918407559394836,-1.5100958347320557,0.0000000000000000,0.0000000000000000,0.0000000000000000,1.0000000000000000
M 0.8667227029800415,-0.0000000218028084,-0.4987902939319611,0.9424166679382324,0.0000000000000000,1.0000000000000000,-0.0000000437113883,0.0000000335288632,0.4987902939319611,0.0000000378856519,0.8667227029800415,-1.6519929170608521,0.0000000000000000,0.0000000000000000,0.0000000000000000,1.0000000000000000
M 0.8385829329490662,-0.0000000238128255,-0.5447739362716675,1.0857739448547363,0.0000000000000000,1.0000000000000000,-0.0000000437113883,0.0000000335288632,0.5447739362716675,0.0000000366556243,0.8385829329490662,-1.7894285917282104,0.0000000000000000,0.0000000000000000,0.0000000000000000,1.0000000000000000
M 0.8075140714645386,-0.0000000257830806,-0.5898482799530029,1.2387140989303589,0.0000000000000000,1.0000000000000000,-0.0000000437113883,0.0000000335288632,0.5898482799530029,0.0000000352975604,0.8075140714645386,-1.9208787679672241,0.0000000000000000,0.0000000000000000,0.0000000000000000,1.0000000000000000
M 0.7736726999282837,-0.0000000276949006,-0.6335854530334473,1.4002779722213745,0.0000000000000000,1.0000000000000000,-0.0000000437113883,0.0000000335288632,0.6335854530334473,0.0000000338183064,0.7736726999282837,-2.0449662208557129,0.0000000000000000,0.0000000000000000,0.0000000000000000,1.0000000000000000
M 0.7372773289680481,-0.0000000295309839,-0.6755901575088501,1.5693155527114868,0.0000000000000000,1.0000000000000000,-0.0000000437113883,0.0000000335288632,0.6755901575088501,0.0000000322274154,0.7372773289680481,-2.1604874134063721,0.0000000000000000,0.0000000000000000,0.0000000000000000,1.0000000000000000
M 0.6986047029495239,-0.0000000312758353,-0.7155078649520874,1.7445095777511597,0.0000000000000000,1.0000000000000000,-0.0000000437113883,0.0000000335288632,0.7155078649520874,0.0000000305369738,0.6986047029495239,-2.2664384841918945,0.0000000000000000,0.0000000000000000,0.0000000000000000,1.0000000000000000
M 0.6579834222793579,-0.0000000329160805,-0.7530324459075928,1.9244022369384766,0.0000000000000000,1.0000000000000000,-0.0000000437113883,0.0000000335288632,0.7530324459075928,0.0000000287613613,0.6579834222793579,-2.3620374202728271,0.0000000000000000,0.0000000000000000,0.0000000000000000,1.0000000000000000
M 0.6157882809638977,-0.0000000344407134,-0.7879116535186768,2.1074218750000000,0.0000000000000000,1.0000000000000000,-0.0000000437113883,0.0000000335288632,0.7879116535186768,0.0000000269169611,0.6157882809638977,-2.4467368125915527,0.0000000000000000,0.0000000000000000,0.0000000000000000,1.0000000000000000
M 0.5724321603775024,-0.0000000358412429,-0.8199520707130432,2.2919161319732666,0.0000000000000000,1.0000000000000000,-0.0000000437113883,0.0000000335288632,0.8199520707130432,0.0000000250218051,0.5724321603775024,-2.5202341079711914,0.0000000000000000,0.0000000000000000,0.0000000000000000,1.0000000000000000
M 0.5283572673797607,-0.0000000371119242,-0.8490221500396729,2.4761860370635986,0.0000000000000000,1.0000000000000000,-0.0000000437113883,0.0000000335288632,0.8490221500396729,0.0000000230952288,0.5283572673797607,-2.5824763774871826,0.0000000000000000,0.0000000000000000,0.0000000000000000,1.0000000000000000
M 0.4840272963047028,-0.0000000382497767,-0.8750528693199158,2.6585149765014648,0.0000000000000000,1.0000000000000000,-0.0000000437113883,0.0000000335288632,0.8750528693199158,0.0000000211575060,0.4840272963047028,-2.6336510181427002,0.0000000000000000,0.0000000000000000,0.0000000000000000,1.0000000000000000
M 0.4399171471595764,-0.0000000392544912,-0.8980383872985840,2.8372063636779785,0.0000000000000000,1.0000000000000000,-0.0000000437113883,0.0000000335288632,0.8980383872985840,0.0000000192293896,0.4399171471595764,-2.6741838455200195,0.0000000000000000,0.0000000000000000,0.0000000000000000,1.0000000000000000
M 0.3965073525905609,-0.0000000401284197,-0.9180315732955933,3.0105977058410645,0.0000000000000000,1.0000000000000000,-0.0000000437113883,0.0000000335288632,0.9180315732955933,0.0000000173318870,0.3965073525905609,-2.7047128677368164,0.0000000000000000,0.0000000000000000,0.0000000000000000,1.0000000000000000
M 0.3542733490467072,-0.0000000408763370,-0.9351419210433960,3.1770970821380615,0.0000000000000000,1.0000000000000000,-0.0000000437113883,0.0000000335288632,0.9351419210433960,0.0000000154857798,0.3542733490467072,-2.7260739803314209,0.0000000000000000,0.0000000000000000,0.0000000000000000,1.0000000000000000
M 0.3136818706989288,-0.0000000415051957,-0.9495281577110291,3.3351910114288330,0.0000000000000000,1.0000000000000000,-0.0000000437113883,0.0000000335288632,0.9495281577110291,0.0000000137114702,0.3136818706989288,-2.7392704486846924,0.0000000000000000,0.0000000000000000,0.0000000000000000,1.0000000000000000
M 0.2751839160919189,-0.0000000420237640,-0.9613916277885437,3.4834623336791992,0.0000000000000000,1.0000000000000000,-0.0000000437113883,0.0000000335288632,0.9613916277885437,0.0000000120286749,0.2751839160919189,-2.7454423904418945,0.0000000000000000,0.0000000000000000,0.0000000000000000,1.0000000000000000
M 0.2392114251852036,-0.0000000424423234,-0.9709675312042236,3.6205916404724121,0.0000000000000000,1.0000000000000000,-0.0000000437113883,0.0000000335288632,0.9709675312042236,0.0000000104562599,0.2392114251852036,-2.7458322048187256,0.0000000000000000,0.0000000000000000,0.0000000000000000,1.0000000000000000
M 0.2061748504638672,-0.0000000427722568,-0.9785151481628418,3.7453603744506836,0.0000000000000000,1.0000000000000000,-0.0000000437113883,0.0000000335288632,0.9785151481628418,0.0000000090121892,0.2061748504638672,-2.7417488098144531,0.0000000000000000,0.0000000000000000,0.0000000000000000,1.0000000000000000
M 0.1764622479677200,-0.0000000430254445,-0.9843074083328247,3.8566417694091797,0.0000000000000000,1.0000000000000000,-0.0000000437113883,0.0000000335288632,0.9843074083328247,0.0000000077134095,0.1764622479677200,-2.7345280647277832,0.0000000000000000,0.0000000000000000,0.0000000000000000,1.0000000000000000
M 0.1504385918378830,-0.0000000432139231,-0.9886193275451660,3.9533934593200684,0.0000000000000000,1.0000000000000000,-0.0000000437113883,0.0000000335288632,0.9886193275451660,0.0000000065758781,0.1504385918378830,-2.7254922389984131,0.0000000000000000,0.0000000000000000,0.0000000000000000,1.0000000000000000
M 0.1284496039152145,-0.0000000433492851,-0.9917160272598267,4.0346322059631348,0.0000000000000000,1.0000000000000000,-0.0000000437113883,0.0000000335288632,0.9917160272598267,0.0000000056147087,0.1284496039152145,-2.7159094810485840,0.0000000000000000,0.0000000000000000,0.0000000000000000,1.0000000000000000
M 0.1108211502432823,-0.0000000434421423,-0.9938403367996216,4.0994253158569336,0.0000000000000000,1.0000000000000000,-0.0000000437113883,0.0000000335288632,0.9938403367996216,0.0000000048441446,0.1108211502432823,-2.7069506645202637,0.0000000000000000,0.0000000000000000,0.0000000000000000,1.0000000000000000
M 0.0978654026985168,-0.0000000435015437,-0.9951996803283691,4.1468544006347656,0.0000000000000000,1.0000000000000000,-0.0000000437113883,0.0000000335288632,0.9951996803283691,0.0000000042778328,0.0978654026985168,-2.6996474266052246,0.0000000000000000,0.0000000000000000,0.0000000000000000,1.0000000000000000
M 0.0898801982402802,-0.0000000435344560,-0.9959526062011719,4.1760077476501465,0.0000000000000000,1.0000000000000000,-0.0000000437113883,0.0000000335288632,0.9959526062011719,0.0000000039287884,0.0898801982402802,-2.6948435306549072,0.0000000000000000,0.0000000000000000,0.0000000000000000,1.0000000000000000
M 0.0871558040380478,-0.0000000435450538,-0.9961947202682495,4.1859407424926758,0.0000000000000000,1.0000000000000000,-0.0000000437113883,0.0000000335288632,0.9961947202682495,0.0000000038097001,0.0871558040380478,-2.6931519508361816,0.0000000000000000,0.0000000000000000,0.0000000000000000,1.0000000000000000
M 0.0871558040380478,-0.0000000435450538,-0.9961947202682495,4.1859407424926758,0.0000000000000000,1.0000000000000000,-0.0000000437113883,0.0000000335288632,0.9961947202682495,0.0000000038097001,0.0871558040380478,-2.6931519508361816,0.0000000000000000,0.0000000000000000,0.0000000000000000,1.0000000000000000
M 0.0871558040380478,-0.0000000435450538,-0.9961947202682495,4.1859407424926758,0.0000000000000000,1.0000000000000000,-0.0000000437113883,0.0000000335288632,0.9961947202682495,0.0000000038097001,0.0871558040380478,-2.6931519508361816,0.0000000000000000,0.0000000000000000,0.0000000000000000,1.0000000000000000
M 0.0871558040380478,-0.0000000435450538,-0.9961947202682495,4.1859407424926758,0.0000000000000000,1.0000000000000000,-0.0000000437113883,0.0000000335288632,0.9961947202682495,0.0000000038097001,0.0871558040380478,-2.6931519508361816,0.0000000000000000,0.0000000000000000,0.0000000000000000,1.0000000000000000
M 0.0871558040380478,-0.0000000435450538,-0.9961947202682495,4.1859407424926758,0.0000000000000000,1.0000000000000000,-0.0000000437113883,0.0000000335288632,0.9961947202682495,0.0000000038097001,0.0871558040380478,-2.6931519508361816,0.0000000000000000,0.0000000000000000,0.0000000000000000,1.0000000000000000
M 0.0871558040380478,-0.0000000435450538,-0.9961947202682495,4.1859407424926758,0.0000000000000000,1.0000000000000000,-0.0000000437113883,0.0000000335288632,0.9961947202682495,0.0000000038097001,0.0871558040380478,-2.6931519508361816,0.0000000000000000,0.0000000000000000,0.0000000000000000,1.0000000000000000
M 0.0871558040380478,-0.0000000435450538,-0.9961947202682495,4.1859407424926758,0.0000000000000000,1.0000000000000000,-0.0000000437113883,0.0000000335288632,0.9961947202682495,0.0000000038097001,0.0871558040380478,-2.6931519508361816,0.0000000000000000,0.0000000000000000,0.0000000000000000,1.0000000000000000
M 0.0871558040380478,-0.0000000435450538,-0.9961947202682495,4.1859407424926758,0.0000000000000000,1.0000000000000000,-0.0000000437113883,0.0000000335288632,0.9961947202682495,0.0000000038097001,0.0871558040380478,-2.6931519508361816,0.0000000000000000,0.0000000000000000,0.0000000000000000,1.0000000000000000
M 0.0871558040380478,-0.0000000435450538,-0.9961947202682495,4.1859407424926758,0.0000000000000000,1.0000000000000000,-0.0000000437113883,0.0000000335288632,0.9961947202682495,0.0000000038097001,0.0871558040380478,-2.6931519508361816,0.0000000000000000,0.0000000000000000,0.0000000000000000,1.0000000000000000
M 0.0871558040380478,-0.0000000435450538,-0.9961947202682495,4.1859407424926758,0.0000000000000000,1.0000000000000000,-0.0000000437113883,0.0000000335288632,0.9961947202682495,0.0000000038097001,0.0871558040380478,-2.6931519508361816,0.0000000000000000,0.0000000000000000,0.0000000000000000,1.0000000000000000
M 0.0871558040380478,-0.0000000435450538,-0.9961947202682495,4.1859407424926758,0.0000000000000000,1.0000000000000000,-0.0000000437113883,0.0000000335288632,0.9961947202682495,0.0000000038097001,0.0871558040380478,-2.6931519508361816,0.0000000000000000,0.0000000000000000,0.0000000000000000,1.0000000000000000
M 0.0871558040380478,-0.0000000435450538,-0.9961947202682495,4.1859407424926758,0.0000000000000000,1.0000000000000000,-0.0000000437113883,0.0000000335288632,0.9961947202682495,0.0000000038097001,0.0871558040380478,-2.6931519508361816,0.0000000000000000,0.0000000000000000,0.0000000000000000,1.0000000000000000
M 0.0871558040380478,-0.0000000435450538,-0.9961947202682495,4.1859407424926758,0.0000000000000000,1.0000000000000000,-0.0000000437113883,0.0000000335288632,0.9961947202682495,0.0000000038097001,0.0871558040380478,-2.6931519508361816,0.0000000000000000,0.0000000000000000,0.0000000000000000,1.0000000000000000
M 0.0871558040380478,-0.0000000435450538,-0.9961947202682495,4.1859407424926758,0.0000000000000000,1.0000000000000000,-0.0000000437113883,0.0000000335288632,0.9961947202682495,0.0000000038097001,0.0871558040380478,-2.6931519508361816,0.0000000000000000,0.0000000000000000,0.0000000000000000,1.0000000000000000
M 0.0871558040380478,-0.0000000435450538,-0.9961947202682495,4.1859407424926758,0.0000000000000000,1.0000000000000000,-0.0000000437113883,0.0000000335288632,0.9961947202682495,0.0000000038097001,0.0871558040380478,-2.6931519508361816,0.0000000000000000,0.0000000000000000,0.0000000000000000,1.0000000000000000
M 0.0871558040380478,-0.0000000435450538,-0.9961947202682495,4.1859407424926758,0.0000000000000000,1.0000000000000000,-0.0000000437113883,0.0000000335288632,0.9961947202682495,0.0000000038097001,0.0871558040380478,-2.6931519508361816,0.0000000000000000,0.0000000000000000,0.0000000000000000,1.0000000000000000
M 0.0871558040380478,-0.0000000435450538,-0.9961947202682495,4.1859407424926758,0.0000000000000000,1.0000000000000000,-0.0000000437113883,0.0000000335288632,0.9961947202682495,0.0000000038097001,0.0871558040380478,-2.6931519508361816,0.0000000000000000,0.0000000000000000,0.0000000000000000,1.0000000000000000
M 0.0871558040380478,-0.0000000435450538,-0.9961947202682495,4.1859407424926758,0.0000000000000000,1.0000000000000000,-0.0000000437113883,0.0000000335288632,0.9961947202682495,0.0000000038097001,0.0871558040380478,-2.6931519508361816,0.0000000000000000,0.0000000000000000,0.0000000000000000,1.0000000000000000
M 0.0871558040380478,-0.0000000435450538,-0.9961947202682495,4.1859407424926758,0.0000000000000000,1.0000000000000000,-0.0000000437113883,0.0000000335288632,0.9961947202682495,0.0000000038097001,0.0871558040380478,-2.6931519508361816,0.0000000000000000,0.0000000000000000,0.0000000000000000,1.0000000000000000
M 0.0871558040380478,-0.0000000435450538,-0.9961947202682495,4.1859407424926758,0.0000000000000000,1.0000000000000000,-0.0000000437113883,0.0000000335288632,0.9961947202682495,0.0000000038097001,0.0871558040380478,-2.6931519508361816,0.0000000000000000,0.0000000000000000,0.0000000000000000,1.0000000000000000
M 0.0871558040380478,-0.0000000435450538,-0.9961947202682495,4.1859407424926758,0.0000000000000000,1.0000000000000000,-0.0000000437113883,0.0000000335288632,0.9961947202682495,0.0000000038097001,0.0871558040380478,-2.6931519508361816,0.0000000000000000,0.0000000000000000,0.0000000000000000,1.0000000000000000
O DOOR_2_TOGGLE_CG_Door2_mvp_chme3
A DOOR_2_TOGGLE_CG_Door2_mvp_chme3_DOOR_2_TOGGLE_CG_Door2_mvp_chme3
M 1.0000000000000000,0.0000000000000000,0.0000000000000000,0.0000000000000000,0.0000000000000000,1.0000000000000000,-0.0000000437113883,0.0000000335288632,-0.0000000000000000,0.0000000437113883,1.0000000000000000,0.0000000129120394,0.0000000000000000,0.0000000000000000,0.0000000000000000,1.0000000000000000
M 1.0000000000000000,0.0000000000000000,0.0000000000000000,0.0000000000000000,0.0000000000000000,1.0000000000000000,-0.0000000437113883,0.0000000335288632,-0.0000000000000000,0.0000000437113883,1.0000000000000000,0.0000000129120394,0.0000000000000000,0.0000000000000000,0.0000000000000000,1.0000000000000000
M 1.0000000000000000,0.0000000000000000,0.0000000000000000,0.0000000000000000,0.0000000000000000,1.0000000000000000,-0.0000000437113883,0.0000000335288632,-0.0000000000000000,0.0000000437113883,1.0000000000000000,0.0000000129120394,0.0000000000000000,0.0000000000000000,0.0000000000000000,1.0000000000000000
M 1.0000000000000000,0.0000000000000000,0.0000000000000000,0.0000000000000000,0.0000000000000000,1.0000000000000000,-0.0000000437113883,0.0000000335288632,-0.0000000000000000,0.0000000437113883,1.0000000000000000,0.0000000129120394,0.0000000000000000,0.0000000000000000,0.0000000000000000,1.0000000000000000
M 1.0000000000000000,0.0000000000000000,0.0000000000000000,0.0000000000000000,0.0000000000000000,1.0000000000000000,-0.0000000437113883,0.0000000335288632,-0.0000000000000000,0.0000000437113883,1.0000000000000000,0.0000000129120394,0.0000000000000000,0.0000000000000000,0.0000000000000000,1.0000000000000000
M 1.0000000000000000,0.0000000000000000,0.0000000000000000,0.0000000000000000,0.0000000000000000,1.0000000000000000,-0.0000000437113883,0.0000000335288632,-0.0000000000000000,0.0000000437113883,1.0000000000000000,0.0000000129120394,0.0000000000000000,0.0000000000000000,0.0000000000000000,1.0000000000000000
M 1.0000000000000000,0.0000000000000000,0.0000000000000000,0.0000000000000000,0.0000000000000000,1.0000000000000000,-0.0000000437113883,0.0000000335288632,-0.0000000000000000,0.0000000437113883,1.0000000000000000,0.0000000129120394,0.0000000000000000,0.0000000000000000,0.0000000000000000,1.0000000000000000
M 1.0000000000000000,0.0000000000000000,0.0000000000000000,0.0000000000000000,0.0000000000000000,1.0000000000000000,-0.0000000437113883,0.0000000335288632,-0.0000000000000000,0.0000000437113883,1.0000000000000000,0.0000000129120394,0.0000000000000000,0.0000000000000000,0.0000000000000000,1.0000000000000000
M 1.0000000000000000,0.0000000000000000,0.0000000000000000,0.0000000000000000,0.0000000000000000,1.0000000000000000,-0.0000000437113883,0.0000000335288632,-0.0000000000000000,0.0000000437113883,1.0000000000000000,0.0000000129120394,0.0000000000000000,0.0000000000000000,0.0000000000000000,1.0000000000000000
M 1.0000000000000000,0.0000000000000000,0.0000000000000000,0.0000000000000000,0.0000000000000000,1.0000000000000000,-0.0000000437113883,0.0000000335288632,-0.0000000000000000,0.0000000437113883,1.0000000000000000,0.0000000129120394,0.0000000000000000,0.0000000000000000,0.0000000000000000,1.0000000000000000
M 1.0000000000000000,0.0000000000000000,0.0000000000000000,0.0000000000000000,0.0000000000000000,1.0000000000000000,-0.0000000437113883,0.0000000335288632,-0.0000000000000000,0.0000000437113883,1.0000000000000000,0.0000000129120394,0.0000000000000000,0.0000000000000000,0.0000000000000000,1.0000000000000000
M 1.0000000000000000,0.0000000000000000,0.0000000000000000,0.0000000000000000,0.0000000000000000,1.0000000000000000,-0.0000000437113883,0.0000000335288632,-0.0000000000000000,0.0000000437113883,1.0000000000000000,0.0000000129120394,0.0000000000000000,0.0000000000000000,0.0000000000000000,1.0000000000000000
M 1.0000000000000000,0.0000000000000000,0.0000000000000000,0.0000000000000000,0.0000000000000000,1.0000000000000000,-0.0000000437113883,0.0000000335288632,-0.0000000000000000,0.0000000437113883,1.0000000000000000,0.0000000129120394,0.0000000000000000,0.0000000000000000,0.0000000000000000,1.0000000000000000
M 1.0000000000000000,0.0000000000000000,0.0000000000000000,0.0000000000000000,0.0000000000000000,1.0000000000000000,-0.0000000437113883,0.0000000335288632,-0.0000000000000000,0.0000000437113883,1.0000000000000000,0.0000000129120394,0.0000000000000000,0.0000000000000000,0.0000000000000000,1.0000000000000000
M 1.0000000000000000,0.0000000000000000,0.0000000000000000,0.0000000000000000,0.0000000000000000,1.0000000000000000,-0.0000000437113883,0.0000000335288632,-0.0000000000000000,0.0000000437113883,1.0000000000000000,0.0000000129120394,0.0000000000000000,0.0000000000000000,0.0000000000000000,1.0000000000000000
M 1.0000000000000000,0.0000000000000000,0.0000000000000000,0.0000000000000000,0.0000000000000000,1.0000000000000000,-0.0000000437113883,0.0000000335288632,-0.0000000000000000,0.0000000437113883,1.0000000000000000,0.0000000129120394,0.0000000000000000,0.0000000000000000,0.0000000000000000,1.0000000000000000
M 1.0000000000000000,0.0000000000000000,0.0000000000000000,0.0000000000000000,0.0000000000000000,1.0000000000000000,-0.0000000437113883,0.0000000335288632,-0.0000000000000000,0.0000000437113883,1.0000000000000000,0.0000000129120394,0.0000000000000000,0.0000000000000000,0.0000000000000000,1.0000000000000000
M 1.0000000000000000,0.0000000000000000,0.0000000000000000,0.0000000000000000,0.0000000000000000,1.0000000000000000,-0.0000000437113883,0.0000000335288632,-0.0000000000000000,0.0000000437113883,1.0000000000000000,0.0000000129120394,0.0000000000000000,0.0000000000000000,0.0000000000000000,1.0000000000000000
M 1.0000000000000000,0.0000000000000000,0.0000000000000000,0.0000000000000000,0.0000000000000000,1.0000000000000000,-0.0000000437113883,0.0000000335288632,-0.0000000000000000,0.0000000437113883,1.0000000000000000,0.0000000129120394,0.0000000000000000,0.0000000000000000,0.0000000000000000,1.0000000000000000
M 1.0000000000000000,0.0000000000000000,0.0000000000000000,0.0000000000000000,0.0000000000000000,1.0000000000000000,-0.0000000437113883,0.0000000335288632,-0.0000000000000000,0.0000000437113883,1.0000000000000000,0.0000000129120394,0.0000000000000000,0.0000000000000000,0.0000000000000000,1.0000000000000000
M 0.9999962449073792,-0.0000000001195618,-0.0027352548204362,0.0025776536203921,0.0000000000000000,1.0000000000000000,-0.0000000437113883,0.0000000335288632,0.0027352548204362,0.0000000437112249,0.9999962449073792,-0.0097408154979348,0.0000000000000000,0.0000000000000000,0.0000000000000000,1.0000000000000000
M 0.9999421834945679,-0.0000000004701328,-0.0107553843408823,0.0102891698479652,0.0000000000000000,1.0000000000000000,-0.0000000437113883,0.0000000335288632,0.0107553843408823,0.0000000437088623,0.9999421834945679,-0.0382618643343449,0.0000000000000000,0.0000000000000000,0.0000000000000000,1.0000000000000000
M 0.9997171759605408,-0.0000000010394828,-0.0237805955111980,0.0233018733561039,0.0000000000000000,1.0000000000000000,-0.0000000437113883,0.0000000335288632,0.0237805955111980,0.0000000436990106,0.9997171759605408,-0.0844532325863838,0.0000000000000000,0.0000000000000000,0.0000000000000000,1.0000000000000000
M 0.9991374015808105,-0.0000000018151978,-0.0415268950164318,0.0420044548809528,0.0000000000000000,1.0000000000000000,-0.0000000437113883,0.0000000335288632,0.0415268950164318,0.0000000436736691,0.9991374015808105,-0.1471308320760727,0.0000000000000000,0.0000000000000000,0.0000000000000000,1.0000000000000000
M 0.9979689717292786,-0.0000000027845146,-0.0637022703886032,0.0669564232230186,0.0000000000000000,1.0000000000000000,-0.0000000437113883,0.0000000335288632,0.0637022703886032,0.0000000436226095,0.9979689717292786,-0.2250352501869202,0.0000000000000000,0.0000000000000000,0.0000000000000000,1.0000000000000000
M 0.9959415197372437,-0.0000000039341330,-0.0900024771690369,0.0988357663154602,0.0000000000000000,1.0000000000000000,-0.0000000437113883,0.0000000335288632,0.0900024771690369,0.0000000435339871,0.9959415197372437,-0.3168290257453918,0.0000000000000000,0.0000000000000000,0.0000000000000000,1.0000000000000000
M 0.9927609562873840,-0.0000000052500466,-0.1201070621609688,0.1383894383907318,0.0000000000000000,1.0000000000000000,-0.0000000437113883,0.0000000335288632,0.1201070621609688,0.0000000433949445,0.9927609562873840,-0.4210948050022125,0.0000000000000000,0.0000000000000000,0.0000000000000000,1.0000000000000000
M 0.9881213307380676,-0.0000000067173782,-0.1536757051944733,0.1863888949155807,0.0000000000000000,1.0000000000000000,-0.0000000437113883,0.0000000335288632,0.1536757051944733,0.0000000431921414,0.9881213307380676,-0.5363334417343140,0.0000000000000000,0.0000000000000000,0.0000000000000000,1.0000000000000000
M 0.9817171096801758,-0.0000000083202814,-0.1903458535671234,0.2435821592807770,0.0000000000000000,1.0000000000000000,-0.0000000437113883,0.0000000335288632,0.1903458535671234,0.0000000429122160,0.9817171096801758,-0.6609668731689453,0.0000000000000000,0.0000000000000000,0.0000000000000000,1.0000000000000000
M 0.9732540845870972,-0.0000000100418713,-0.2297312319278717,0.3106554150581360,0.0000000000000000,1.0000000000000000,-0.0000000437113883,0.0000000335288632,0.2297312319278717,0.0000000425422861,0.9732540845870972,-0.7933431863784790,0.0000000000000000,0.0000000000000000,0.0000000000000000,1.0000000000000000
M 0.9624603986740112,-0.0000000118642314,-0.2714220583438873,0.3881932199001312,0.0000000000000000,1.0000000000000000,-0.0000000437113883,0.0000000335288632,0.2714220583438873,0.0000000420704787,0.9624603986740112,-0.9317476749420166,0.0000000000000000,0.0000000000000000,0.0000000000000000,1.0000000000000000
M 0.9490961432456970,-0.0000000137684975,-0.3149864971637726,0.4766449332237244,0.0000000000000000,1.0000000000000000,-0.0000000437113883,0.0000000335288632,0.3149864971637726,0.0000000414862953,0.9490961432456970,-1.0744171142578125,0.0000000000000000,0.0000000000000000,0.0000000000000000,1.0000000000000000
M 0.9329623579978943,-0.0000000157349600,-0.3599739074707031,0.5762971639633179,0.0000000000000000,1.0000000000000000,-0.0000000437113883,0.0000000335288632,0.3599739074707031,0.0000000407810816,0.9329623579978943,-1.2195591926574707,0.0000000000000000,0.0000000000000000,0.0000000000000000,1.0000000000000000
M 0.9139089584350586,-0.0000000177432948,-0.4059192538261414,0.6872487068176270,0.0000000000000000,1.0000000000000000,-0.0000000437113883,0.0000000335288632,0.4059192538261414,0.0000000399482296,0.9139089584350586,-1.3653769493103027,0.0000000000000000,0.0000000000000000,0.0000000000000000,1.0000000000000000
M 0.8918407559394836,-0.0000000197728269,-0.4523495435714722,0.8093951940536499,0.0000000000000000,1.0000000000000000,-0.0000000437113883,0.0000000335288632,0.4523495435714722,0.0000000389835826,0.8918407559394836,-1.5100959539413452,0.0000000000000000,0.0000000000000000,0.0000000000000000,1.0000000000000000
M 0.8667227029800415,-0.0000000218028084,-0.4987902939319611,0.9424164295196533,0.0000000000000000,1.0000000000000000,-0.0000000437113883,0.0000000335288632,0.4987902939319611,0.0000000378856519,0.8667227029800415,-1.6519929170608521,0.0000000000000000,0.0000000000000000,0.0000000000000000,1.0000000000000000
M 0.8385829329490662,-0.0000000238128255,-0.5447739362716675,1.0857739448547363,0.0000000000000000,1.0000000000000000,-0.0000000437113883,0.0000000335288632,0.5447739362716675,0.0000000366556243,0.8385829329490662,-1.7894285917282104,0.0000000000000000,0.0000000000000000,0.0000000000000000,1.0000000000000000
M 0.8075140714645386,-0.0000000257830806,-0.5898482799530029,1.2387140989303589,0.0000000000000000,1.0000000000000000,-0.0000000437113883,0.0000000335288632,0.5898482799530029,0.0000000352975604,0.8075140714645386,-1.9208788871765137,0.0000000000000000,0.0000000000000000,0.0000000000000000,1.0000000000000000
M 0.7736726999282837,-0.0000000276949006,-0.6335854530334473,1.4002777338027954,0.0000000000000000,1.0000000000000000,-0.0000000437113883,0.0000000335288632,0.6335854530334473,0.0000000338183064,0.7736726999282837,-2.0449662208557129,0.0000000000000000,0.0000000000000000,0.0000000000000000,1.0000000000000000
M 0.7372773289680481,-0.0000000295309839,-0.6755901575088501,1.5693155527114868,0.0000000000000000,1.0000000000000000,-0.0000000437113883,0.0000000335288632,0.6755901575088501,0.0000000322274154,0.7372773289680481,-2.1604874134063721,0.0000000000000000,0.0000000000000000,0.0000000000000000,1.0000000000000000
M 0.6986047029495239,-0.0000000312758353,-0.7155078649520874,1.7445095777511597,0.0000000000000000,1.0000000000000000,-0.0000000437113883,0.0000000335288632,0.7155078649520874,0.0000000305369738,0.6986047029495239,-2.2664384841918945,0.0000000000000000,0.0000000000000000,0.0000000000000000,1.0000000000000000
M 0.6579834222793579,-0.0000000329160805,-0.7530324459075928,1.9244022369384766,0.0000000000000000,1.0000000000000000,-0.0000000437113883,0.0000000335288632,0.7530324459075928,0.0000000287613613,0.6579834222793579,-2.3620374202728271,0.0000000000000000,0.0000000000000000,0.0000000000000000,1.0000000000000000
M 0.6157882809638977,-0.0000000344407134,-0.7879116535186768,2.1074216365814209,0.0000000000000000,1.0000000000000000,-0.0000000437113883,0.0000000335288632,0.7879116535186768,0.0000000269169611,0.6157882809638977,-2.4467365741729736,0.0000000000000000,0.0000000000000000,0.0000000000000000,1.0000000000000000
M 0.5724321603775024,-0.0000000358412429,-0.8199520707130432,2.2919158935546875,0.0000000000000000,1.0000000000000000,-0.0000000437113883,0.0000000335288632,0.8199520707130432,0.0000000250218051,0.5724321603775024,-2.5202341079711914,0.0000000000000000,0.0000000000000000,0.0000000000000000,1.0000000000000000
M 0.5283572673797607,-0.0000000371119242,-0.8490221500396729,2.4761857986450195,0.0000000000000000,1.0000000000000000,-0.0000000437113883,0.0000000335288632,0.8490221500396729,0.0000000230952288,0.5283572673797607,-2.5824763774871826,0.0000000000000000,0.0000000000000000,0.0000000000000000,1.0000000000000000
M 0.4840272963047028,-0.0000000382497767,-0.8750528693199158,2.6585152149200439,0.0000000000000000,1.0000000000000000,-0.0000000437113883,0.0000000335288632,0.8750528693199158,0.0000000211575060,0.4840272963047028,-2.6336512565612793,0.0000000000000000,0.0000000000000000,0.0000000000000000,1.0000000000000000
M 0.4399171471595764,-0.0000000392544912,-0.8980383872985840,2.8372063636779785,0.0000000000000000,1.0000000000000000,-0.0000000437113883,0.0000000335288632,0.8980383872985840,0.0000000192293896,0.4399171471595764,-2.6741838455200195,0.0000000000000000,0.0000000000000000,0.0000000000000000,1.0000000000000000
M 0.3965073525905609,-0.0000000401284197,-0.9180315732955933,3.0105974674224854,0.0000000000000000,1.0000000000000000,-0.0000000437113883,0.0000000335288632,0.9180315732955933,0.0000000173318870,0.3965073525905609,-2.7047128677368164,0.0000000000000000,0.0000000000000000,0.0000000000000000,1.0000000000000000
