O WIDGET_1_TOGGLE_CG_Trap_LABEL_^
A WIDGET_1_TOGGLE_CG_Trap_LABEL_^_WIDGET_1_TOGGLE_CG_Trap_LABEL_^
M 1.0000000000000000,0.0000000000000000,0.0000000000000000,0.0000000000000000,0.0000000000000000,1.0000000000000000,-0.0000000437113883,-0.0000000712776327,-0.0000000000000000,0.0000000437113883,1.0000000000000000,-0.0000000104342917,0.0000000000000000,0.0000000000000000,0.0000000000000000,1.0000000000000000
M 0.9999953508377075,0.0000000001331121,0.0030452520586550,0.0013713940279558,0.0000000000000000,1.0000000000000000,-0.0000000437113883,-0.0000000712776327,-0.0030452520586550,0.0000000437111716,0.9999953508377075,0.0254067834466696,0.0000000000000000,0.0000000000000000,0.0000000000000000,1.0000000000000000
M 0.9999283552169800,0.0000000005231771,0.0119688976556063,0.0058343294076622,0.0000000000000000,1.0000000000000000,-0.0000000437113883,-0.0000000712776327,-0.0119688976556063,0.0000000437082441,0.9999283552169800,0.0998341292142868,0.0000000000000000,0.0000000000000000,0.0000000000000000,1.0000000000000000
M 0.9996501207351685,0.0000000011562069,0.0264509301632643,0.0144914407283068,0.0000000000000000,1.0000000000000000,-0.0000000437113883,-0.0000000712776327,-0.0264509301632643,0.0000000436960796,0.9996501207351685,0.2205468714237213,0.0000000000000000,0.0000000000000000,0.0000000000000000,1.0000000000000000
M 0.9989337921142578,0.0000000020179609,0.0461655668914318,0.0290932431817055,0.0000000000000000,1.0000000000000000,-0.0000000437113883,-0.0000000712776327,-0.0461655668914318,0.0000000436647838,0.9989337921142578,0.3847274780273438,0.0000000000000000,0.0000000000000000,0.0000000000000000,1.0000000000000000
M 0.9974922537803650,0.0000000030937215,0.0707760974764824,0.0518880560994148,0.0000000000000000,1.0000000000000000,-0.0000000437113883,-0.0000000712776327,-0.0707760974764824,0.0000000436017586,0.9974922537803650,0.5894409418106079,0.0000000000000000,0.0000000000000000,0.0000000000000000,1.0000000000000000
M 0.9949945211410522,0.0000000043680441,0.0999292060732841,0.0854831412434578,0.0000000000000000,1.0000000000000000,-0.0000000437113883,-0.0000000712776327,-0.0999292060732841,0.0000000434925909,0.9949945211410522,0.8315944075584412,0.0000000000000000,0.0000000000000000,0.0000000000000000,1.0000000000000000
M 0.9910825490951538,0.0000000058245222,0.1332495361566544,0.1327012032270432,0.0000000000000000,1.0000000000000000,-0.0000000437113883,-0.0000000712776327,-0.1332495361566544,0.0000000433215810,0.9910825490951538,1.1078994274139404,0.0000000000000000,0.0000000000000000,0.0000000000000000,1.0000000000000000
M 0.9853861927986145,0.0000000074455895,0.1703352779150009,0.1964553743600845,0.0000000000000000,1.0000000000000000,-0.0000000437113883,-0.0000000712776327,-0.1703352779150009,0.0000000430725855,0.9853861927986145,1.4148414134979248,0.0000000000000000,0.0000000000000000,0.0000000000000000,1.0000000000000000
M 0.9775389432907104,0.0000000092123864,0.2107548266649246,0.2796143293380737,0.0000000000000000,1.0000000000000000,-0.0000000437113883,-0.0000000712776327,-0.2107548266649246,0.0000000427295710,0.9775389432907104,1.7486588954925537,0.0000000000000000,0.0000000000000000,0.0000000000000000,1.0000000000000000
M 0.9671922326087952,0.0000000111046825,0.2540456056594849,0.3848843872547150,0.0000000000000000,1.0000000000000000,-0.0000000437113883,-0.0000000712776327,-0.2540456056594849,0.0000000422772999,0.9671922326087952,2.1053397655487061,0.0000000000000000,0.0000000000000000,0.0000000000000000,1.0000000000000000
M 0.9540289640426636,0.0000000131009328,0.2997144162654877,0.5146952867507935,0.0000000000000000,1.0000000000000000,-0.0000000437113883,-0.0000000712776327,-0.2997144162654877,0.0000000417019308,0.9540289640426636,2.4806299209594727,0.0000000000000000,0.0000000000000000,0.0000000000000000,1.0000000000000000
M 0.9377761483192444,0.0000000151783599,0.3472404181957245,0.6710975170135498,0.0000000000000000,1.0000000000000000,-0.0000000437113883,-0.0000000712776327,-0.3472404181957245,0.0000000409914982,0.9377761483192444,2.8700642585754395,0.0000000000000000,0.0000000000000000,0.0000000000000000,1.0000000000000000
M 0.9182161092758179,0.0000000173131962,0.3960797786712646,0.8556688427925110,0.0000000000000000,1.0000000000000000,-0.0000000437113883,-0.0000000712776327,-0.3960797786712646,0.0000000401364879,0.9182161092758179,3.2690103054046631,0.0000000000000000,0.0000000000000000,0.0000000000000000,1.0000000000000000
M 0.8951959609985352,0.0000000194809768,0.4456728100776672,1.0694400072097778,0.0000000000000000,1.0000000000000000,-0.0000000437113883,-0.0000000712776327,-0.4456728100776672,0.0000000391302457,0.8951959609985352,3.6727306842803955,0.0000000000000000,0.0000000000000000,0.0000000000000000,1.0000000000000000
M 0.8686350584030151,0.0000000216569092,0.4954524934291840,1.3128358125686646,0.0000000000000000,1.0000000000000000,-0.0000000437113883,-0.0000000712776327,-0.4954524934291840,0.0000000379692437,0.8686350584030151,4.0764598846435547,0.0000000000000000,0.0000000000000000,0.0000000000000000,1.0000000000000000
M 0.8385306000709534,0.0000000238163445,0.5448544621467590,1.5856335163116455,0.0000000000000000,1.0000000000000000,-0.0000000437113883,-0.0000000712776327,-0.5448544621467590,0.0000000366533364,0.8385306000709534,4.4754867553710938,0.0000000000000000,0.0000000000000000,0.0000000000000000,1.0000000000000000
M 0.8049603700637817,0.0000000259352149,0.5933285355567932,1.8869421482086182,0.0000000000000000,1.0000000000000000,-0.0000000437113883,-0.0000000712776327,-0.5933285355567932,0.0000000351859342,0.8049603700637817,4.8652553558349609,0.0000000000000000,0.0000000000000000,0.0000000000000000,1.0000000000000000
M 0.7680831551551819,0.0000000279905841,0.6403501033782959,2.2152085304260254,0.0000000000000000,1.0000000000000000,-0.0000000437113883,-0.0000000712776327,-0.6403501033782959,0.0000000335739827,0.7680831551551819,5.2414579391479492,0.0000000000000000,0.0000000000000000,0.0000000000000000,1.0000000000000000
M 0.7281364798545837,0.0000000299611855,0.6854321956634521,2.5682365894317627,0.0000000000000000,1.0000000000000000,-0.0000000437113883,-0.0000000712776327,-0.6854321956634521,0.0000000318278488,0.7281364798545837,5.6001348495483398,0.0000000000000000,0.0000000000000000,0.0000000000000000,1.0000000000000000
M 0.6854321956634521,0.0000000318278524,0.7281364202499390,2.9432339668273926,0.0000000000000000,1.0000000000000000,-0.0000000437113883,-0.0000000712776327,-0.7281364202499390,0.0000000299611926,0.6854321956634521,5.9377655982971191,0.0000000000000000,0.0000000000000000,0.0000000000000000,1.0000000000000000
M 0.6403499841690063,0.0000000335739827,0.7680832147598267,3.3368649482727051,0.0000000000000000,1.0000000000000000,-0.0000000437113883,-0.0000000712776327,-0.7680832147598267,0.0000000279905876,0.6403499841690063,6.2513480186462402,0.0000000000000000,0.0000000000000000,0.0000000000000000,1.0000000000000000
M 0.5933284163475037,0.0000000351859271,0.8049604892730713,3.7453351020812988,0.0000000000000000,1.0000000000000000,-0.0000000437113883,-0.0000000712776327,-0.8049604892730713,0.0000000259352024,0.5933284163475037,6.5384707450866699,0.0000000000000000,0.0000000000000000,0.0000000000000000,1.0000000000000000
M 0.5448544025421143,0.0000000366533399,0.8385306596755981,4.1644773483276367,0.0000000000000000,1.0000000000000000,-0.0000000437113883,-0.0000000712776327,-0.8385306596755981,0.0000000238163356,0.5448544025421143,6.7973642349243164,0.0000000000000000,0.0000000000000000,0.0000000000000000,1.0000000000000000
M 0.4954522848129272,0.0000000379692366,0.8686351776123047,4.5898466110229492,0.0000000000000000,1.0000000000000000,-0.0000000437113883,-0.0000000712776327,-0.8686351776123047,0.0000000216569074,0.4954522848129272,7.0269360542297363,0.0000000000000000,0.0000000000000000,0.0000000000000000,1.0000000000000000
M 0.4456726908683777,0.0000000391302457,0.8951959609985352,5.0168156623840332,0.0000000000000000,1.0000000000000000,-0.0000000437113883,-0.0000000712776327,-0.8951959609985352,0.0000000194809715,0.4456726908683777,7.2267737388610840,0.0000000000000000,0.0000000000000000,0.0000000000000000,1.0000000000000000
M 0.3960798382759094,0.0000000401364986,0.9182160496711731,5.4406771659851074,0.0000000000000000,1.0000000000000000,-0.0000000437113883,-0.0000000712776327,-0.9182160496711731,0.0000000173131927,0.3960798382759094,7.3971509933471680,0.0000000000000000,0.0000000000000000,0.0000000000000000,1.0000000000000000
M 0.3472403585910797,0.0000000409914982,0.9377761483192444,5.8567390441894531,0.0000000000000000,1.0000000000000000,-0.0000000437113883,-0.0000000712776327,-0.9377761483192444,0.0000000151783546,0.3472403585910797,7.5389881134033203,0.0000000000000000,0.0000000000000000,0.0000000000000000,1.0000000000000000
M 0.2997144758701324,0.0000000417019166,0.9540289640426636,6.2603936195373535,0.0000000000000000,1.0000000000000000,-0.0000000437113883,-0.0000000712776327,-0.9540289640426636,0.0000000131009354,0.2997144758701324,7.6538052558898926,0.0000000000000000,0.0000000000000000,0.0000000000000000,1.0000000000000000
M 0.2540454864501953,0.0000000422773176,0.9671922922134399,6.6472029685974121,0.0000000000000000,1.0000000000000000,-0.0000000437113883,-0.0000000712776327,-0.9671922922134399,0.0000000111046807,0.2540454864501953,7.7436571121215820,0.0000000000000000,0.0000000000000000,0.0000000000000000,1.0000000000000000
M 0.2107547521591187,0.0000000427295852,0.9775389432907104,7.0129370689392090,0.0000000000000000,1.0000000000000000,-0.0000000437113883,-0.0000000712776327,-0.9775389432907104,0.0000000092123793,0.2107547521591187,7.8110470771789551,0.0000000000000000,0.0000000000000000,0.0000000000000000,1.0000000000000000
M 0.1703350841999054,0.0000000430725855,0.9853861927986145,7.3536214828491211,0.0000000000000000,1.0000000000000000,-0.0000000437113883,-0.0000000712776327,-0.9853861927986145,0.0000000074455828,0.1703350841999054,7.8588390350341797,0.0000000000000000,0.0000000000000000,0.0000000000000000,1.0000000000000000
M 0.1332494169473648,0.0000000433215810,0.9910825490951538,7.6655473709106445,0.0000000000000000,1.0000000000000000,-0.0000000437113883,-0.0000000712776327,-0.9910825490951538,0.0000000058245169,0.1332494169473648,7.8901429176330566,0.0000000000000000,0.0000000000000000,0.0000000000000000,1.0000000000000000
M 0.0999289974570274,0.0000000434925944,0.9949945807456970,7.9452762603759766,0.0000000000000000,1.0000000000000000,-0.0000000437113883,-0.0000000712776327,-0.9949945807456970,0.0000000043680353,0.0999289974570274,7.9082059860229492,0.0000000000000000,0.0000000000000000,0.0000000000000000,1.0000000000000000
M 0.0707759633660316,0.0000000436017586,0.9974922537803650,8.1896142959594727,0.0000000000000000,1.0000000000000000,-0.0000000437113883,-0.0000000712776327,-0.9974922537803650,0.0000000030937155,0.0707759633660316,7.9162921905517578,0.0000000000000000,0.0000000000000000,0.0000000000000000,1.0000000000000000
M 0.0461653396487236,0.0000000436647838,0.9989337921142578,8.3955898284912109,0.0000000000000000,1.0000000000000000,-0.0000000437113883,-0.0000000712776327,-0.9989337921142578,0.0000000020179511,0.0461653396487236,7.9175529479980469,0.0000000000000000,0.0000000000000000,0.0000000000000000,1.0000000000000000
M 0.0264512002468109,0.0000000436960796,0.9996501207351685,8.5603933334350586,0.0000000000000000,1.0000000000000000,-0.0000000437113883,-0.0000000712776327,-0.9996501207351685,0.0000000011562187,0.0264512002468109,7.9149045944213867,0.0000000000000000,0.0000000000000000,0.0000000000000000,1.0000000000000000
M 0.0119688790291548,0.0000000437082441,0.9999283552169800,8.6813516616821289,0.0000000000000000,1.0000000000000000,-0.0000000437113883,-0.0000000712776327,-0.9999283552169800,0.0000000005231763,0.0119688790291548,7.9108896255493164,0.0000000000000000,0.0000000000000000,0.0000000000000000,1.0000000000000000
M 0.0030453912913799,0.0000000437111716,0.9999953508377075,8.7558364868164062,0.0000000000000000,1.0000000000000000,-0.0000000437113883,-0.0000000712776327,-0.9999953508377075,0.0000000001331183,0.0030453912913799,7.9075446128845215,0.0000000000000000,0.0000000000000000,0.0000000000000000,1.0000000000000000
M -0.0000000437113883,0.0000000437113883,1.0000000000000000,8.7812490463256836,0.0000000000000000,1.0000000000000000,-0.0000000437113883,-0.0000000712776327,-1.0000000000000000,-0.0000000000000019,-0.0000000437113883,7.9062514305114746,0.0000000000000000,0.0000000000000000,0.0000000000000000,1.0000000000000000
O WIDGET_2_TOGGLE_CG_Trap_LABEL_^
A WIDGET_2_TOGGLE_CG_Trap_LABEL_^_WIDGET_2_TOGGLE_CG_Trap_LABEL_^
M 1.0000000000000000,0.0000000000000000,0.0000000000000000,0.0000000000000000,0.0000000000000000,1.0000000000000000,-0.0000000437113883,0.0000000712779666,-0.0000000000000000,0.0000000437113883,1.0000000000000000,-0.0000000104342917,0.0000000000000000,0.0000000000000000,0.0000000000000000,1.0000000000000000
M 0.9999953508377075,-0.0000000001331121,-0.0030452520586550,0.0013714027591050,0.0000000000000000,1.0000000000000000,-0.0000000437113883,0.0000000712779666,0.0030452520586550,0.0000000437111716,0.9999953508377075,-0.0254068057984114,0.0000000000000000,0.0000000000000000,0.0000000000000000,1.0000000000000000
M 0.9999283552169800,-0.0000000005231771,-0.0119688976556063,0.0058343638665974,0.0000000000000000,1.0000000000000000,-0.0000000437113883,0.0000000712779666,0.0119688976556063,0.0000000437082441,0.9999283552169800,-0.0998341441154480,0.0000000000000000,0.0000000000000000,0.0000000000000000,1.0000000000000000
M 0.9996501207351685,-0.0000000011562069,-0.0264509301632643,0.0144915170967579,0.0000000000000000,1.0000000000000000,-0.0000000437113883,0.0000000712779666,0.0264509301632643,0.0000000436960796,0.9996501207351685,-0.2205469012260437,0.0000000000000000,0.0000000000000000,0.0000000000000000,1.0000000000000000
M 0.9989337921142578,-0.0000000020179609,-0.0461655668914318,0.0290933772921562,0.0000000000000000,1.0000000000000000,-0.0000000437113883,0.0000000712779666,0.0461655668914318,0.0000000436647838,0.9989337921142578,-0.3847274780273438,0.0000000000000000,0.0000000000000000,0.0000000000000000,1.0000000000000000
M 0.9974922537803650,-0.0000000030937215,-0.0707760974764824,0.0518882609903812,0.0000000000000000,1.0000000000000000,-0.0000000437113883,0.0000000712779666,0.0707760974764824,0.0000000436017586,0.9974922537803650,-0.5894409418106079,0.0000000000000000,0.0000000000000000,0.0000000000000000,1.0000000000000000
M 0.9949945211410522,-0.0000000043680441,-0.0999292060732841,0.0854834318161011,0.0000000000000000,1.0000000000000000,-0.0000000437113883,0.0000000712779666,0.0999292060732841,0.0000000434925909,0.9949945211410522,-0.8315944671630859,0.0000000000000000,0.0000000000000000,0.0000000000000000,1.0000000000000000
M 0.9910825490951538,-0.0000000058245222,-0.1332495361566544,0.1327015757560730,0.0000000000000000,1.0000000000000000,-0.0000000437113883,0.0000000712779666,0.1332495361566544,0.0000000433215810,0.9910825490951538,-1.1078994274139404,0.0000000000000000,0.0000000000000000,0.0000000000000000,1.0000000000000000
M 0.9853861927986145,-0.0000000074455895,-0.1703352779150009,0.1964558660984039,0.0000000000000000,1.0000000000000000,-0.0000000437113883,0.0000000712779666,0.1703352779150009,0.0000000430725855,0.9853861927986145,-1.4148414134979248,0.0000000000000000,0.0000000000000000,0.0000000000000000,1.0000000000000000
M 0.9775389432907104,-0.0000000092123864,-0.2107548266649246,0.2796149551868439,0.0000000000000000,1.0000000000000000,-0.0000000437113883,0.0000000712779666,0.2107548266649246,0.0000000427295710,0.9775389432907104,-1.7486587762832642,0.0000000000000000,0.0000000000000000,0.0000000000000000,1.0000000000000000
M 0.9671922326087952,-0.0000000111046825,-0.2540456056594849,0.3848851323127747,0.0000000000000000,1.0000000000000000,-0.0000000437113883,0.0000000712779666,0.2540456056594849,0.0000000422772999,0.9671922326087952,-2.1053395271301270,0.0000000000000000,0.0000000000000000,0.0000000000000000,1.0000000000000000
M 0.9540289640426636,-0.0000000131009328,-0.2997144162654877,0.5146961808204651,0.0000000000000000,1.0000000000000000,-0.0000000437113883,0.0000000712779666,0.2997144162654877,0.0000000417019308,0.9540289640426636,-2.4806299209594727,0.0000000000000000,0.0000000000000000,0.0000000000000000,1.0000000000000000
M 0.9377761483192444,-0.0000000151783599,-0.3472404181957245,0.6710984706878662,0.0000000000000000,1.0000000000000000,-0.0000000437113883,0.0000000712779666,0.3472404181957245,0.0000000409914982,0.9377761483192444,-2.8700640201568604,0.0000000000000000,0.0000000000000000,0.0000000000000000,1.0000000000000000
M 0.9182161092758179,-0.0000000173131962,-0.3960797786712646,0.8556699752807617,0.0000000000000000,1.0000000000000000,-0.0000000437113883,0.0000000712779666,0.3960797786712646,0.0000000401364879,0.9182161092758179,-3.2690100669860840,0.0000000000000000,0.0000000000000000,0.0000000000000000,1.0000000000000000
M 0.8951959609985352,-0.0000000194809768,-0.4456728100776672,1.0694413185119629,0.0000000000000000,1.0000000000000000,-0.0000000437113883,0.0000000712779666,0.4456728100776672,0.0000000391302457,0.8951959609985352,-3.6727304458618164,0.0000000000000000,0.0000000000000000,0.0000000000000000,1.0000000000000000
M 0.8686350584030151,-0.0000000216569092,-0.4954524934291840,1.3128372430801392,0.0000000000000000,1.0000000000000000,-0.0000000437113883,0.0000000712779666,0.4954524934291840,0.0000000379692437,0.8686350584030151,-4.0764594078063965,0.0000000000000000,0.0000000000000000,0.0000000000000000,1.0000000000000000
M 0.8385306000709534,-0.0000000238163445,-0.5448544621467590,1.5856350660324097,0.0000000000000000,1.0000000000000000,-0.0000000437113883,0.0000000712779666,0.5448544621467590,0.0000000366533364,0.8385306000709534,-4.4754862785339355,0.0000000000000000,0.0000000000000000,0.0000000000000000,1.0000000000000000
M 0.8049603700637817,-0.0000000259352149,-0.5933285355567932,1.8869438171386719,0.0000000000000000,1.0000000000000000,-0.0000000437113883,0.0000000712779666,0.5933285355567932,0.0000000351859342,0.8049603700637817,-4.8652548789978027,0.0000000000000000,0.0000000000000000,0.0000000000000000,1.0000000000000000
M 0.7680831551551819,-0.0000000279905841,-0.6403501033782959,2.2152101993560791,0.0000000000000000,1.0000000000000000,-0.0000000437113883,0.0000000712779666,0.6403501033782959,0.0000000335739827,0.7680831551551819,-5.2414574623107910,0.0000000000000000,0.0000000000000000,0.0000000000000000,1.0000000000000000
M 0.7281364798545837,-0.0000000299611855,-0.6854321956634521,2.5682387351989746,0.0000000000000000,1.0000000000000000,-0.0000000437113883,0.0000000712779666,0.6854321956634521,0.0000000318278488,0.7281364798545837,-5.6001338958740234,0.0000000000000000,0.0000000000000000,0.0000000000000000,1.0000000000000000
M 0.6854321956634521,-0.0000000318278524,-0.7281364202499390,2.9432361125946045,0.0000000000000000,1.0000000000000000,-0.0000000437113883,0.0000000712779666,0.7281364202499390,0.0000000299611926,0.6854321956634521,-5.9377646446228027,0.0000000000000000,0.0000000000000000,0.0000000000000000,1.0000000000000000
M 0.6403499841690063,-0.0000000335739827,-0.7680832147598267,3.3368673324584961,0.0000000000000000,1.0000000000000000,-0.0000000437113883,0.0000000712779666,0.7680832147598267,0.0000000279905876,0.6403499841690063,-6.2513470649719238,0.0000000000000000,0.0000000000000000,0.0000000000000000,1.0000000000000000
M 0.5933284163475037,-0.0000000351859271,-0.8049604892730713,3.7453374862670898,0.0000000000000000,1.0000000000000000,-0.0000000437113883,0.0000000712779666,0.8049604892730713,0.0000000259352024,0.5933284163475037,-6.5384697914123535,0.0000000000000000,0.0000000000000000,0.0000000000000000,1.0000000000000000
M 0.5448544025421143,-0.0000000366533399,-0.8385306596755981,4.1644797325134277,0.0000000000000000,1.0000000000000000,-0.0000000437113883,0.0000000712779666,0.8385306596755981,0.0000000238163356,0.5448544025421143,-6.7973632812500000,0.0000000000000000,0.0000000000000000,0.0000000000000000,1.0000000000000000
M 0.4954522848129272,-0.0000000379692366,-0.8686351776123047,4.5898489952087402,0.0000000000000000,1.0000000000000000,-0.0000000437113883,0.0000000712779666,0.8686351776123047,0.0000000216569074,0.4954522848129272,-7.0269346237182617,0.0000000000000000,0.0000000000000000,0.0000000000000000,1.0000000000000000
M 0.4456726908683777,-0.0000000391302457,-0.8951959609985352,5.0168180465698242,0.0000000000000000,1.0000000000000000,-0.0000000437113883,0.0000000712779666,0.8951959609985352,0.0000000194809715,0.4456726908683777,-7.2267723083496094,0.0000000000000000,0.0000000000000000,0.0000000000000000,1.0000000000000000
M 0.3960798382759094,-0.0000000401364986,-0.9182160496711731,5.4406795501708984,0.0000000000000000,1.0000000000000000,-0.0000000437113883,0.0000000712779666,0.9182160496711731,0.0000000173131927,0.3960798382759094,-7.3971490859985352,0.0000000000000000,0.0000000000000000,0.0000000000000000,1.0000000000000000
M 0.3472403585910797,-0.0000000409914982,-0.9377761483192444,5.8567419052124023,0.0000000000000000,1.0000000000000000,-0.0000000437113883,0.0000000712779666,0.9377761483192444,0.0000000151783546,0.3472403585910797,-7.5389862060546875,0.0000000000000000,0.0000000000000000,0.0000000000000000,1.0000000000000000
M 0.2997144758701324,-0.0000000417019166,-0.9540289640426636,6.2603964805603027,0.0000000000000000,1.0000000000000000,-0.0000000437113883,0.0000000712779666,0.9540289640426636,0.0000000131009354,0.2997144758701324,-7.6538033485412598,0.0000000000000000,0.0000000000000000,0.0000000000000000,1.0000000000000000
M 0.2540454864501953,-0.0000000422773176,-0.9671922922134399,6.6472058296203613,0.0000000000000000,1.0000000000000000,-0.0000000437113883,0.0000000712779666,0.9671922922134399,0.0000000111046807,0.2540454864501953,-7.7436552047729492,0.0000000000000000,0.0000000000000000,0.0000000000000000,1.0000000000000000
M 0.2107547521591187,-0.0000000427295852,-0.9775389432907104,7.0129399299621582,0.0000000000000000,1.0000000000000000,-0.0000000437113883,0.0000000712779666,0.9775389432907104,0.0000000092123793,0.2107547521591187,-7.8110446929931641,0.0000000000000000,0.0000000000000000,0.0000000000000000,1.0000000000000000
M 0.1703350841999054,-0.0000000430725855,-0.9853861927986145,7.3536243438720703,0.0000000000000000,1.0000000000000000,-0.0000000437113883,0.0000000712779666,0.9853861927986145,0.0000000074455828,0.1703350841999054,-7.8588366508483887,0.0000000000000000,0.0000000000000000,0.0000000000000000,1.0000000000000000
M 0.1332494169473648,-0.0000000433215810,-0.9910825490951538,7.6655502319335938,0.0000000000000000,1.0000000000000000,-0.0000000437113883,0.0000000712779666,0.9910825490951538,0.0000000058245169,0.1332494169473648,-7.8901405334472656,0.0000000000000000,0.0000000000000000,0.0000000000000000,1.0000000000000000
M 0.0999289974570274,-0.0000000434925944,-0.9949945807456970,7.9452791213989258,0.0000000000000000,1.0000000000000000,-0.0000000437113883,0.0000000712779666,0.9949945807456970,0.0000000043680353,0.0999289974570274,-7.9082036018371582,0.0000000000000000,0.0000000000000000,0.0000000000000000,1.0000000000000000
M 0.0707759633660316,-0.0000000436017586,-0.9974922537803650,8.1896171569824219,0.0000000000000000,1.0000000000000000,-0.0000000437113883,0.0000000712779666,0.9974922537803650,0.0000000030937155,0.0707759633660316,-7.9162893295288086,0.0000000000000000,0.0000000000000000,0.0000000000000000,1.0000000000000000
M 0.0461653396487236,-0.0000000436647838,-0.9989337921142578,8.3955926895141602,0.0000000000000000,1.0000000000000000,-0.0000000437113883,0.0000000712779666,0.9989337921142578,0.0000000020179511,0.0461653396487236,-7.9175500869750977,0.0000000000000000,0.0000000000000000,0.0000000000000000,1.0000000000000000
M 0.0264512002468109,-0.0000000436960796,-0.9996501207351685,8.5603961944580078,0.0000000000000000,1.0000000000000000,-0.0000000437113883,0.0000000712779666,0.9996501207351685,0.0000000011562187,0.0264512002468109,-7.9149017333984375,0.0000000000000000,0.0000000000000000,0.0000000000000000,1.0000000000000000
M 0.0119688790291548,-0.0000000437082441,-0.9999283552169800,8.6813545227050781,0.0000000000000000,1.0000000000000000,-0.0000000437113883,0.0000000712779666,0.9999283552169800,0.0000000005231763,0.0119688790291548,-7.9108872413635254,0.0000000000000000,0.0000000000000000,0.0000000000000000,1.0000000000000000
M 0.0030453912913799,-0.0000000437111716,-0.9999953508377075,8.7558393478393555,0.0000000000000000,1.0000000000000000,-0.0000000437113883,0.0000000712779666,0.9999953508377075,0.0000000001331183,0.0030453912913799,-7.9075417518615723,0.0000000000000000,0.0000000000000000,0.0000000000000000,1.0000000000000000
M -0.0000000437113883,-0.0000000437113883,-1.0000000000000000,8.7812519073486328,0.0000000000000000,1.0000000000000000,-0.0000000437113883,0.0000000712779666,1.0000000000000000,-0.0000000000000019,-0.0000000437113883,-7.9062485694885254,0.0000000000000000,0.0000000000000000,0.0000000000000000,1.0000000000000000
O DOOR_3_TOGGLE_CONNECTING_CG_Trap_LABEL_Catwalk
A DOOR_3_TOGGLE_CONNECTING_CG_Trap_LABEL_Catwalk_DOOR_3_TOGGLE_CONNECTING_CG_Trap_LABEL_Catwalk
M 1.0000000000000000,0.0000000000000000,0.0000000000000000,0.0000000000000000,0.0000000000000000,1.0000000000000000,-0.0000000437113883,0.0000000000001654,-0.0000000000000000,0.0000000437113883,1.0000000000000000,-0.0000000000000000,0.0000000000000000,0.0000000000000000,0.0000000000000000,1.0000000000000000
M 0.9999962449073792,0.0027407275047153,-0.0000000001198010,-0.0051930407062173,-0.0027407275047153,0.9999962449073792,-0.0000000437112249,0.0227894503623247,-0.0000000000000000,0.0000000437113883,1.0000000000000000,-0.0000000000000000,0.0000000000000000,0.0000000000000000,0.0000000000000000,1.0000000000000000
M 0.9999420046806335,0.0107720559462905,-0.0000000004708615,-0.0200516730546951,-0.0107720559462905,0.9999420046806335,-0.0000000437088374,0.0896532237529755,-0.0000000000000000,0.0000000437113883,1.0000000000000000,-0.0000000000000000,0.0000000000000000,0.0000000000000000,0.0000000000000000,1.0000000000000000
M 0.9997165799140930,0.0238063614815474,-0.0000000010406092,-0.0430252999067307,-0.0238063614815474,0.9997165799140930,-0.0000000436989858,0.1984306424856186,-0.0000000000000000,0.0000000437113883,1.0000000000000000,-0.0000000000000000,0.0000000000000000,0.0000000000000000,0.0000000000000000,1.0000000000000000
M 0.9991363286972046,0.0415518134832382,-0.0000000018162875,-0.0720288828015327,-0.0415518134832382,0.9991363286972046,-0.0000000436736372,0.3470458388328552,-0.0000000000000000,0.0000000437113883,1.0000000000000000,-0.0000000000000000,0.0000000000000000,0.0000000000000000,0.0000000000000000,1.0000000000000000
M 0.9979685544967651,0.0637086108326912,-0.0000000027847917,-0.1045578271150589,-0.0637086108326912,0.9979685544967651,-0.0000000436225918,0.5334502458572388,-0.0000000000000000,0.0000000437113883,1.0000000000000000,-0.0000000000000000,0.0000000000000000,0.0000000000000000,0.0000000000000000,1.0000000000000000
M 0.9959449172019958,0.0899648368358612,-0.0000000039324881,-0.1377878487110138,-0.0899648368358612,0.9959449172019958,-0.0000000435341363,0.7555627226829529,-0.0000000000000000,0.0000000437113883,1.0000000000000000,-0.0000000000000000,0.0000000000000000,0.0000000000000000,0.0000000000000000,1.0000000000000000
M 0.9927747845649719,0.1199925020337105,-0.0000000052450391,-0.1686761528253555,-0.1199925020337105,0.9927747845649719,-0.0000000433955627,1.0112107992172241,-0.0000000000000000,0.0000000437113883,1.0000000000000000,-0.0000000000000000,0.0000000000000000,0.0000000000000000,0.0000000000000000,1.0000000000000000
M 0.9881572723388672,0.1534442901611328,-0.0000000067072627,-0.1940601468086243,-0.1534442901611328,0.9881572723388672,-0.0000000431937259,1.2980808019638062,-0.0000000000000000,0.0000000437113883,1.0000000000000000,-0.0000000000000000,0.0000000000000000,0.0000000000000000,0.0000000000000000,1.0000000000000000
M 0.9817935228347778,0.1899511069059372,-0.0000000083030232,-0.2107528448104858,-0.1899511069059372,0.9817935228347778,-0.0000000429155591,1.6136746406555176,-0.0000000000000000,0.0000000437113883,1.0000000000000000,-0.0000000000000000,0.0000000000000000,0.0000000000000000,0.0000000000000000,1.0000000000000000
M 0.9733979105949402,0.2291211336851120,-0.0000000100152029,-0.2156327366828918,-0.2291211336851120,0.9733979105949402,-0.0000000425485602,1.9552795886993408,-0.0000000000000000,0.0000000437113883,1.0000000000000000,-0.0000000000000000,0.0000000000000000,0.0000000000000000,0.0000000000000000,1.0000000000000000
M 0.9627087116241455,0.2705400288105011,-0.0000000118256800,-0.2057327032089233,-0.2705400288105011,0.9627087116241455,-0.0000000420813357,2.3199505805969238,-0.0000000000000000,0.0000000437113883,1.0000000000000000,-0.0000000000000000,0.0000000000000000,0.0000000000000000,0.0000000000000000,1.0000000000000000
M 0.9494980573654175,0.3137729763984680,-0.0000000137154528,-0.1783323287963867,-0.3137729763984680,0.9494980573654175,-0.0000000415038777,2.7045073509216309,-0.0000000000000000,0.0000000437113883,1.0000000000000000,-0.0000000000000000,0.0000000000000000,0.0000000000000000,0.0000000000000000,1.0000000000000000
M 0.9335803985595703,0.3583679497241974,-0.0000000156647602,-0.1310258507728577,-0.3583679497241974,0.9335803985595703,-0.0000000408080965,3.1055459976196289,-0.0000000000000000,0.0000000437113883,1.0000000000000000,-0.0000000000000000,0.0000000000000000,0.0000000000000000,0.0000000000000000,1.0000000000000000
M 0.9148204922676086,0.4038606882095337,-0.0000000176533117,-0.0618048906326294,-0.4038606882095337,0.9148204922676086,-0.0000000399880733,3.5194654464721680,-0.0000000000000000,0.0000000437113883,1.0000000000000000,-0.0000000000000000,0.0000000000000000,0.0000000000000000,0.0000000000000000,1.0000000000000000
M 0.8931388854980469,0.4497809410095215,-0.0000000196605487,0.0308878421783447,-0.4497809410095215,0.8931388854980469,-0.0000000390403407,3.9425082206726074,-0.0000000000000000,0.0000000437113883,1.0000000000000000,-0.0000000000000000,0.0000000000000000,0.0000000000000000,0.0000000000000000,1.0000000000000000
M 0.8685169219970703,0.4956594705581665,-0.0000000216659561,0.1481023430824280,-0.4956594705581665,0.8685169219970703,-0.0000000379640817,4.3708090782165527,-0.0000000000000000,0.0000000437113883,1.0000000000000000,-0.0000000000000000,0.0000000000000000,0.0000000000000000,0.0000000000000000,1.0000000000000000
M 0.8409992456436157,0.5410362482070923,-0.0000000236494451,0.2903435230255127,-0.5410362482070923,0.8409992456436157,-0.0000000367612429,4.8004593849182129,-0.0000000000000000,0.0000000437113883,1.0000000000000000,-0.0000000000000000,0.0000000000000000,0.0000000000000000,0.0000000000000000,1.0000000000000000
M 0.8106946945190430,0.5854691267013550,-0.0000000255916603,0.4575498104095459,-0.5854691267013550,0.8106946945190430,-0.0000000354365923,5.2275753021240234,-0.0000000000000000,0.0000000437113883,1.0000000000000000,-0.0000000000000000,0.0000000000000000,0.0000000000000000,0.0000000000000000,1.0000000000000000
M 0.7777754664421082,0.6285421848297119,-0.0000000274744512,0.6490828990936279,-0.6285421848297119,0.7777754664421082,-0.0000000339976296,5.6483721733093262,-0.0000000000000000,0.0000000437113883,1.0000000000000000,-0.0000000000000000,0.0000000000000000,0.0000000000000000,0.0000000000000000,1.0000000000000000
M 0.7424746751785278,0.6698741316795349,-0.0000000292811286,0.8637317419052124,-0.6698741316795349,0.7424746751785278,-0.0000000324545972,6.0592365264892578,-0.0000000000000000,0.0000000437113883,1.0000000000000000,-0.0000000000000000,0.0000000000000000,0.0000000000000000,0.0000000000000000,1.0000000000000000
M 0.7050815820693970,0.7091261744499207,-0.0000000309968904,1.0997377634048462,-0.7091261744499207,0.7050815820693970,-0.0000000308200931,6.4567995071411133,-0.0000000000000000,0.0000000437113883,1.0000000000000000,-0.0000000000000000,0.0000000000000000,0.0000000000000000,0.0000000000000000,1.0000000000000000
M 0.6659364700317383,0.7460084557533264,-0.0000000326090515,1.3548245429992676,-0.7460084557533264,0.6659364700317383,-0.0000000291090068,6.8380041122436523,-0.0000000000000000,0.0000000437113883,1.0000000000000000,-0.0000000000000000,0.0000000000000000,0.0000000000000000,0.0000000000000000,1.0000000000000000
M 0.6254229545593262,0.7802858948707581,-0.0000000341073800,1.6262518167495728,-0.7802858948707581,0.6254229545593262,-0.0000000273381051,7.2001638412475586,-0.0000000000000000,0.0000000437113883,1.0000000000000000,-0.0000000000000000,0.0000000000000000,0.0000000000000000,0.0000000000000000,1.0000000000000000
M 0.5839610695838928,0.8117816448211670,-0.0000000354841028,1.9108647108078003,-0.8117816448211670,0.5839610695838928,-0.0000000255257486,7.5410089492797852,-0.0000000000000000,0.0000000437113883,1.0000000000000000,-0.0000000000000000,0.0000000000000000,0.0000000000000000,0.0000000000000000,1.0000000000000000
M 0.5419978499412537,0.8403798341751099,-0.0000000367341677,2.2051687240600586,-0.8403798341751099,0.5419978499412537,-0.0000000236914790,7.8587236404418945,-0.0000000000000000,0.0000000437113883,1.0000000000000000,-0.0000000000000000,0.0000000000000000,0.0000000000000000,0.0000000000000000,1.0000000000000000
M 0.4999999701976776,0.8660254478454590,-0.0000000378551590,2.5053894519805908,-0.8660254478454590,0.4999999701976776,-0.0000000218556924,8.1519613265991211,-0.0000000000000000,0.0000000437113883,1.0000000000000000,-0.0000000000000000,0.0000000000000000,0.0000000000000000,0.0000000000000000,1.0000000000000000
M 0.4584440886974335,0.8887232542037964,-0.0000000388473289,2.8075547218322754,-0.8887232542037964,0.4584440886974335,-0.0000000200392201,8.4198532104492188,-0.0000000000000000,0.0000000437113883,1.0000000000000000,-0.0000000000000000,0.0000000000000000,0.0000000000000000,0.0000000000000000,1.0000000000000000
M 0.4178101718425751,0.9085343480110168,-0.0000000397132993,3.1075594425201416,-0.9085343480110168,0.4178101718425751,-0.0000000182630622,8.6619911193847656,-0.0000000000000000,0.0000000437113883,1.0000000000000000,-0.0000000000000000,0.0000000000000000,0.0000000000000000,0.0000000000000000,1.0000000000000000
M 0.3785732686519623,0.9255713224411011,-0.0000000404579943,3.4012393951416016,-0.9255713224411011,0.3785732686519623,-0.0000000165479630,8.8784065246582031,-0.0000000000000000,0.0000000437113883,1.0000000000000000,-0.0000000000000000,0.0000000000000000,0.0000000000000000,0.0000000000000000,1.0000000000000000
M 0.3411988019943237,0.9399911761283875,-0.0000000410883203,3.6844267845153809,-0.9399911761283875,0.3411988019943237,-0.0000000149142725,9.0695161819458008,-0.0000000000000000,0.0000000437113883,1.0000000000000000,-0.0000000000000000,0.0000000000000000,0.0000000000000000,0.0000000000000000,1.0000000000000000
M 0.3061369657516479,0.9519875049591064,-0.0000000416126795,3.9530103206634521,-0.9519875049591064,0.3061369657516479,-0.0000000133816718,9.2360725402832031,-0.0000000000000000,0.0000000437113883,1.0000000000000000,-0.0000000000000000,0.0000000000000000,0.0000000000000000,0.0000000000000000,1.0000000000000000
M 0.2738193869590759,0.9617811441421509,-0.0000000420407886,4.2029809951782227,-0.9617811441421509,0.2738193869590759,-0.0000000119690222,9.3790874481201172,-0.0000000000000000,0.0000000437113883,1.0000000000000000,-0.0000000000000000,0.0000000000000000,0.0000000000000000,0.0000000000000000,1.0000000000000000
M 0.2446571886539459,0.9696096181869507,-0.0000000423829825,4.4304690361022949,-0.9696096181869507,0.2446571886539459,-0.0000000106943014,9.4997520446777344,-0.0000000000000000,0.0000000437113883,1.0000000000000000,-0.0000000000000000,0.0000000000000000,0.0000000000000000,0.0000000000000000,1.0000000000000000
M 0.2190408557653427,0.9757156968116760,-0.0000000426498872,4.6317648887634277,-0.9757156968116760,0.2190408557653427,-0.0000000095745767,9.5993404388427734,-0.0000000000000000,0.0000000437113883,1.0000000000000000,-0.0000000000000000,0.0000000000000000,0.0000000000000000,0.0000000000000000,1.0000000000000000
M 0.1973394751548767,0.9803352355957031,-0.0000000428517986,4.8033514022827148,-0.9803352355957031,0.1973394751548767,-0.0000000086259790,9.6791076660156250,-0.0000000000000000,0.0000000437113883,1.0000000000000000,-0.0000000000000000,0.0000000000000000,0.0000000000000000,0.0000000000000000,1.0000000000000000
M 0.1799036413431168,0.9836842417716980,-0.0000000429981881,4.9419031143188477,-0.9836842417716980,0.1799036413431168,-0.0000000078638358,9.7401838302612305,-0.0000000000000000,0.0000000437113883,1.0000000000000000,-0.0000000000000000,0.0000000000000000,0.0000000000000000,0.0000000000000000,1.0000000000000000
M 0.1670646965503693,0.9859459400177002,-0.0000000430970530,5.0443153381347656,-0.9859459400177002,0.1670646965503693,-0.0000000073026278,9.7834587097167969,-0.0000000000000000,0.0000000437113883,1.0000000000000000,-0.0000000000000000,0.0000000000000000,0.0000000000000000,0.0000000000000000,1.0000000000000000
M 0.1591406613588333,0.9872559309005737,-0.0000000431543263,5.1076865196228027,-0.9872559309005737,0.1591406613588333,-0.0000000069562591,9.8094530105590820,-0.0000000000000000,0.0000000437113883,1.0000000000000000,-0.0000000000000000,0.0000000000000000,0.0000000000000000,0.0000000000000000,1.0000000000000000
M 0.1564344912767410,0.9876883625984192,-0.0000000431732161,5.1293573379516602,-0.9876883625984192,0.1564344912767410,-0.0000000068379671,9.8182058334350586,-0.0000000000000000,0.0000000437113883,1.0000000000000000,-0.0000000000000000,0.0000000000000000,0.0000000000000000,0.0000000000000000,1.0000000000000000
