O DOOR_1_INTERIOR_LCG_IL_mvp_chme3
A DOOR_1_INTERIOR_LCG_IL_mvp_chme3_DOOR_1_INTERIOR_LCG_IL_mvp_chme3
M 1.0000000000000000,0.0000000000000000,0.0000000000000000,0.0000000000000000,0.0000000000000000,1.0000000000000000,-0.0000000437113883,-0.0000000335288490,-0.0000000000000000,0.0000000437113883,1.0000000000000000,0.0000000129120394,0.0000000000000000,0.0000000000000000,0.0000000000000000,1.0000000000000000
M 1.0000000000000000,0.0000000000000000,0.0000000000000000,0.0000000000000000,0.0000000000000000,1.0000000000000000,-0.0000000437113883,-0.0000000335288490,-0.0000000000000000,0.0000000437113883,1.0000000000000000,0.0000000129120394,0.0000000000000000,0.0000000000000000,0.0000000000000000,1.0000000000000000
M 1.0000000000000000,0.0000000000000000,0.0000000000000000,0.0000000000000000,0.0000000000000000,1.0000000000000000,-0.0000000437113883,-0.0000000335288490,-0.0000000000000000,0.0000000437113883,1.0000000000000000,0.0000000129120394,0.0000000000000000,0.0000000000000000,0.0000000000000000,1.0000000000000000
M 1.0000000000000000,0.0000000000000000,0.0000000000000000,0.0000000000000000,0.0000000000000000,1.0000000000000000,-0.0000000437113883,-0.0000000335288490,-0.0000000000000000,0.0000000437113883,1.0000000000000000,0.0000000129120394,0.0000000000000000,0.0000000000000000,0.0000000000000000,1.0000000000000000
M 1.0000000000000000,0.0000000000000000,0.0000000000000000,0.0000000000000000,0.0000000000000000,1.0000000000000000,-0.0000000437113883,-0.0000000335288490,-0.0000000000000000,0.0000000437113883,1.0000000000000000,0.0000000129120394,0.0000000000000000,0.0000000000000000,0.0000000000000000,1.0000000000000000
M 1.0000000000000000,0.0000000000000000,0.0000000000000000,0.0000000000000000,0.0000000000000000,1.0000000000000000,-0.0000000437113883,-0.0000000335288490,-0.0000000000000000,0.0000000437113883,1.0000000000000000,0.0000000129120394,0.0000000000000000,0.0000000000000000,0.0000000000000000,1.0000000000000000
M 1.0000000000000000,0.0000000000000000,0.0000000000000000,0.0000000000000000,0.0000000000000000,1.0000000000000000,-0.0000000437113883,-0.0000000335288490,-0.0000000000000000,0.0000000437113883,1.0000000000000000,0.0000000129120394,0.0000000000000000,0.0000000000000000,0.0000000000000000,1.0000000000000000
M 1.0000000000000000,0.0000000000000000,0.0000000000000000,0.0000000000000000,0.0000000000000000,1.0000000000000000,-0.0000000437113883,-0.0000000335288490,-0.0000000000000000,0.0000000437113883,1.0000000000000000,0.0000000129120394,0.0000000000000000,0.0000000000000000,0.0000000000000000,1.0000000000000000
M 1.0000000000000000,0.0000000000000000,0.0000000000000000,0.0000000000000000,0.0000000000000000,1.0000000000000000,-0.0000000437113883,-0.0000000335288490,-0.0000000000000000,0.0000000437113883,1.0000000000000000,0.0000000129120394,0.0000000000000000,0.0000000000000000,0.0000000000000000,1.0000000000000000
M 1.0000000000000000,0.0000000000000000,0.0000000000000000,0.0000000000000000,0.0000000000000000,1.0000000000000000,-0.0000000437113883,-0.0000000335288490,-0.0000000000000000,0.0000000437113883,1.0000000000000000,0.0000000129120394,0.0000000000000000,0.0000000000000000,0.0000000000000000,1.0000000000000000
M 1.0000000000000000,0.0000000000000000,0.0000000000000000,0.0000000000000000,0.0000000000000000,1.0000000000000000,-0.0000000437113883,-0.0000000335288490,-0.0000000000000000,0.0000000437113883,1.0000000000000000,0.0000000129120394,0.0000000000000000,0.0000000000000000,0.0000000000000000,1.0000000000000000
M 1.0000000000000000,0.0000000000000000,0.0000000000000000,0.0000000000000000,0.0000000000000000,1.0000000000000000,-0.0000000437113883,-0.0000000335288490,-0.0000000000000000,0.0000000437113883,1.0000000000000000,0.0000000129120394,0.0000000000000000,0.0000000000000000,0.0000000000000000,1.0000000000000000
M 1.0000000000000000,0.0000000000000000,0.0000000000000000,0.0000000000000000,0.0000000000000000,1.0000000000000000,-0.0000000437113883,-0.0000000335288490,-0.0000000000000000,0.0000000437113883,1.0000000000000000,0.0000000129120394,0.0000000000000000,0.0000000000000000,0.0000000000000000,1.0000000000000000
M 1.0000000000000000,0.0000000000000000,0.0000000000000000,0.0000000000000000,0.0000000000000000,1.0000000000000000,-0.0000000437113883,-0.0000000335288490,-0.0000000000000000,0.0000000437113883,1.0000000000000000,0.0000000129120394,0.0000000000000000,0.0000000000000000,0.0000000000000000,1.0000000000000000
M 1.0000000000000000,0.0000000000000000,0.0000000000000000,0.0000000000000000,0.0000000000000000,1.0000000000000000,-0.0000000437113883,-0.0000000335288490,-0.0000000000000000,0.0000000437113883,1.0000000000000000,0.0000000129120394,0.0000000000000000,0.0000000000000000,0.0000000000000000,1.0000000000000000
M 1.0000000000000000,0.0000000000000000,0.0000000000000000,0.0000000000000000,0.0000000000000000,1.0000000000000000,-0.0000000437113883,-0.0000000335288490,-0.0000000000000000,0.0000000437113883,1.0000000000000000,0.0000000129120394,0.0000000000000000,0.0000000000000000,0.0000000000000000,1.0000000000000000
M 1.0000000000000000,0.0000000000000000,0.0000000000000000,0.0000000000000000,0.0000000000000000,1.0000000000000000,-0.0000000437113883,-0.0000000335288490,-0.0000000000000000,0.0000000437113883,1.0000000000000000,0.0000000129120394,0.0000000000000000,0.0000000000000000,0.0000000000000000,1.0000000000000000
M 1.0000000000000000,0.0000000000000000,0.0000000000000000,0.0000000000000000,0.0000000000000000,1.0000000000000000,-0.0000000437113883,-0.0000000335288490,-0.0000000000000000,0.0000000437113883,1.0000000000000000,0.0000000129120394,0.0000000000000000,0.0000000000000000,0.0000000000000000,1.0000000000000000
M 1.0000000000000000,0.0000000000000000,0.0000000000000000,0.0000000000000000,0.0000000000000000,1.0000000000000000,-0.0000000437113883,-0.0000000335288490,-0.0000000000000000,0.0000000437113883,1.0000000000000000,0.0000000129120394,0.0000000000000000,0.0000000000000000,0.0000000000000000,1.0000000000000000
M 1.0000000000000000,0.0000000000000000,0.0000000000000000,0.0000000000000000,0.0000000000000000,1.0000000000000000,-0.0000000437113883,-0.0000000335288490,-0.0000000000000000,0.0000000437113883,1.0000000000000000,0.0000000129120394,0.0000000000000000,0.0000000000000000,0.0000000000000000,1.0000000000000000
M 0.9999962449073792,-0.0000000001195618,-0.0027352548204362,-0.0025433197151870,0.0000000000000000,1.0000000000000000,-0.0000000437113883,-0.0000000335288490,0.0027352548204362,0.0000000437112249,0.9999962449073792,-0.0152183584868908,0.0000000000000000,0.0000000000000000,0.0000000000000000,1.0000000000000000
M 0.9999421834945679,-0.0000000004701328,-0.0107553843408823,-0.0097617814317346,0.0000000000000000,1.0000000000000000,-0.0000000437113883,-0.0000000335288490,0.0107553843408823,0.0000000437088623,0.9999421834945679,-0.0598809346556664,0.0000000000000000,0.0000000000000000,0.0000000000000000,1.0000000000000000
M 0.9997171759605408,-0.0000000010394828,-0.0237805955111980,-0.0207212138921022,0.0000000000000000,1.0000000000000000,-0.0000000437113883,-0.0000000335288490,0.0237805955111980,0.0000000436990106,0.9997171759605408,-0.1325446665287018,0.0000000000000000,0.0000000000000000,0.0000000000000000,1.0000000000000000
M 0.9991374015808105,-0.0000000018151978,-0.0415268950164318,-0.0341330394148827,0.0000000000000000,1.0000000000000000,-0.0000000437113883,-0.0000000335288490,0.0415268950164318,0.0000000436736691,0.9991374015808105,-0.2318020015954971,0.0000000000000000,0.0000000000000000,0.0000000000000000,1.0000000000000000
M 0.9979689717292786,-0.0000000027845146,-0.0637022703886032,-0.0484231524169445,0.0000000000000000,1.0000000000000000,-0.0000000437113883,-0.0000000335288490,0.0637022703886032,0.0000000436226095,0.9979689717292786,-0.3562479615211487,0.0000000000000000,0.0000000000000000,0.0000000000000000,1.0000000000000000
M 0.9959415197372437,-0.0000000039341330,-0.0900024771690369,-0.0618019141256809,0.0000000000000000,1.0000000000000000,-0.0000000437113883,-0.0000000335288490,0.0900024771690369,0.0000000435339871,0.9959415197372437,-0.5044435858726501,0.0000000000000000,0.0000000000000000,0.0000000000000000,1.0000000000000000
M 0.9927609562873840,-0.0000000052500466,-0.1201070621609688,-0.0723333358764648,0.0000000000000000,1.0000000000000000,-0.0000000437113883,-0.0000000335288490,0.1201070621609688,0.0000000433949445,0.9927609562873840,-0.6748821139335632,0.0000000000000000,0.0000000000000000,0.0000000000000000,1.0000000000000000
M 0.9881213307380676,-0.0000000067173782,-0.1536757051944733,-0.0779955983161926,0.0000000000000000,1.0000000000000000,-0.0000000437113883,-0.0000000335288490,0.1536757051944733,0.0000000431921414,0.9881213307380676,-0.8659573197364807,0.0000000000000000,0.0000000000000000,0.0000000000000000,1.0000000000000000
M 0.9817171096801758,-0.0000000083202814,-0.1903458535671234,-0.0767507776618004,0.0000000000000000,1.0000000000000000,-0.0000000437113883,-0.0000000335288490,0.1903458535671234,0.0000000429122160,0.9817171096801758,-1.0759389400482178,0.0000000000000000,0.0000000000000000,0.0000000000000000,1.0000000000000000
M 0.9732540845870972,-0.0000000100418713,-0.2297312319278717,-0.0665987953543663,0.0000000000000000,1.0000000000000000,-0.0000000437113883,-0.0000000335288490,0.2297312319278717,0.0000000425422861,0.9732540845870972,-1.3029541969299316,0.0000000000000000,0.0000000000000000,0.0000000000000000,1.0000000000000000
M 0.9624603986740112,-0.0000000118642314,-0.2714220583438873,-0.0456439368426800,0.0000000000000000,1.0000000000000000,-0.0000000437113883,-0.0000000335288490,0.2714220583438873,0.0000000420704787,0.9624603986740112,-1.5449784994125366,0.0000000000000000,0.0000000000000000,0.0000000000000000,1.0000000000000000
M 0.9490961432456970,-0.0000000137684975,-0.3149864971637726,-0.0121476352214813,0.0000000000000000,1.0000000000000000,-0.0000000437113883,-0.0000000335288490,0.3149864971637726,0.0000000414862953,0.9490961432456970,-1.7998347282409668,0.0000000000000000,0.0000000000000000,0.0000000000000000,1.0000000000000000
M 0.9329623579978943,-0.0000000157349600,-0.3599739074707031,0.0354212671518326,0.0000000000000000,1.0000000000000000,-0.0000000437113883,-0.0000000335288490,0.3599739074707031,0.0000000407810816,0.9329623579978943,-2.0652027130126953,0.0000000000000000,0.0000000000000000,0.0000000000000000,1.0000000000000000
M 0.9139089584350586,-0.0000000177432948,-0.4059192538261414,0.0983317196369171,0.0000000000000000,1.0000000000000000,-0.0000000437113883,-0.0000000335288490,0.4059192538261414,0.0000000399482296,0.9139089584350586,-2.3386359214782715,0.0000000000000000,0.0000000000000000,0.0000000000000000,1.0000000000000000
M 0.8918407559394836,-0.0000000197728269,-0.4523495435714722,0.1775584071874619,0.0000000000000000,1.0000000000000000,-0.0000000437113883,-0.0000000335288490,0.4523495435714722,0.0000000389835826,0.8918407559394836,-2.6175935268402100,0.0000000000000000,0.0000000000000000,0.0000000000000000,1.0000000000000000
M 0.8667227029800415,-0.0000000218028084,-0.4987902939319611,0.2737387418746948,0.0000000000000000,1.0000000000000000,-0.0000000437113883,-0.0000000335288490,0.4987902939319611,0.0000000378856519,0.8667227029800415,-2.8994684219360352,0.0000000000000000,0.0000000000000000,0.0000000000000000,1.0000000000000000
M 0.8385829329490662,-0.0000000238128255,-0.5447739362716675,0.3871570527553558,0.0000000000000000,1.0000000000000000,-0.0000000437113883,-0.0000000335288490,0.5447739362716675,0.0000000366556243,0.8385829329490662,-3.1816334724426270,0.0000000000000000,0.0000000000000000,0.0000000000000000,1.0000000000000000
M 0.8075140714645386,-0.0000000257830806,-0.5898482799530029,0.5177204608917236,0.0000000000000000,1.0000000000000000,-0.0000000437113883,-0.0000000335288490,0.5898482799530029,0.0000000352975604,0.8075140714645386,-3.4614865779876709,0.0000000000000000,0.0000000000000000,0.0000000000000000,1.0000000000000000
M 0.7736726999282837,-0.0000000276949006,-0.6335854530334473,0.6649588346481323,0.0000000000000000,1.0000000000000000,-0.0000000437113883,-0.0000000335288490,0.6335854530334473,0.0000000338183064,0.7736726999282837,-3.7365009784698486,0.0000000000000000,0.0000000000000000,0.0000000000000000,1.0000000000000000
M 0.7372773289680481,-0.0000000295309839,-0.6755901575088501,0.8280292153358459,0.0000000000000000,1.0000000000000000,-0.0000000437113883,-0.0000000335288490,0.6755901575088501,0.0000000322274154,0.7372773289680481,-4.0042729377746582,0.0000000000000000,0.0000000000000000,0.0000000000000000,1.0000000000000000
M 0.6986047029495239,-0.0000000312758353,-0.7155078649520874,1.0057228803634644,0.0000000000000000,1.0000000000000000,-0.0000000437113883,-0.0000000335288490,0.7155078649520874,0.0000000305369738,0.6986047029495239,-4.2625703811645508,0.0000000000000000,0.0000000000000000,0.0000000000000000,1.0000000000000000
M 0.6579834222793579,-0.0000000329160805,-0.7530324459075928,1.1964995861053467,0.0000000000000000,1.0000000000000000,-0.0000000437113883,-0.0000000335288490,0.7530324459075928,0.0000000287613613,0.6579834222793579,-4.5093832015991211,0.0000000000000000,0.0000000000000000,0.0000000000000000,1.0000000000000000
M 0.6157882809638977,-0.0000000344407134,-0.7879116535186768,1.3985108137130737,0.0000000000000000,1.0000000000000000,-0.0000000437113883,-0.0000000335288490,0.7879116535186768,0.0000000269169611,0.6157882809638977,-4.7429566383361816,0.0000000000000000,0.0000000000000000,0.0000000000000000,1.0000000000000000
M 0.5724321603775024,-0.0000000358412429,-0.8199520707130432,1.6096414327621460,0.0000000000000000,1.0000000000000000,-0.0000000437113883,-0.0000000335288490,0.8199520707130432,0.0000000250218051,0.5724321603775024,-4.9618277549743652,0.0000000000000000,0.0000000000000000,0.0000000000000000,1.0000000000000000
M 0.5283572673797607,-0.0000000371119242,-0.8490221500396729,1.8275548219680786,0.0000000000000000,1.0000000000000000,-0.0000000437113883,-0.0000000335288490,0.8490221500396729,0.0000000230952288,0.5283572673797607,-5.1648507118225098,0.0000000000000000,0.0000000000000000,0.0000000000000000,1.0000000000000000
M 0.4840272963047028,-0.0000000382497767,-0.8750528693199158,2.0497362613677979,0.0000000000000000,1.0000000000000000,-0.0000000437113883,-0.0000000335288490,0.8750528693199158,0.0000000211575060,0.4840272963047028,-5.3512058258056641,0.0000000000000000,0.0000000000000000,0.0000000000000000,1.0000000000000000
M 0.4399171471595764,-0.0000000392544912,-0.8980383872985840,2.2735502719879150,0.0000000000000000,1.0000000000000000,-0.0000000437113883,-0.0000000335288490,0.8980383872985840,0.0000000192293896,0.4399171471595764,-5.5204157829284668,0.0000000000000000,0.0000000000000000,0.0000000000000000,1.0000000000000000
M 0.3965073525905609,-0.0000000401284197,-0.9180315732955933,2.4962735176086426,0.0000000000000000,1.0000000000000000,-0.0000000437113883,-0.0000000335288490,0.9180315732955933,0.0000000173318870,0.3965073525905609,-5.6723246574401855,0.0000000000000000,0.0000000000000000,0.0000000000000000,1.0000000000000000
M 0.3542733490467072,-0.0000000408763370,-0.9351419210433960,2.7151591777801514,0.0000000000000000,1.0000000000000000,-0.0000000437113883,-0.0000000335288490,0.9351419210433960,0.0000000154857798,0.3542733490467072,-5.8070960044860840,0.0000000000000000,0.0000000000000000,0.0000000000000000,1.0000000000000000
M 0.3136818706989288,-0.0000000415051957,-0.9495281577110291,2.9274623394012451,0.0000000000000000,1.0000000000000000,-0.0000000437113883,-0.0000000335288490,0.9495281577110291,0.0000000137114702,0.3136818706989288,-5.9251732826232910,0.0000000000000000,0.0000000000000000,0.0000000000000000,1.0000000000000000
M 0.2751839160919189,-0.0000000420237640,-0.9613916277885437,3.1304850578308105,0.0000000000000000,1.0000000000000000,-0.0000000437113883,-0.0000000335288490,0.9613916277885437,0.0000000120286749,0.2751839160919189,-6.0272560119628906,0.0000000000000000,0.0000000000000000,0.0000000000000000,1.0000000000000000
M 0.2392114251852036,-0.0000000424423234,-0.9709675312042236,3.3216047286987305,0.0000000000000000,1.0000000000000000,-0.0000000437113883,-0.0000000335288490,0.9709675312042236,0.0000000104562599,0.2392114251852036,-6.1142454147338867,0.0000000000000000,0.0000000000000000,0.0000000000000000,1.0000000000000000
M 0.2061748504638672,-0.0000000427722568,-0.9785151481628418,3.4982948303222656,0.0000000000000000,1.0000000000000000,-0.0000000437113883,-0.0000000335288490,0.9785151481628418,0.0000000090121892,0.2061748504638672,-6.1872010231018066,0.0000000000000000,0.0000000000000000,0.0000000000000000,1.0000000000000000
M 0.1764622479677200,-0.0000000430254445,-0.9843074083328247,3.6581408977508545,0.0000000000000000,1.0000000000000000,-0.0000000437113883,-0.0000000335288490,0.9843074083328247,0.0000000077134095,0.1764622479677200,-6.2472763061523438,0.0000000000000000,0.0000000000000000,0.0000000000000000,1.0000000000000000
M 0.1504385918378830,-0.0000000432139231,-0.9886193275451660,3.7988550662994385,0.0000000000000000,1.0000000000000000,-0.0000000437113883,-0.0000000335288490,0.9886193275451660,0.0000000065758781,0.1504385918378830,-6.2956585884094238,0.0000000000000000,0.0000000000000000,0.0000000000000000,1.0000000000000000
M 0.1284496039152145,-0.0000000433492851,-0.9917160272598267,3.9182655811309814,0.0000000000000000,1.0000000000000000,-0.0000000437113883,-0.0000000335288490,0.9917160272598267,0.0000000056147087,0.1284496039152145,-6.3334984779357910,0.0000000000000000,0.0000000000000000,0.0000000000000000,1.0000000000000000
M 0.1108211502432823,-0.0000000434421423,-0.9938403367996216,4.0143322944641113,0.0000000000000000,1.0000000000000000,-0.0000000437113883,-0.0000000335288490,0.9938403367996216,0.0000000048441446,0.1108211502432823,-6.3618416786193848,0.0000000000000000,0.0000000000000000,0.0000000000000000,1.0000000000000000
M 0.0978654026985168,-0.0000000435015437,-0.9951996803283691,4.0851244926452637,0.0000000000000000,1.0000000000000000,-0.0000000437113883,-0.0000000335288490,0.9951996803283691,0.0000000042778328,0.0978654026985168,-6.3815488815307617,0.0000000000000000,0.0000000000000000,0.0000000000000000,1.0000000000000000
M 0.0898801982402802,-0.0000000435344560,-0.9959526062011719,4.1288361549377441,0.0000000000000000,1.0000000000000000,-0.0000000437113883,-0.0000000335288490,0.9959526062011719,0.0000000039287884,0.0898801982402802,-6.3932237625122070,0.0000000000000000,0.0000000000000000,0.0000000000000000,1.0000000000000000
M 0.0871558040380478,-0.0000000435450538,-0.9961947202682495,4.1437640190124512,0.0000000000000000,1.0000000000000000,-0.0000000437113883,-0.0000000335288490,0.9961947202682495,0.0000000038097001,0.0871558040380478,-6.3971242904663086,0.0000000000000000,0.0000000000000000,0.0000000000000000,1.0000000000000000
M 0.0871558040380478,-0.0000000435450538,-0.9961947202682495,4.1437640190124512,0.0000000000000000,1.0000000000000000,-0.0000000437113883,-0.0000000335288490,0.9961947202682495,0.0000000038097001,0.0871558040380478,-6.3971242904663086,0.0000000000000000,0.0000000000000000,0.0000000000000000,1.0000000000000000
M 0.0871558040380478,-0.0000000435450538,-0.9961947202682495,4.1437640190124512,0.0000000000000000,1.0000000000000000,-0.0000000437113883,-0.0000000335288490,0.9961947202682495,0.0000000038097001,0.0871558040380478,-6.3971242904663086,0.0000000000000000,0.0000000000000000,0.0000000000000000,1.0000000000000000
M 0.0871558040380478,-0.0000000435450538,-0.9961947202682495,4.1437640190124512,0.0000000000000000,1.0000000000000000,-0.0000000437113883,-0.0000000335288490,0.9961947202682495,0.0000000038097001,0.0871558040380478,-6.3971242904663086,0.0000000000000000,0.0000000000000000,0.0000000000000000,1.0000000000000000
M 0.0871558040380478,-0.0000000435450538,-0.9961947202682495,4.1437640190124512,0.0000000000000000,1.0000000000000000,-0.0000000437113883,-0.0000000335288490,0.9961947202682495,0.0000000038097001,0.0871558040380478,-6.3971242904663086,0.0000000000000000,0.0000000000000000,0.0000000000000000,1.0000000000000000
M 0.0871558040380478,-0.0000000435450538,-0.9961947202682495,4.1437640190124512,0.0000000000000000,1.0000000000000000,-0.0000000437113883,-0.0000000335288490,0.9961947202682495,0.0000000038097001,0.0871558040380478,-6.3971242904663086,0.0000000000000000,0.0000000000000000,0.0000000000000000,1.0000000000000000
M 0.0871558040380478,-0.0000000435450538,-0.9961947202682495,4.1437640190124512,0.0000000000000000,1.0000000000000000,-0.0000000437113883,-0.0000000335288490,0.9961947202682495,0.0000000038097001,0.0871558040380478,-6.3971242904663086,0.0000000000000000,0.0000000000000000,0.0000000000000000,1.0000000000000000
M 0.0871558040380478,-0.0000000435450538,-0.9961947202682495,4.1437640190124512,0.0000000000000000,1.0000000000000000,-0.0000000437113883,-0.0000000335288490,0.9961947202682495,0.0000000038097001,0.0871558040380478,-6.3971242904663086,0.0000000000000000,0.0000000000000000,0.0000000000000000,1.0000000000000000
M 0.0871558040380478,-0.0000000435450538,-0.9961947202682495,4.1437640190124512,0.0000000000000000,1.0000000000000000,-0.0000000437113883,-0.0000000335288490,0.9961947202682495,0.0000000038097001,0.0871558040380478,-6.3971242904663086,0.0000000000000000,0.0000000000000000,0.0000000000000000,1.0000000000000000
M 0.0871558040380478,-0.0000000435450538,-0.9961947202682495,4.1437640190124512,0.0000000000000000,1.0000000000000000,-0.0000000437113883,-0.0000000335288490,0.9961947202682495,0.0000000038097001,0.0871558040380478,-6.3971242904663086,0.0000000000000000,0.0000000000000000,0.0000000000000000,1.0000000000000000
M 0.0871558040380478,-0.0000000435450538,-0.9961947202682495,4.1437640190124512,0.0000000000000000,1.0000000000000000,-0.0000000437113883,-0.0000000335288490,0.9961947202682495,0.0000000038097001,0.0871558040380478,-6.3971242904663086,0.0000000000000000,0.0000000000000000,0.0000000000000000,1.0000000000000000
M 0.0871558040380478,-0.0000000435450538,-0.9961947202682495,4.1437640190124512,0.0000000000000000,1.0000000000000000,-0.0000000437113883,-0.0000000335288490,0.9961947202682495,0.0000000038097001,0.0871558040380478,-6.3971242904663086,0.0000000000000000,0.0000000000000000,0.0000000000000000,1.0000000000000000
M 0.0871558040380478,-0.0000000435450538,-0.9961947202682495,4.1437640190124512,0.0000000000000000,1.0000000000000000,-0.0000000437113883,-0.0000000335288490,0.9961947202682495,0.0000000038097001,0.0871558040380478,-6.3971242904663086,0.0000000000000000,0.0000000000000000,0.0000000000000000,1.0000000000000000
M 0.0871558040380478,-0.0000000435450538,-0.9961947202682495,4.1437640190124512,0.0000000000000000,1.0000000000000000,-0.0000000437113883,-0.0000000335288490,0.9961947202682495,0.0000000038097001,0.0871558040380478,-6.3971242904663086,0.0000000000000000,0.0000000000000000,0.0000000000000000,1.0000000000000000
M 0.0871558040380478,-0.0000000435450538,-0.9961947202682495,4.1437640190124512,0.0000000000000000,1.0000000000000000,-0.0000000437113883,-0.0000000335288490,0.9961947202682495,0.0000000038097001,0.0871558040380478,-6.3971242904663086,0.0000000000000000,0.0000000000000000,0.0000000000000000,1.0000000000000000
M 0.0871558040380478,-0.0000000435450538,-0.9961947202682495,4.1437640190124512,0.0000000000000000,1.0000000000000000,-0.0000000437113883,-0.0000000335288490,0.9961947202682495,0.0000000038097001,0.0871558040380478,-6.3971242904663086,0.0000000000000000,0.0000000000000000,0.0000000000000000,1.0000000000000000
M 0.0871558040380478,-0.0000000435450538,-0.9961947202682495,4.1437640190124512,0.0000000000000000,1.0000000000000000,-0.0000000437113883,-0.0000000335288490,0.9961947202682495,0.0000000038097001,0.0871558040380478,-6.3971242904663086,0.0000000000000000,0.0000000000000000,0.0000000000000000,1.0000000000000000
M 0.0871558040380478,-0.0000000435450538,-0.9961947202682495,4.1437640190124512,0.0000000000000000,1.0000000000000000,-0.0000000437113883,-0.0000000335288490,0.9961947202682495,0.0000000038097001,0.0871558040380478,-6.3971242904663086,0.0000000000000000,0.0000000000000000,0.0000000000000000,1.0000000000000000
M 0.0871558040380478,-0.0000000435450538,-0.9961947202682495,4.1437640190124512,0.0000000000000000,1.0000000000000000,-0.0000000437113883,-0.0000000335288490,0.9961947202682495,0.0000000038097001,0.0871558040380478,-6.3971242904663086,0.0000000000000000,0.0000000000000000,0.0000000000000000,1.0000000000000000
M 0.0871558040380478,-0.0000000435450538,-0.9961947202682495,4.1437640190124512,0.0000000000000000,1.0000000000000000,-0.0000000437113883,-0.0000000335288490,0.9961947202682495,0.0000000038097001,0.0871558040380478,-6.3971242904663086,0.0000000000000000,0.0000000000000000,0.0000000000000000,1.0000000000000000
M 0.0871558040380478,-0.0000000435450538,-0.9961947202682495,4.1437640190124512,0.0000000000000000,1.0000000000000000,-0.0000000437113883,-0.0000000335288490,0.9961947202682495,0.0000000038097001,0.0871558040380478,-6.3971242904663086,0.0000000000000000,0.0000000000000000,0.0000000000000000,1.0000000000000000
O DOOR_1_TOGGLE_CG_Door1_mvp_chme3
A DOOR_1_TOGGLE_CG_Door1_mvp_chme3_DOOR_1_TOGGLE_CG_Door1_mvp_chme3
M 1.0000000000000000,0.0000000000000000,0.0000000000000000,0.0000000000000000,0.0000000000000000,1.0000000000000000,-0.0000000437113883,-0.0000000335288490,-0.0000000000000000,0.0000000437113883,1.0000000000000000,0.0000000129120394,0.0000000000000000,0.0000000000000000,0.0000000000000000,1.0000000000000000
M 1.0000000000000000,0.0000000000000000,0.0000000000000000,0.0000000000000000,0.0000000000000000,1.0000000000000000,-0.0000000437113883,-0.0000000335288490,-0.0000000000000000,0.0000000437113883,1.0000000000000000,0.0000000129120394,0.0000000000000000,0.0000000000000000,0.0000000000000000,1.0000000000000000
M 1.0000000000000000,0.0000000000000000,0.0000000000000000,0.0000000000000000,0.0000000000000000,1.0000000000000000,-0.0000000437113883,-0.0000000335288490,-0.0000000000000000,0.0000000437113883,1.0000000000000000,0.0000000129120394,0.0000000000000000,0.0000000000000000,0.0000000000000000,1.0000000000000000
M 1.0000000000000000,0.0000000000000000,0.0000000000000000,0.0000000000000000,0.0000000000000000,1.0000000000000000,-0.0000000437113883,-0.0000000335288490,-0.0000000000000000,0.0000000437113883,1.0000000000000000,0.0000000129120394,0.0000000000000000,0.0000000000000000,0.0000000000000000,1.0000000000000000
M 1.0000000000000000,0.0000000000000000,0.0000000000000000,0.0000000000000000,0.0000000000000000,1.0000000000000000,-0.0000000437113883,-0.0000000335288490,-0.0000000000000000,0.0000000437113883,1.0000000000000000,0.0000000129120394,0.0000000000000000,0.0000000000000000,0.0000000000000000,1.0000000000000000
M 1.0000000000000000,0.0000000000000000,0.0000000000000000,0.0000000000000000,0.0000000000000000,1.0000000000000000,-0.0000000437113883,-0.0000000335288490,-0.0000000000000000,0.0000000437113883,1.0000000000000000,0.0000000129120394,0.0000000000000000,0.0000000000000000,0.0000000000000000,1.0000000000000000
M 1.0000000000000000,0.0000000000000000,0.0000000000000000,0.0000000000000000,0.0000000000000000,1.0000000000000000,-0.0000000437113883,-0.0000000335288490,-0.0000000000000000,0.0000000437113883,1.0000000000000000,0.0000000129120394,0.0000000000000000,0.0000000000000000,0.0000000000000000,1.0000000000000000
M 1.0000000000000000,0.0000000000000000,0.0000000000000000,0.0000000000000000,0.0000000000000000,1.0000000000000000,-0.0000000437113883,-0.0000000335288490,-0.0000000000000000,0.0000000437113883,1.0000000000000000,0.0000000129120394,0.0000000000000000,0.0000000000000000,0.0000000000000000,1.0000000000000000
M 1.0000000000000000,0.0000000000000000,0.0000000000000000,0.0000000000000000,0.0000000000000000,1.0000000000000000,-0.0000000437113883,-0.0000000335288490,-0.0000000000000000,0.0000000437113883,1.0000000000000000,0.0000000129120394,0.0000000000000000,0.0000000000000000,0.0000000000000000,1.0000000000000000
M 1.0000000000000000,0.0000000000000000,0.0000000000000000,0.0000000000000000,0.0000000000000000,1.0000000000000000,-0.0000000437113883,-0.0000000335288490,-0.0000000000000000,0.0000000437113883,1.0000000000000000,0.0000000129120394,0.0000000000000000,0.0000000000000000,0.0000000000000000,1.0000000000000000
M 1.0000000000000000,0.0000000000000000,0.0000000000000000,0.0000000000000000,0.0000000000000000,1.0000000000000000,-0.0000000437113883,-0.0000000335288490,-0.0000000000000000,0.0000000437113883,1.0000000000000000,0.0000000129120394,0.0000000000000000,0.0000000000000000,0.0000000000000000,1.0000000000000000
M 1.0000000000000000,0.0000000000000000,0.0000000000000000,0.0000000000000000,0.0000000000000000,1.0000000000000000,-0.0000000437113883,-0.0000000335288490,-0.0000000000000000,0.0000000437113883,1.0000000000000000,0.0000000129120394,0.0000000000000000,0.0000000000000000,0.0000000000000000,1.0000000000000000
M 1.0000000000000000,0.0000000000000000,0.0000000000000000,0.0000000000000000,0.0000000000000000,1.0000000000000000,-0.0000000437113883,-0.0000000335288490,-0.0000000000000000,0.0000000437113883,1.0000000000000000,0.0000000129120394,0.0000000000000000,0.0000000000000000,0.0000000000000000,1.0000000000000000
M 1.0000000000000000,0.0000000000000000,0.0000000000000000,0.0000000000000000,0.0000000000000000,1.0000000000000000,-0.0000000437113883,-0.0000000335288490,-0.0000000000000000,0.0000000437113883,1.0000000000000000,0.0000000129120394,0.0000000000000000,0.0000000000000000,0.0000000000000000,1.0000000000000000
M 1.0000000000000000,0.0000000000000000,0.0000000000000000,0.0000000000000000,0.0000000000000000,1.0000000000000000,-0.0000000437113883,-0.0000000335288490,-0.0000000000000000,0.0000000437113883,1.0000000000000000,0.0000000129120394,0.0000000000000000,0.0000000000000000,0.0000000000000000,1.0000000000000000
M 1.0000000000000000,0.0000000000000000,0.0000000000000000,0.0000000000000000,0.0000000000000000,1.0000000000000000,-0.0000000437113883,-0.0000000335288490,-0.0000000000000000,0.0000000437113883,1.0000000000000000,0.0000000129120394,0.0000000000000000,0.0000000000000000,0.0000000000000000,1.0000000000000000
M 1.0000000000000000,0.0000000000000000,0.0000000000000000,0.0000000000000000,0.0000000000000000,1.0000000000000000,-0.0000000437113883,-0.0000000335288490,-0.0000000000000000,0.0000000437113883,1.0000000000000000,0.0000000129120394,0.0000000000000000,0.0000000000000000,0.0000000000000000,1.0000000000000000
M 1.0000000000000000,0.0000000000000000,0.0000000000000000,0.0000000000000000,0.0000000000000000,1.0000000000000000,-0.0000000437113883,-0.0000000335288490,-0.0000000000000000,0.0000000437113883,1.0000000000000000,0.0000000129120394,0.0000000000000000,0.0000000000000000,0.0000000000000000,1.0000000000000000
M 1.0000000000000000,0.0000000000000000,0.0000000000000000,0.0000000000000000,0.0000000000000000,1.0000000000000000,-0.0000000437113883,-0.0000000335288490,-0.0000000000000000,0.0000000437113883,1.0000000000000000,0.0000000129120394,0.0000000000000000,0.0000000000000000,0.0000000000000000,1.0000000000000000
M 1.0000000000000000,0.0000000000000000,0.0000000000000000,0.0000000000000000,0.0000000000000000,1.0000000000000000,-0.0000000437113883,-0.0000000335288490,-0.0000000000000000,0.0000000437113883,1.0000000000000000,0.0000000129120394,0.0000000000000000,0.0000000000000000,0.0000000000000000,1.0000000000000000
M 0.9999962449073792,-0.0000000001195618,-0.0027352548204362,-0.0025433197151870,0.0000000000000000,1.0000000000000000,-0.0000000437113883,-0.0000000335288490,0.0027352548204362,0.0000000437112249,0.9999962449073792,-0.0152183584868908,0.0000000000000000,0.0000000000000000,0.0000000000000000,1.0000000000000000
M 0.9999421834945679,-0.0000000004701328,-0.0107553843408823,-0.0097617814317346,0.0000000000000000,1.0000000000000000,-0.0000000437113883,-0.0000000335288490,0.0107553843408823,0.0000000437088623,0.9999421834945679,-0.0598809942603111,0.0000000000000000,0.0000000000000000,0.0000000000000000,1.0000000000000000
M 0.9997171759605408,-0.0000000010394828,-0.0237805955111980,-0.0207212138921022,0.0000000000000000,1.0000000000000000,-0.0000000437113883,-0.0000000335288490,0.0237805955111980,0.0000000436990106,0.9997171759605408,-0.1325446665287018,0.0000000000000000,0.0000000000000000,0.0000000000000000,1.0000000000000000
M 0.9991374015808105,-0.0000000018151978,-0.0415268950164318,-0.0341330394148827,0.0000000000000000,1.0000000000000000,-0.0000000437113883,-0.0000000335288490,0.0415268950164318,0.0000000436736691,0.9991374015808105,-0.2318020015954971,0.0000000000000000,0.0000000000000000,0.0000000000000000,1.0000000000000000
M 0.9979689717292786,-0.0000000027845146,-0.0637022703886032,-0.0484231524169445,0.0000000000000000,1.0000000000000000,-0.0000000437113883,-0.0000000335288490,0.0637022703886032,0.0000000436226095,0.9979689717292786,-0.3562479615211487,0.0000000000000000,0.0000000000000000,0.0000000000000000,1.0000000000000000
M 0.9959415197372437,-0.0000000039341330,-0.0900024771690369,-0.0618019141256809,0.0000000000000000,1.0000000000000000,-0.0000000437113883,-0.0000000335288490,0.0900024771690369,0.0000000435339871,0.9959415197372437,-0.5044435858726501,0.0000000000000000,0.0000000000000000,0.0000000000000000,1.0000000000000000
M 0.9927609562873840,-0.0000000052500466,-0.1201070621609688,-0.0723333358764648,0.0000000000000000,1.0000000000000000,-0.0000000437113883,-0.0000000335288490,0.1201070621609688,0.0000000433949445,0.9927609562873840,-0.6748821139335632,0.0000000000000000,0.0000000000000000,0.0000000000000000,1.0000000000000000
M 0.9881213307380676,-0.0000000067173782,-0.1536757051944733,-0.0779955983161926,0.0000000000000000,1.0000000000000000,-0.0000000437113883,-0.0000000335288490,0.1536757051944733,0.0000000431921414,0.9881213307380676,-0.8659573197364807,0.0000000000000000,0.0000000000000000,0.0000000000000000,1.0000000000000000
M 0.9817171096801758,-0.0000000083202814,-0.1903458535671234,-0.0767507776618004,0.0000000000000000,1.0000000000000000,-0.0000000437113883,-0.0000000335288490,0.1903458535671234,0.0000000429122160,0.9817171096801758,-1.0759389400482178,0.0000000000000000,0.0000000000000000,0.0000000000000000,1.0000000000000000
M 0.9732540845870972,-0.0000000100418713,-0.2297312319278717,-0.0665987953543663,0.0000000000000000,1.0000000000000000,-0.0000000437113883,-0.0000000335288490,0.2297312319278717,0.0000000425422861,0.9732540845870972,-1.3029541969299316,0.0000000000000000,0.0000000000000000,0.0000000000000000,1.0000000000000000
M 0.9624603986740112,-0.0000000118642314,-0.2714220583438873,-0.0456439368426800,0.0000000000000000,1.0000000000000000,-0.0000000437113883,-0.0000000335288490,0.2714220583438873,0.0000000420704787,0.9624603986740112,-1.5449784994125366,0.0000000000000000,0.0000000000000000,0.0000000000000000,1.0000000000000000
M 0.9490961432456970,-0.0000000137684975,-0.3149864971637726,-0.0121471583843231,0.0000000000000000,1.0000000000000000,-0.0000000437113883,-0.0000000335288490,0.3149864971637726,0.0000000414862953,0.9490961432456970,-1.7998347282409668,0.0000000000000000,0.0000000000000000,0.0000000000000000,1.0000000000000000
M 0.9329623579978943,-0.0000000157349600,-0.3599739074707031,0.0354212671518326,0.0000000000000000,1.0000000000000000,-0.0000000437113883,-0.0000000335288490,0.3599739074707031,0.0000000407810816,0.9329623579978943,-2.0652027130126953,0.0000000000000000,0.0000000000000000,0.0000000000000000,1.0000000000000000
M 0.9139089584350586,-0.0000000177432948,-0.4059192538261414,0.0983321964740753,0.0000000000000000,1.0000000000000000,-0.0000000437113883,-0.0000000335288490,0.4059192538261414,0.0000000399482296,0.9139089584350586,-2.3386361598968506,0.0000000000000000,0.0000000000000000,0.0000000000000000,1.0000000000000000
M 0.8918407559394836,-0.0000000197728269,-0.4523495435714722,0.1775584071874619,0.0000000000000000,1.0000000000000000,-0.0000000437113883,-0.0000000335288490,0.4523495435714722,0.0000000389835826,0.8918407559394836,-2.6175935268402100,0.0000000000000000,0.0000000000000000,0.0000000000000000,1.0000000000000000
M 0.8667227029800415,-0.0000000218028084,-0.4987902939319611,0.2737392187118530,0.0000000000000000,1.0000000000000000,-0.0000000437113883,-0.0000000335288490,0.4987902939319611,0.0000000378856519,0.8667227029800415,-2.8994684219360352,0.0000000000000000,0.0000000000000000,0.0000000000000000,1.0000000000000000
M 0.8385829329490662,-0.0000000238128255,-0.5447739362716675,0.3871570527553558,0.0000000000000000,1.0000000000000000,-0.0000000437113883,-0.0000000335288490,0.5447739362716675,0.0000000366556243,0.8385829329490662,-3.1816334724426270,0.0000000000000000,0.0000000000000000,0.0000000000000000,1.0000000000000000
M 0.8075140714645386,-0.0000000257830806,-0.5898482799530029,0.5177204608917236,0.0000000000000000,1.0000000000000000,-0.0000000437113883,-0.0000000335288490,0.5898482799530029,0.0000000352975604,0.8075140714645386,-3.4614865779876709,0.0000000000000000,0.0000000000000000,0.0000000000000000,1.0000000000000000
M 0.7736726999282837,-0.0000000276949006,-0.6335854530334473,0.6649593114852905,0.0000000000000000,1.0000000000000000,-0.0000000437113883,-0.0000000335288490,0.6335854530334473,0.0000000338183064,0.7736726999282837,-3.7365009784698486,0.0000000000000000,0.0000000000000000,0.0000000000000000,1.0000000000000000
M 0.7372773289680481,-0.0000000295309839,-0.6755901575088501,0.8280292153358459,0.0000000000000000,1.0000000000000000,-0.0000000437113883,-0.0000000335288490,0.6755901575088501,0.0000000322274154,0.7372773289680481,-4.0042729377746582,0.0000000000000000,0.0000000000000000,0.0000000000000000,1.0000000000000000
M 0.6986047029495239,-0.0000000312758353,-0.7155078649520874,1.0057228803634644,0.0000000000000000,1.0000000000000000,-0.0000000437113883,-0.0000000335288490,0.7155078649520874,0.0000000305369738,0.6986047029495239,-4.2625703811645508,0.0000000000000000,0.0000000000000000,0.0000000000000000,1.0000000000000000
M 0.6579834222793579,-0.0000000329160805,-0.7530324459075928,1.1964995861053467,0.0000000000000000,1.0000000000000000,-0.0000000437113883,-0.0000000335288490,0.7530324459075928,0.0000000287613613,0.6579834222793579,-4.5093836784362793,0.0000000000000000,0.0000000000000000,0.0000000000000000,1.0000000000000000
M 0.6157882809638977,-0.0000000344407134,-0.7879116535186768,1.3985108137130737,0.0000000000000000,1.0000000000000000,-0.0000000437113883,-0.0000000335288490,0.7879116535186768,0.0000000269169611,0.6157882809638977,-4.7429571151733398,0.0000000000000000,0.0000000000000000,0.0000000000000000,1.0000000000000000
M 0.5724321603775024,-0.0000000358412429,-0.8199520707130432,1.6096414327621460,0.0000000000000000,1.0000000000000000,-0.0000000437113883,-0.0000000335288490,0.8199520707130432,0.0000000250218051,0.5724321603775024,-4.9618277549743652,0.0000000000000000,0.0000000000000000,0.0000000000000000,1.0000000000000000
M 0.5283572673797607,-0.0000000371119242,-0.8490221500396729,1.8275548219680786,0.0000000000000000,1.0000000000000000,-0.0000000437113883,-0.0000000335288490,0.8490221500396729,0.0000000230952288,0.5283572673797607,-5.1648507118225098,0.0000000000000000,0.0000000000000000,0.0000000000000000,1.0000000000000000
M 0.4840272963047028,-0.0000000382497767,-0.8750528693199158,2.0497362613677979,0.0000000000000000,1.0000000000000000,-0.0000000437113883,-0.0000000335288490,0.8750528693199158,0.0000000211575060,0.4840272963047028,-5.3512058258056641,0.0000000000000000,0.0000000000000000,0.0000000000000000,1.0000000000000000
M 0.4399171471595764,-0.0000000392544912,-0.8980383872985840,2.2735502719879150,0.0000000000000000,1.0000000000000000,-0.0000000437113883,-0.0000000335288490,0.8980383872985840,0.0000000192293896,0.4399171471595764,-5.5204157829284668,0.0000000000000000,0.0000000000000000,0.0000000000000000,1.0000000000000000
M 0.3965073525905609,-0.0000000401284197,-0.9180315732955933,2.4962735176086426,0.0000000000000000,1.0000000000000000,-0.0000000437113883,-0.0000000335288490,0.9180315732955933,0.0000000173318870,0.3965073525905609,-5.6723246574401855,0.0000000000000000,0.0000000000000000,0.0000000000000000,1.0000000000000000
