O DOOR_7_TOGGLE_EXTERNAL_CG_LBD_mvp_amendorf_baggage
A DOOR_7_EXTERNAL_CG_LBD_mvp_amendorf_baggage_DOOR_7_EXTERNAL_CG_LBD_mvp_amendorf_baggage
M 1.0000000000000000,0.0000000000000000,0.0000000000000000,0.0000000000000000,0.0000000000000000,1.0000000000000000,-0.0000000437113883,0.0000001180944054,-0.0000000000000000,0.0000000437113883,1.0000000000000000,-0.0000000024877096,0.0000000000000000,0.0000000000000000,0.0000000000000000,1.0000000000000000
M 0.9999971985816956,-0.0000000001037342,-0.0023731610272080,0.0037800003774464,0.0000000000000000,1.0000000000000000,-0.0000000437113883,0.0000001180944054,0.0023731610272080,0.0000000437112675,0.9999971985816956,0.0018584083300084,0.0000000000000000,0.0000000000000000,0.0000000000000000,1.0000000000000000
M 0.9999559521675110,-0.0000000004102688,-0.0093858558684587,0.0149242375046015,0.0000000000000000,1.0000000000000000,-0.0000000437113883,0.0000001180944054,0.0093858558684587,0.0000000437094627,0.9999559521675110,0.0074027855880558,0.0000000000000000,0.0000000000000000,0.0000000000000000,1.0000000000000000
M 0.9997820258140564,-0.0000000009125622,-0.0208769869059324,0.0331022329628468,0.0000000000000000,1.0000000000000000,-0.0000000437113883,0.0000001180944054,0.0208769869059324,0.0000000437018599,0.9997820258140564,0.0166572388261557,0.0000000000000000,0.0000000000000000,0.0000000000000000,1.0000000000000000
M 0.9993269443511963,-0.0000000016034417,-0.0366824716329575,0.0579365529119968,0.0000000000000000,1.0000000000000000,-0.0000000437113883,0.0000001180944054,0.0366824716329575,0.0000000436819683,0.9993269443511963,0.0297303292900324,0.0000000000000000,0.0000000000000000,0.0000000000000000,1.0000000000000000
M 0.9983950853347778,-0.0000000024754758,-0.0566322840750217,0.0890033841133118,0.0000000000000000,1.0000000000000000,-0.0000000437113883,0.0000001180944054,0.0566322840750217,0.0000000436412364,0.9983950853347778,0.0468010790646076,0.0000000000000000,0.0000000000000000,0.0000000000000000,1.0000000000000000
M 0.9967508316040039,-0.0000000035208152,-0.0805468633770943,0.1258325129747391,0.0000000000000000,1.0000000000000000,-0.0000000437113883,0.0000001180944054,0.0805468633770943,0.0000000435693615,0.9967508316040039,0.0681044831871986,0.0000000000000000,0.0000000000000000,0.0000000000000000,1.0000000000000000
M 0.9941255450248718,-0.0000000047310191,-0.1082331016659737,0.1679062843322754,0.0000000000000000,1.0000000000000000,-0.0000000437113883,0.0000001180944054,0.1082331016659737,0.0000000434546159,0.9941255450248718,0.0939179882407188,0.0000000000000000,0.0000000000000000,0.0000000000000000,1.0000000000000000
M 0.9902248382568359,-0.0000000060968821,-0.1394803822040558,0.2146589756011963,0.0000000000000000,1.0000000000000000,-0.0000000437113883,0.0000001180944054,0.1394803822040558,0.0000000432841034,0.9902248382568359,0.1245462670922279,0.0000000000000000,0.0000000000000000,0.0000000000000000,1.0000000000000000
M 0.9847356677055359,-0.0000000076082465,-0.1740563809871674,0.2654758691787720,0.0000000000000000,1.0000000000000000,-0.0000000437113883,0.0000001180944054,0.1740563809871674,0.0000000430441638,0.9847356677055359,0.1603066027164459,0.0000000000000000,0.0000000000000000,0.0000000000000000,1.0000000000000000
M 0.9773338437080383,-0.0000000092538706,-0.2117038816213608,0.3196936249732971,0.0000000000000000,1.0000000000000000,-0.0000000437113883,0.0000001180944054,0.2117038816213608,0.0000000427206182,0.9773338437080383,0.2015147805213928,0.0000000000000000,0.0000000000000000,0.0000000000000000,1.0000000000000000
M 0.9676914811134338,-0.0000000110212746,-0.2521373629570007,0.3766012191772461,0.0000000000000000,1.0000000000000000,-0.0000000437113883,0.0000001180944054,0.2521373629570007,0.0000000422991455,0.9676914811134338,0.2484703958034515,0.0000000000000000,0.0000000000000000,0.0000000000000000,1.0000000000000000
M 0.9554845690727234,-0.0000000128966535,-0.2950410842895508,0.4354421794414520,0.0000000000000000,1.0000000000000000,-0.0000000437113883,0.0000001180944054,0.2950410842895508,0.0000000417655563,0.9554845690727234,0.3014429509639740,0.0000000000000000,0.0000000000000000,0.0000000000000000,1.0000000000000000
M 0.9404011368751526,-0.0000000148648125,-0.3400672674179077,0.4954185187816620,0.0000000000000000,1.0000000000000000,-0.0000000437113883,0.0000001180944054,0.3400672674179077,0.0000000411062402,0.9404011368751526,0.3606581985950470,0.0000000000000000,0.0000000000000000,0.0000000000000000,1.0000000000000000
M 0.9221484661102295,-0.0000000169091461,-0.3868361413478851,0.5556963682174683,0.0000000000000000,1.0000000000000000,-0.0000000437113883,0.0000001180944054,0.3868361413478851,0.0000000403083895,0.9221484661102295,0.4262857735157013,0.0000000000000000,0.0000000000000000,0.0000000000000000,1.0000000000000000
M 0.9004611372947693,-0.0000000190116758,-0.4349364340305328,0.6154128909111023,0.0000000000000000,1.0000000000000000,-0.0000000437113883,0.0000001180944054,0.4349364340305328,0.0000000393604047,0.9004611372947693,0.4984275102615356,0.0000000000000000,0.0000000000000000,0.0000000000000000,1.0000000000000000
M 0.8751081228256226,-0.0000000211531415,-0.4839274585247040,0.6736852526664734,0.0000000000000000,1.0000000000000000,-0.0000000437113883,0.0000001180944054,0.4839274585247040,0.0000000382521996,0.8751081228256226,0.5771071910858154,0.0000000000000000,0.0000000000000000,0.0000000000000000,1.0000000000000000
M 0.8458998203277588,-0.0000000233131114,-0.5333418250083923,0.7296203970909119,0.0000000000000000,1.0000000000000000,-0.0000000437113883,0.0000001180944054,0.5333418250083923,0.0000000369754538,0.8458998203277588,0.6622620224952698,0.0000000000000000,0.0000000000000000,0.0000000000000000,1.0000000000000000
M 0.8126941323280334,-0.0000000254702162,-0.5826905369758606,0.7823280096054077,0.0000000000000000,1.0000000000000000,-0.0000000437113883,0.0000001180944054,0.5826905369758606,0.0000000355239891,0.8126941323280334,0.7537363171577454,0.0000000000000000,0.0000000000000000,0.0000000000000000,1.0000000000000000
M 0.7754024267196655,-0.0000000276023204,-0.6314674019813538,0.8309320807456970,0.0000000000000000,1.0000000000000000,-0.0000000437113883,0.0000001180944054,0.6314674019813538,0.0000000338939188,0.7754024267196655,0.8512759208679199,0.0000000000000000,0.0000000000000000,0.0000000000000000,1.0000000000000000
M 0.7339932918548584,-0.0000000296868805,-0.6791566610336304,0.8745861053466797,0.0000000000000000,1.0000000000000000,-0.0000000437113883,0.0000001180944054,0.6791566610336304,0.0000000320838645,0.7339932918548584,0.9545279741287231,0.0000000000000000,0.0000000000000000,0.0000000000000000,1.0000000000000000
M 0.6884970068931580,-0.0000000317012123,-0.7252391576766968,0.9124862551689148,0.0000000000000000,1.0000000000000000,-0.0000000437113883,0.0000001180944054,0.7252391576766968,0.0000000300951584,0.6884970068931580,1.0630385875701904,0.0000000000000000,0.0000000000000000,0.0000000000000000,1.0000000000000000
M 0.6390065550804138,-0.0000000336228538,-0.7692012786865234,0.9438868165016174,0.0000000000000000,1.0000000000000000,-0.0000000437113883,0.0000001180944054,0.7692012786865234,0.0000000279318630,0.6390065550804138,1.1762584447860718,0.0000000000000000,0.0000000000000000,0.0000000000000000,1.0000000000000000
M 0.5856790542602539,-0.0000000354299630,-0.8105430603027344,0.9681136012077332,0.0000000000000000,1.0000000000000000,-0.0000000437113883,0.0000001180944054,0.8105430603027344,0.0000000256008441,0.5856790542602539,1.2935464382171631,0.0000000000000000,0.0000000000000000,0.0000000000000000,1.0000000000000000
M 0.5287345051765442,-0.0000000371016675,-0.8487872481346130,0.9845777750015259,0.0000000000000000,1.0000000000000000,-0.0000000437113883,0.0000001180944054,0.8487872481346130,0.0000000231117152,0.5287345051765442,1.4141790866851807,0.0000000000000000,0.0000000000000000,0.0000000000000000,1.0000000000000000
M 0.4684546291828156,-0.0000000386184773,-0.8834875822067261,0.9927882552146912,0.0000000000000000,1.0000000000000000,-0.0000000437113883,0.0000001180944054,0.8834875822067261,0.0000000204768060,0.4684546291828156,1.5373587608337402,0.0000000000000000,0.0000000000000000,0.0000000000000000,1.0000000000000000
M 0.4051770865917206,-0.0000000399626217,-0.9142382144927979,0.9923621416091919,0.0000000000000000,1.0000000000000000,-0.0000000437113883,0.0000001180944054,0.9142382144927979,0.0000000177108532,0.4051770865917206,1.6622303724288940,0.0000000000000000,0.0000000000000000,0.0000000000000000,1.0000000000000000
M 0.3392922580242157,-0.0000000411184757,-0.9406810402870178,0.9830334782600403,0.0000000000000000,1.0000000000000000,-0.0000000437113883,0.0000001180944054,0.9406810402870178,0.0000000148309356,0.3392922580242157,1.7878918647766113,0.0000000000000000,0.0000000000000000,0.0000000000000000,1.0000000000000000
M 0.2712352573871613,-0.0000000420727844,-0.9625130891799927,0.9646595716476440,0.0000000000000000,1.0000000000000000,-0.0000000437113883,0.0000001180944054,0.9625130891799927,0.0000000118560699,0.2712352573871613,1.9134131669998169,0.0000000000000000,0.0000000000000000,0.0000000000000000,1.0000000000000000
M 0.2014791667461395,-0.0000000428149889,-0.9794927835464478,0.9372247457504272,0.0000000000000000,1.0000000000000000,-0.0000000437113883,0.0000001180944054,0.9794927835464478,0.0000000088069338,0.2014791667461395,2.0378513336181641,0.0000000000000000,0.0000000000000000,0.0000000000000000,1.0000000000000000
M 0.1305262446403503,-0.0000000433374296,-0.9914448261260986,0.9008423089981079,0.0000000000000000,1.0000000000000000,-0.0000000437113883,0.0000001180944054,0.9914448261260986,0.0000000057054841,0.1305262446403503,2.1602694988250732,0.0000000000000000,0.0000000000000000,0.0000000000000000,1.0000000000000000
M 0.0588974393904209,-0.0000000436354988,-0.9982640147209167,0.8557512164115906,0.0000000000000000,1.0000000000000000,-0.0000000437113883,0.0000001180944054,0.9982640147209167,0.0000000025744893,0.0588974393904209,2.2797546386718750,0.0000000000000000,0.0000000000000000,0.0000000000000000,1.0000000000000000
M -0.0128765562549233,-0.0000000437077645,-0.9999170899391174,0.8023133873939514,0.0000000000000000,1.0000000000000000,-0.0000000437113883,0.0000001180944054,0.9999170899391174,-0.0000000005628523,-0.0128765562549233,2.3954353332519531,0.0000000000000000,0.0000000000000000,0.0000000000000000,1.0000000000000000
M -0.0842647776007652,-0.0000000435559251,-0.9964433908462524,0.7410061359405518,0.0000000000000000,1.0000000000000000,-0.0000000437113883,0.0000001180944054,0.9964433908462524,-0.0000000036833308,-0.0842647776007652,2.5064959526062012,0.0000000000000000,0.0000000000000000,0.0000000000000000,1.0000000000000000
M -0.1547485142946243,-0.0000000431848441,-0.9879539012908936,0.6724115014076233,0.0000000000000000,1.0000000000000000,-0.0000000437113883,0.0000001180944054,0.9879539012908936,-0.0000000067642714,-0.1547485142946243,2.6121964454650879,0.0000000000000000,0.0000000000000000,0.0000000000000000,1.0000000000000000
M -0.2238289266824722,-0.0000000426023625,-0.9746284484863281,0.5972061157226562,0.0000000000000000,1.0000000000000000,-0.0000000437113883,0.0000001180944054,0.9746284484863281,-0.0000000097838733,-0.2238289266824722,2.7118825912475586,0.0000000000000000,0.0000000000000000,0.0000000000000000,1.0000000000000000
M -0.2910361588001251,-0.0000000418192130,-0.9567120671272278,0.5161473155021667,0.0000000000000000,1.0000000000000000,-0.0000000437113883,0.0000001180944054,0.9567120671272278,-0.0000000127215944,-0.2910361588001251,2.8049964904785156,0.0000000000000000,0.0000000000000000,0.0000000000000000,1.0000000000000000
M -0.3559384644031525,-0.0000000408487040,-0.9345093965530396,0.4300579130649567,0.0000000000000000,1.0000000000000000,-0.0000000437113883,0.0000001180944054,0.9345093965530396,-0.0000000155585642,-0.3559384644031525,2.8910884857177734,0.0000000000000000,0.0000000000000000,0.0000000000000000,1.0000000000000000
M -0.4181487858295441,-0.0000000397064888,-0.9083785414695740,0.3398110270500183,0.0000000000000000,1.0000000000000000,-0.0000000437113883,0.0000001180944054,0.9083785414695740,-0.0000000182778681,-0.4181487858295441,2.9698212146759033,0.0000000000000000,0.0000000000000000,0.0000000000000000,1.0000000000000000
M -0.4773311614990234,-0.0000000384102314,-0.8787235021591187,0.2463131844997406,0.0000000000000000,1.0000000000000000,-0.0000000437113883,0.0000001180944054,0.8787235021591187,-0.0000000208648085,-0.4773311614990234,3.0409750938415527,0.0000000000000000,0.0000000000000000,0.0000000000000000,1.0000000000000000
M -0.5332043766975403,-0.0000000369792339,-0.8459864258766174,0.1504885405302048,0.0000000000000000,1.0000000000000000,-0.0000000437113883,0.0000001180944054,0.8459864258766174,-0.0000000233071038,-0.5332043766975403,3.1044471263885498,0.0000000000000000,0.0000000000000000,0.0000000000000000,1.0000000000000000
M -0.5855454802513123,-0.0000000354341800,-0.8106395602226257,0.0532639808952808,0.0000000000000000,1.0000000000000000,-0.0000000437113883,0.0000001180944054,0.8106395602226257,-0.0000000255950052,-0.5855454802513123,3.1602511405944824,0.0000000000000000,0.0000000000000000,0.0000000000000000,1.0000000000000000
M -0.6341906785964966,-0.0000000337966277,-0.7731766700744629,-0.0444456078112125,0.0000000000000000,1.0000000000000000,-0.0000000437113883,0.0000001180944054,0.7731766700744629,-0.0000000277213559,-0.6341906785964966,3.2085115909576416,0.0000000000000000,0.0000000000000000,0.0000000000000000,1.0000000000000000
M -0.6790373921394348,-0.0000000320886926,-0.7341036796569824,-0.1417536735534668,0.0000000000000000,1.0000000000000000,-0.0000000437113883,0.0000001180944054,0.7341036796569824,-0.0000000296816669,-0.6790373921394348,3.2494604587554932,0.0000000000000000,0.0000000000000000,0.0000000000000000,1.0000000000000000
M -0.7200397849082947,-0.0000000303327639,-0.6939327716827393,-0.2378083318471909,0.0000000000000000,1.0000000000000000,-0.0000000437113883,0.0000001180944054,0.6939327716827393,-0.0000000314739417,-0.7200397849082947,3.2834248542785645,0.0000000000000000,0.0000000000000000,0.0000000000000000,1.0000000000000000
M -0.7572088241577148,-0.0000000285510922,-0.6531728506088257,-0.3318069279193878,0.0000000000000000,1.0000000000000000,-0.0000000437113883,0.0000001180944054,0.6531728506088257,-0.0000000330986509,-0.7572088241577148,3.3108193874359131,0.0000000000000000,0.0000000000000000,0.0000000000000000,1.0000000000000000
M -0.7906062006950378,-0.0000000267655675,-0.6123248934745789,-0.4229992926120758,0.0000000000000000,1.0000000000000000,-0.0000000437113883,0.0000001180944054,0.6123248934745789,-0.0000000345584930,-0.7906062006950378,3.3321342468261719,0.0000000000000000,0.0000000000000000,0.0000000000000000,1.0000000000000000
M -0.8203416466712952,-0.0000000249973997,-0.5718737840652466,-0.5106983184814453,0.0000000000000000,1.0000000000000000,-0.0000000437113883,0.0000001180944054,0.5718737840652466,-0.0000000358582710,-0.8203416466712952,3.3479230403900146,0.0000000000000000,0.0000000000000000,0.0000000000000000,1.0000000000000000
M -0.8465651273727417,-0.0000000232669208,-0.5322850942611694,-0.5942791700363159,0.0000000000000000,1.0000000000000000,-0.0000000437113883,0.0000001180944054,0.5322850942611694,-0.0000000370045363,-0.8465651273727417,3.3587882518768311,0.0000000000000000,0.0000000000000000,0.0000000000000000,1.0000000000000000
M -0.8694601655006409,-0.0000000215935572,-0.4940029978752136,-0.6731774210929871,0.0000000000000000,1.0000000000000000,-0.0000000437113883,0.0000001180944054,0.4940029978752136,-0.0000000380053109,-0.8694601655006409,3.3653697967529297,0.0000000000000000,0.0000000000000000,0.0000000000000000,1.0000000000000000
M -0.8892390727996826,-0.0000000199954613,-0.4574428200721741,-0.7468968629837036,0.0000000000000000,1.0000000000000000,-0.0000000437113883,0.0000001180944054,0.4574428200721741,-0.0000000388698815,-0.8892390727996826,3.3683300018310547,0.0000000000000000,0.0000000000000000,0.0000000000000000,1.0000000000000000
M -0.9061325788497925,-0.0000000184896507,-0.4229938387870789,-0.8149974942207336,0.0000000000000000,1.0000000000000000,-0.0000000437113883,0.0000001180944054,0.4229938387870789,-0.0000000396083202,-0.9061325788497925,3.3683412075042725,0.0000000000000000,0.0000000000000000,0.0000000000000000,1.0000000000000000
M -0.9203835725784302,-0.0000000170918817,-0.3910166621208191,-0.8770943284034729,0.0000000000000000,1.0000000000000000,-0.0000000437113883,0.0000001180944054,0.3910166621208191,-0.0000000402312423,-0.9203835725784302,3.3660717010498047,0.0000000000000000,0.0000000000000000,0.0000000000000000,1.0000000000000000
M -0.9322387576103210,-0.0000000158166920,-0.3618437349796295,-0.9328500032424927,0.0000000000000000,1.0000000000000000,-0.0000000437113883,0.0000001180944054,0.3618437349796295,-0.0000000407494518,-0.9322387576103210,3.3621749877929688,0.0000000000000000,0.0000000000000000,0.0000000000000000,1.0000000000000000
M -0.9419401288032532,-0.0000000146774441,-0.3357808291912079,-0.9819666743278503,0.0000000000000000,1.0000000000000000,-0.0000000437113883,0.0000001180944054,0.3357808291912079,-0.0000000411735179,-0.9419401288032532,3.3572752475738525,0.0000000000000000,0.0000000000000000,0.0000000000000000,1.0000000000000000
M -0.9497179388999939,-0.0000000136863338,-0.3131067752838135,-1.0241795778274536,0.0000000000000000,1.0000000000000000,-0.0000000437113883,0.0000001180944054,0.3131067752838135,-0.0000000415134984,-0.9497179388999939,3.3519570827484131,0.0000000000000000,0.0000000000000000,0.0000000000000000,1.0000000000000000
M -0.9557815790176392,-0.0000000128545379,-0.2940775156021118,-1.0592443943023682,0.0000000000000000,1.0000000000000000,-0.0000000437113883,0.0000001180944054,0.2940775156021118,-0.0000000417785380,-0.9557815790176392,3.3467547893524170,0.0000000000000000,0.0000000000000000,0.0000000000000000,1.0000000000000000
M -0.9603119492530823,-0.0000000121923351,-0.2789281606674194,-1.0869278907775879,0.0000000000000000,1.0000000000000000,-0.0000000437113883,0.0000001180944054,0.2789281606674194,-0.0000000419765698,-0.9603119492530823,3.3421397209167480,0.0000000000000000,0.0000000000000000,0.0000000000000000,1.0000000000000000
M -0.9634541273117065,-0.0000000117091172,-0.2678733766078949,-1.1070011854171753,0.0000000000000000,1.0000000000000000,-0.0000000437113883,0.0000001180944054,0.2678733766078949,-0.0000000421139177,-0.9634541273117065,3.3385109901428223,0.0000000000000000,0.0000000000000000,0.0000000000000000,1.0000000000000000
M -0.9653087258338928,-0.0000000114135341,-0.2611112296581268,-1.1192271709442139,0.0000000000000000,1.0000000000000000,-0.0000000437113883,0.0000001180944054,0.2611112296581268,-0.0000000421949835,-0.9653087258338928,3.3361840248107910,0.0000000000000000,0.0000000000000000,0.0000000000000000,1.0000000000000000
M -0.9659258127212524,-0.0000000113133440,-0.2588191330432892,-1.1233623027801514,0.0000000000000000,1.0000000000000000,-0.0000000437113883,0.0000001180944054,0.2588191330432892,-0.0000000422219664,-0.9659258127212524,3.3353767395019531,0.0000000000000000,0.0000000000000000,0.0000000000000000,1.0000000000000000
O DOOR_7_TOGGLE_EXTERNAL_CG_LBD_mvp_amendorf_baggage_1
A DOOR_7_EXTERNAL_CG_LBD_mvp_amendorf_baggage_1_DOOR_7_EXTERNAL_CG_LBD_mvp_amendorf_baggage_1
M 1.0000000000000000,0.0000000000000000,0.0000000000000000,0.0000000000000000,0.0000000000000000,1.0000000000000000,-0.0000000437113883,0.0000001180943912,-0.0000000000000000,0.0000000437113883,1.0000000000000000,-0.0000000024877096,0.0000000000000000,0.0000000000000000,0.0000000000000000,1.0000000000000000
M 0.9999971985816956,0.0000000001037342,0.0023731610272080,-0.0037800008431077,0.0000000000000000,1.0000000000000000,-0.0000000437113883,0.0000001180943912,-0.0023731610272080,0.0000000437112675,0.9999971985816956,0.0018584083300084,0.0000000000000000,0.0000000000000000,0.0000000000000000,1.0000000000000000
M 0.9999559521675110,0.0000000004102688,0.0093858558684587,-0.0149242402985692,0.0000000000000000,1.0000000000000000,-0.0000000437113883,0.0000001180943912,-0.0093858558684587,0.0000000437094627,0.9999559521675110,0.0074027855880558,0.0000000000000000,0.0000000000000000,0.0000000000000000,1.0000000000000000
M 0.9997820258140564,0.0000000009125622,0.0208769869059324,-0.0331022404134274,0.0000000000000000,1.0000000000000000,-0.0000000437113883,0.0000001180943912,-0.0208769869059324,0.0000000437018599,0.9997820258140564,0.0166572388261557,0.0000000000000000,0.0000000000000000,0.0000000000000000,1.0000000000000000
M 0.9993269443511963,0.0000000016034417,0.0366824716329575,-0.0579365603625774,0.0000000000000000,1.0000000000000000,-0.0000000437113883,0.0000001180943912,-0.0366824716329575,0.0000000436819683,0.9993269443511963,0.0297303292900324,0.0000000000000000,0.0000000000000000,0.0000000000000000,1.0000000000000000
M 0.9983950853347778,0.0000000024754758,0.0566322840750217,-0.0890033990144730,0.0000000000000000,1.0000000000000000,-0.0000000437113883,0.0000001180943912,-0.0566322840750217,0.0000000436412364,0.9983950853347778,0.0468010790646076,0.0000000000000000,0.0000000000000000,0.0000000000000000,1.0000000000000000
M 0.9967508316040039,0.0000000035208152,0.0805468633770943,-0.1258325278759003,0.0000000000000000,1.0000000000000000,-0.0000000437113883,0.0000001180943912,-0.0805468633770943,0.0000000435693615,0.9967508316040039,0.0681044831871986,0.0000000000000000,0.0000000000000000,0.0000000000000000,1.0000000000000000
M 0.9941255450248718,0.0000000047310191,0.1082331016659737,-0.1679062992334366,0.0000000000000000,1.0000000000000000,-0.0000000437113883,0.0000001180943912,-0.1082331016659737,0.0000000434546159,0.9941255450248718,0.0939179882407188,0.0000000000000000,0.0000000000000000,0.0000000000000000,1.0000000000000000
M 0.9902248382568359,0.0000000060968821,0.1394803822040558,-0.2146590054035187,0.0000000000000000,1.0000000000000000,-0.0000000437113883,0.0000001180943912,-0.1394803822040558,0.0000000432841034,0.9902248382568359,0.1245462670922279,0.0000000000000000,0.0000000000000000,0.0000000000000000,1.0000000000000000
M 0.9847356677055359,0.0000000076082465,0.1740563809871674,-0.2654759287834167,0.0000000000000000,1.0000000000000000,-0.0000000437113883,0.0000001180943912,-0.1740563809871674,0.0000000430441638,0.9847356677055359,0.1603066027164459,0.0000000000000000,0.0000000000000000,0.0000000000000000,1.0000000000000000
M 0.9773338437080383,0.0000000092538706,0.2117038816213608,-0.3196936845779419,0.0000000000000000,1.0000000000000000,-0.0000000437113883,0.0000001180943912,-0.2117038816213608,0.0000000427206182,0.9773338437080383,0.2015147805213928,0.0000000000000000,0.0000000000000000,0.0000000000000000,1.0000000000000000
M 0.9676914811134338,0.0000000110212746,0.2521373629570007,-0.3766012787818909,0.0000000000000000,1.0000000000000000,-0.0000000437113883,0.0000001180943912,-0.2521373629570007,0.0000000422991455,0.9676914811134338,0.2484703958034515,0.0000000000000000,0.0000000000000000,0.0000000000000000,1.0000000000000000
M 0.9554845690727234,0.0000000128966535,0.2950410842895508,-0.4354422390460968,0.0000000000000000,1.0000000000000000,-0.0000000437113883,0.0000001180943912,-0.2950410842895508,0.0000000417655563,0.9554845690727234,0.3014429509639740,0.0000000000000000,0.0000000000000000,0.0000000000000000,1.0000000000000000
M 0.9404011368751526,0.0000000148648125,0.3400672674179077,-0.4954186379909515,0.0000000000000000,1.0000000000000000,-0.0000000437113883,0.0000001180943912,-0.3400672674179077,0.0000000411062402,0.9404011368751526,0.3606580793857574,0.0000000000000000,0.0000000000000000,0.0000000000000000,1.0000000000000000
M 0.9221484661102295,0.0000000169091461,0.3868361413478851,-0.5556964874267578,0.0000000000000000,1.0000000000000000,-0.0000000437113883,0.0000001180943912,-0.3868361413478851,0.0000000403083895,0.9221484661102295,0.4262856543064117,0.0000000000000000,0.0000000000000000,0.0000000000000000,1.0000000000000000
M 0.9004611372947693,0.0000000190116758,0.4349364340305328,-0.6154130101203918,0.0000000000000000,1.0000000000000000,-0.0000000437113883,0.0000001180943912,-0.4349364340305328,0.0000000393604047,0.9004611372947693,0.4984273910522461,0.0000000000000000,0.0000000000000000,0.0000000000000000,1.0000000000000000
M 0.8751081228256226,0.0000000211531415,0.4839274585247040,-0.6736853122711182,0.0000000000000000,1.0000000000000000,-0.0000000437113883,0.0000001180943912,-0.4839274585247040,0.0000000382521996,0.8751081228256226,0.5771070718765259,0.0000000000000000,0.0000000000000000,0.0000000000000000,1.0000000000000000
M 0.8458998203277588,0.0000000233131114,0.5333418250083923,-0.7296205163002014,0.0000000000000000,1.0000000000000000,-0.0000000437113883,0.0000001180943912,-0.5333418250083923,0.0000000369754538,0.8458998203277588,0.6622619032859802,0.0000000000000000,0.0000000000000000,0.0000000000000000,1.0000000000000000
M 0.8126941323280334,0.0000000254702162,0.5826905369758606,-0.7823281884193420,0.0000000000000000,1.0000000000000000,-0.0000000437113883,0.0000001180943912,-0.5826905369758606,0.0000000355239891,0.8126941323280334,0.7537361979484558,0.0000000000000000,0.0000000000000000,0.0000000000000000,1.0000000000000000
M 0.7754024267196655,0.0000000276023204,0.6314674019813538,-0.8309321999549866,0.0000000000000000,1.0000000000000000,-0.0000000437113883,0.0000001180943912,-0.6314674019813538,0.0000000338939188,0.7754024267196655,0.8512758016586304,0.0000000000000000,0.0000000000000000,0.0000000000000000,1.0000000000000000
M 0.7339932918548584,0.0000000296868805,0.6791566610336304,-0.8745862245559692,0.0000000000000000,1.0000000000000000,-0.0000000437113883,0.0000001180943912,-0.6791566610336304,0.0000000320838645,0.7339932918548584,0.9545279741287231,0.0000000000000000,0.0000000000000000,0.0000000000000000,1.0000000000000000
M 0.6884970068931580,0.0000000317012123,0.7252391576766968,-0.9124864935874939,0.0000000000000000,1.0000000000000000,-0.0000000437113883,0.0000001180943912,-0.7252391576766968,0.0000000300951584,0.6884970068931580,1.0630385875701904,0.0000000000000000,0.0000000000000000,0.0000000000000000,1.0000000000000000
M 0.6390065550804138,0.0000000336228538,0.7692012786865234,-0.9438870549201965,0.0000000000000000,1.0000000000000000,-0.0000000437113883,0.0000001180943912,-0.7692012786865234,0.0000000279318630,0.6390065550804138,1.1762583255767822,0.0000000000000000,0.0000000000000000,0.0000000000000000,1.0000000000000000
M 0.5856790542602539,0.0000000354299630,0.8105430603027344,-0.9681138396263123,0.0000000000000000,1.0000000000000000,-0.0000000437113883,0.0000001180943912,-0.8105430603027344,0.0000000256008441,0.5856790542602539,1.2935463190078735,0.0000000000000000,0.0000000000000000,0.0000000000000000,1.0000000000000000
M 0.5287345051765442,0.0000000371016675,0.8487872481346130,-0.9845780134201050,0.0000000000000000,1.0000000000000000,-0.0000000437113883,0.0000001180943912,-0.8487872481346130,0.0000000231117152,0.5287345051765442,1.4141790866851807,0.0000000000000000,0.0000000000000000,0.0000000000000000,1.0000000000000000
M 0.4684546291828156,0.0000000386184773,0.8834875822067261,-0.9927884936332703,0.0000000000000000,1.0000000000000000,-0.0000000437113883,0.0000001180943912,-0.8834875822067261,0.0000000204768060,0.4684546291828156,1.5373587608337402,0.0000000000000000,0.0000000000000000,0.0000000000000000,1.0000000000000000
M 0.4051770865917206,0.0000000399626217,0.9142382144927979,-0.9923623800277710,0.0000000000000000,1.0000000000000000,-0.0000000437113883,0.0000001180943912,-0.9142382144927979,0.0000000177108532,0.4051770865917206,1.6622303724288940,0.0000000000000000,0.0000000000000000,0.0000000000000000,1.0000000000000000
M 0.3392922580242157,0.0000000411184757,0.9406810402870178,-0.9830337166786194,0.0000000000000000,1.0000000000000000,-0.0000000437113883,0.0000001180943912,-0.9406810402870178,0.0000000148309356,0.3392922580242157,1.7878918647766113,0.0000000000000000,0.0000000000000000,0.0000000000000000,1.0000000000000000
M 0.2712352573871613,0.0000000420727844,0.9625130891799927,-0.9646598100662231,0.0000000000000000,1.0000000000000000,-0.0000000437113883,0.0000001180943912,-0.9625130891799927,0.0000000118560699,0.2712352573871613,1.9134130477905273,0.0000000000000000,0.0000000000000000,0.0000000000000000,1.0000000000000000
M 0.2014791667461395,0.0000000428149889,0.9794927835464478,-0.9372249841690063,0.0000000000000000,1.0000000000000000,-0.0000000437113883,0.0000001180943912,-0.9794927835464478,0.0000000088069338,0.2014791667461395,2.0378513336181641,0.0000000000000000,0.0000000000000000,0.0000000000000000,1.0000000000000000
M 0.1305262446403503,0.0000000433374296,0.9914448261260986,-0.9008425474166870,0.0000000000000000,1.0000000000000000,-0.0000000437113883,0.0000001180943912,-0.9914448261260986,0.0000000057054841,0.1305262446403503,2.1602694988250732,0.0000000000000000,0.0000000000000000,0.0000000000000000,1.0000000000000000
M 0.0588974393904209,0.0000000436354988,0.9982640147209167,-0.8557514548301697,0.0000000000000000,1.0000000000000000,-0.0000000437113883,0.0000001180943912,-0.9982640147209167,0.0000000025744893,0.0588974393904209,2.2797546386718750,0.0000000000000000,0.0000000000000000,0.0000000000000000,1.0000000000000000
M -0.0128765562549233,0.0000000437077645,0.9999170899391174,-0.8023136258125305,0.0000000000000000,1.0000000000000000,-0.0000000437113883,0.0000001180943912,-0.9999170899391174,-0.0000000005628523,-0.0128765562549233,2.3954353332519531,0.0000000000000000,0.0000000000000000,0.0000000000000000,1.0000000000000000
M -0.0842647776007652,0.0000000435559251,0.9964433908462524,-0.7410063743591309,0.0000000000000000,1.0000000000000000,-0.0000000437113883,0.0000001180943912,-0.9964433908462524,-0.0000000036833308,-0.0842647776007652,2.5064959526062012,0.0000000000000000,0.0000000000000000,0.0000000000000000,1.0000000000000000
M -0.1547485142946243,0.0000000431848441,0.9879539012908936,-0.6724117398262024,0.0000000000000000,1.0000000000000000,-0.0000000437113883,0.0000001180943912,-0.9879539012908936,-0.0000000067642714,-0.1547485142946243,2.6121964454650879,0.0000000000000000,0.0000000000000000,0.0000000000000000,1.0000000000000000
M -0.2238289266824722,0.0000000426023625,0.9746284484863281,-0.5972063541412354,0.0000000000000000,1.0000000000000000,-0.0000000437113883,0.0000001180943912,-0.9746284484863281,-0.0000000097838733,-0.2238289266824722,2.7118825912475586,0.0000000000000000,0.0000000000000000,0.0000000000000000,1.0000000000000000
M -0.2910361588001251,0.0000000418192130,0.9567120671272278,-0.5161475539207458,0.0000000000000000,1.0000000000000000,-0.0000000437113883,0.0000001180943912,-0.9567120671272278,-0.0000000127215944,-0.2910361588001251,2.8049964904785156,0.0000000000000000,0.0000000000000000,0.0000000000000000,1.0000000000000000
M -0.3559384644031525,0.0000000408487040,0.9345093965530396,-0.4300581514835358,0.0000000000000000,1.0000000000000000,-0.0000000437113883,0.0000001180943912,-0.9345093965530396,-0.0000000155585642,-0.3559384644031525,2.8910884857177734,0.0000000000000000,0.0000000000000000,0.0000000000000000,1.0000000000000000
M -0.4181487858295441,0.0000000397064888,0.9083785414695740,-0.3398112654685974,0.0000000000000000,1.0000000000000000,-0.0000000437113883,0.0000001180943912,-0.9083785414695740,-0.0000000182778681,-0.4181487858295441,2.9698212146759033,0.0000000000000000,0.0000000000000000,0.0000000000000000,1.0000000000000000
M -0.4773311614990234,0.0000000384102314,0.8787235021591187,-0.2463134229183197,0.0000000000000000,1.0000000000000000,-0.0000000437113883,0.0000001180943912,-0.8787235021591187,-0.0000000208648085,-0.4773311614990234,3.0409750938415527,0.0000000000000000,0.0000000000000000,0.0000000000000000,1.0000000000000000
M -0.5332043766975403,0.0000000369792339,0.8459864258766174,-0.1504887789487839,0.0000000000000000,1.0000000000000000,-0.0000000437113883,0.0000001180943912,-0.8459864258766174,-0.0000000233071038,-0.5332043766975403,3.1044471263885498,0.0000000000000000,0.0000000000000000,0.0000000000000000,1.0000000000000000
M -0.5855454802513123,0.0000000354341800,0.8106395602226257,-0.0532642193138599,0.0000000000000000,1.0000000000000000,-0.0000000437113883,0.0000001180943912,-0.8106395602226257,-0.0000000255950052,-0.5855454802513123,3.1602511405944824,0.0000000000000000,0.0000000000000000,0.0000000000000000,1.0000000000000000
M -0.6341906785964966,0.0000000337966277,0.7731766700744629,0.0444453693926334,0.0000000000000000,1.0000000000000000,-0.0000000437113883,0.0000001180943912,-0.7731766700744629,-0.0000000277213559,-0.6341906785964966,3.2085115909576416,0.0000000000000000,0.0000000000000000,0.0000000000000000,1.0000000000000000
M -0.6790373921394348,0.0000000320886926,0.7341036796569824,0.1417535543441772,0.0000000000000000,1.0000000000000000,-0.0000000437113883,0.0000001180943912,-0.7341036796569824,-0.0000000296816669,-0.6790373921394348,3.2494604587554932,0.0000000000000000,0.0000000000000000,0.0000000000000000,1.0000000000000000
M -0.7200397849082947,0.0000000303327639,0.6939327716827393,0.2378082126379013,0.0000000000000000,1.0000000000000000,-0.0000000437113883,0.0000001180943912,-0.6939327716827393,-0.0000000314739417,-0.7200397849082947,3.2834248542785645,0.0000000000000000,0.0000000000000000,0.0000000000000000,1.0000000000000000
M -0.7572088241577148,0.0000000285510922,0.6531728506088257,0.3318068087100983,0.0000000000000000,1.0000000000000000,-0.0000000437113883,0.0000001180943912,-0.6531728506088257,-0.0000000330986509,-0.7572088241577148,3.3108193874359131,0.0000000000000000,0.0000000000000000,0.0000000000000000,1.0000000000000000
M -0.7906062006950378,0.0000000267655675,0.6123248934745789,0.4229991734027863,0.0000000000000000,1.0000000000000000,-0.0000000437113883,0.0000001180943912,-0.6123248934745789,-0.0000000345584930,-0.7906062006950378,3.3321342468261719,0.0000000000000000,0.0000000000000000,0.0000000000000000,1.0000000000000000
M -0.8203416466712952,0.0000000249973997,0.5718737840652466,0.5106981992721558,0.0000000000000000,1.0000000000000000,-0.0000000437113883,0.0000001180943912,-0.5718737840652466,-0.0000000358582710,-0.8203416466712952,3.3479230403900146,0.0000000000000000,0.0000000000000000,0.0000000000000000,1.0000000000000000
M -0.8465651273727417,0.0000000232669208,0.5322850942611694,0.5942790508270264,0.0000000000000000,1.0000000000000000,-0.0000000437113883,0.0000001180943912,-0.5322850942611694,-0.0000000370045363,-0.8465651273727417,3.3587882518768311,0.0000000000000000,0.0000000000000000,0.0000000000000000,1.0000000000000000
M -0.8694601655006409,0.0000000215935572,0.4940029978752136,0.6731773018836975,0.0000000000000000,1.0000000000000000,-0.0000000437113883,0.0000001180943912,-0.4940029978752136,-0.0000000380053109,-0.8694601655006409,3.3653697967529297,0.0000000000000000,0.0000000000000000,0.0000000000000000,1.0000000000000000
M -0.8892390727996826,0.0000000199954613,0.4574428200721741,0.7468968033790588,0.0000000000000000,1.0000000000000000,-0.0000000437113883,0.0000001180943912,-0.4574428200721741,-0.0000000388698815,-0.8892390727996826,3.3683300018310547,0.0000000000000000,0.0000000000000000,0.0000000000000000,1.0000000000000000
M -0.9061325788497925,0.0000000184896507,0.4229938387870789,0.8149974346160889,0.0000000000000000,1.0000000000000000,-0.0000000437113883,0.0000001180943912,-0.4229938387870789,-0.0000000396083202,-0.9061325788497925,3.3683409690856934,0.0000000000000000,0.0000000000000000,0.0000000000000000,1.0000000000000000
M -0.9203835725784302,0.0000000170918817,0.3910166621208191,0.8770942091941833,0.0000000000000000,1.0000000000000000,-0.0000000437113883,0.0000001180943912,-0.3910166621208191,-0.0000000402312423,-0.9203835725784302,3.3660717010498047,0.0000000000000000,0.0000000000000000,0.0000000000000000,1.0000000000000000
M -0.9322387576103210,0.0000000158166920,0.3618437349796295,0.9328499436378479,0.0000000000000000,1.0000000000000000,-0.0000000437113883,0.0000001180943912,-0.3618437349796295,-0.0000000407494518,-0.9322387576103210,3.3621749877929688,0.0000000000000000,0.0000000000000000,0.0000000000000000,1.0000000000000000
M -0.9419401288032532,0.0000000146774441,0.3357808291912079,0.9819665551185608,0.0000000000000000,1.0000000000000000,-0.0000000437113883,0.0000001180943912,-0.3357808291912079,-0.0000000411735179,-0.9419401288032532,3.3572750091552734,0.0000000000000000,0.0000000000000000,0.0000000000000000,1.0000000000000000
M -0.9497179388999939,0.0000000136863338,0.3131067752838135,1.0241794586181641,0.0000000000000000,1.0000000000000000,-0.0000000437113883,0.0000001180943912,-0.3131067752838135,-0.0000000415134984,-0.9497179388999939,3.3519570827484131,0.0000000000000000,0.0000000000000000,0.0000000000000000,1.0000000000000000
M -0.9557815790176392,0.0000000128545379,0.2940775156021118,1.0592443943023682,0.0000000000000000,1.0000000000000000,-0.0000000437113883,0.0000001180943912,-0.2940775156021118,-0.0000000417785380,-0.9557815790176392,3.3467547893524170,0.0000000000000000,0.0000000000000000,0.0000000000000000,1.0000000000000000
M -0.9603119492530823,0.0000000121923351,0.2789281606674194,1.0869278907775879,0.0000000000000000,1.0000000000000000,-0.0000000437113883,0.0000001180943912,-0.2789281606674194,-0.0000000419765698,-0.9603119492530823,3.3421397209167480,0.0000000000000000,0.0000000000000000,0.0000000000000000,1.0000000000000000
M -0.9634541273117065,0.0000000117091172,0.2678733766078949,1.1070010662078857,0.0000000000000000,1.0000000000000000,-0.0000000437113883,0.0000001180943912,-0.2678733766078949,-0.0000000421139177,-0.9634541273117065,3.3385109901428223,0.0000000000000000,0.0000000000000000,0.0000000000000000,1.0000000000000000
M -0.9653087258338928,0.0000000114135341,0.2611112296581268,1.1192270517349243,0.0000000000000000,1.0000000000000000,-0.0000000437113883,0.0000001180943912,-0.2611112296581268,-0.0000000421949835,-0.9653087258338928,3.3361840248107910,0.0000000000000000,0.0000000000000000,0.0000000000000000,1.0000000000000000
M -0.9659258127212524,0.0000000113133440,0.2588191330432892,1.1233623027801514,0.0000000000000000,1.0000000000000000,-0.0000000437113883,0.0000001180943912,-0.2588191330432892,-0.0000000422219664,-0.9659258127212524,3.3353767395019531,0.0000000000000000,0.0000000000000000,0.0000000000000000,1.0000000000000000
O DOOR_7_INTERIOR_LCG_IL_mvp_amendorf_baggage_1
A DOOR_7_INTERIOR_LCG_IL_mvp_amendorf_baggage_1_DOOR_7_INTERIOR_LCG_IL_mvp_amendorf_baggage_1
M 1.0000000000000000,0.0000000000000000,0.0000000000000000,0.0000000000000000,0.0000000000000000,1.0000000000000000,-0.0000000437113883,0.0000001180943912,-0.0000000000000000,0.0000000437113883,1.0000000000000000,-0.0000000024877096,0.0000000000000000,0.0000000000000000,0.0000000000000000,1.0000000000000000
M 0.9999971985816956,0.0000000001037342,0.0023731610272080,-0.0037800008431077,0.0000000000000000,1.0000000000000000,-0.0000000437113883,0.0000001180943912,-0.0023731610272080,0.0000000437112675,0.9999971985816956,0.0018584083300084,0.0000000000000000,0.0000000000000000,0.0000000000000000,1.0000000000000000
M 0.9999559521675110,0.0000000004102688,0.0093858558684587,-0.0149242402985692,0.0000000000000000,1.0000000000000000,-0.0000000437113883,0.0000001180943912,-0.0093858558684587,0.0000000437094627,0.9999559521675110,0.0074027855880558,0.0000000000000000,0.0000000000000000,0.0000000000000000,1.0000000000000000
M 0.9997820258140564,0.0000000009125622,0.0208769869059324,-0.0331022404134274,0.0000000000000000,1.0000000000000000,-0.0000000437113883,0.0000001180943912,-0.0208769869059324,0.0000000437018599,0.9997820258140564,0.0166572388261557,0.0000000000000000,0.0000000000000000,0.0000000000000000,1.0000000000000000
M 0.9993269443511963,0.0000000016034417,0.0366824716329575,-0.0579365603625774,0.0000000000000000,1.0000000000000000,-0.0000000437113883,0.0000001180943912,-0.0366824716329575,0.0000000436819683,0.9993269443511963,0.0297303292900324,0.0000000000000000,0.0000000000000000,0.0000000000000000,1.0000000000000000
