O WIDGET_2_INTERIOR_LCG_IL_handle
A WIDGET_2_INTERIOR_LCG_IL_handle_WIDGET_2_INTERIOR_LCG_IL_handle
M 1.0000000000000000,0.0000000000000000,0.0000000000000000,0.0000000000000000,0.0000000000000000,1.0000000000000000,-0.0000000437113883,0.0000000152731641,-0.0000000000000000,0.0000000437113883,1.0000000000000000,0.0000000028528859,0.0000000000000000,0.0000000000000000,0.0000000000000000,1.0000000000000000
M 0.9999901652336121,0.0044287587516010,-0.0000000001935872,-0.0105575183406472,-0.0044287587516010,0.9999901652336121,-0.0000000437109584,0.0447264015674591,-0.0000000000000000,0.0000000437113883,1.0000000000000000,0.0000000028528859,0.0000000000000000,0.0000000000000000,0.0000000000000000,1.0000000000000000
M 0.9998537302017212,0.0171033926308155,-0.0000000007476130,-0.0396787524223328,-0.0171033926308155,0.9998537302017212,-0.0000000437049934,0.1729892939329147,-0.0000000000000000,0.0000000437113883,1.0000000000000000,0.0000000028528859,0.0000000000000000,0.0000000000000000,0.0000000000000000,1.0000000000000000
M 0.9993115067481995,0.0371015444397926,-0.0000000016217601,-0.0823261663317680,-0.0371015444397926,0.9993115067481995,-0.0000000436812790,0.3761505186557770,-0.0000000000000000,0.0000000437113883,1.0000000000000000,0.0000000028528859,0.0000000000000000,0.0000000000000000,0.0000000000000000,1.0000000000000000
M 0.9979826211929321,0.0634872466325760,-0.0000000027751157,-0.1324033290147781,-0.0634872466325760,0.9979826211929321,-0.0000000436232064,0.6456785798072815,-0.0000000000000000,0.0000000437113883,1.0000000000000000,0.0000000028528859,0.0000000000000000,0.0000000000000000,0.0000000000000000,1.0000000000000000
M 0.9954483509063721,0.0953028202056885,-0.0000000041658184,-0.1833791434764862,-0.0953028202056885,0.9954483509063721,-0.0000000435124150,0.9729152917861938,-0.0000000000000000,0.0000000437113883,1.0000000000000000,0.0000000028528859,0.0000000000000000,0.0000000000000000,0.0000000000000000,1.0000000000000000
M 0.9913076162338257,0.1315643489360809,-0.0000000057508585,-0.2288377285003662,-0.1315643489360809,0.9913076162338257,-0.0000000433314327,1.3488936424255371,-0.0000000000000000,0.0000000437113883,1.0000000000000000,0.0000000028528859,0.0000000000000000,0.0000000000000000,0.0000000000000000,1.0000000000000000
M 0.9852253794670105,0.1712628155946732,-0.0000000074861335,-0.2629693746566772,-0.1712628155946732,0.9852253794670105,-0.0000000430655689,1.7642356157302856,-0.0000000000000000,0.0000000437113883,1.0000000000000000,0.0000000028528859,0.0000000000000000,0.0000000000000000,0.0000000000000000,1.0000000000000000
M 0.9769711494445801,0.2133713960647583,-0.0000000093267598,-0.2809773087501526,-0.2133713960647583,0.9769711494445801,-0.0000000427047659,2.2091307640075684,-0.0000000000000000,0.0000000437113883,1.0000000000000000,0.0000000028528859,0.0000000000000000,0.0000000000000000,0.0000000000000000,1.0000000000000000
M 0.9664489626884460,0.2568586766719818,-0.0000000112276490,-0.2794107198715210,-0.2568586766719818,0.9664489626884460,-0.0000000422448245,2.6733994483947754,-0.0000000000000000,0.0000000437113883,1.0000000000000000,0.0000000028528859,0.0000000000000000,0.0000000000000000,0.0000000000000000,1.0000000000000000
M 0.9537169337272644,0.3007057607173920,-0.0000000131442661,-0.2564034461975098,-0.3007057607173920,0.9537169337272644,-0.0000000416882919,3.1466174125671387,-0.0000000000000000,0.0000000437113883,1.0000000000000000,0.0000000028528859,0.0000000000000000,0.0000000000000000,0.0000000000000000,1.0000000000000000
M 0.9389967918395996,0.3439259529113770,-0.0000000150334802,-0.2118205428123474,-0.3439259529113770,0.9389967918395996,-0.0000000410448528,3.6182916164398193,-0.0000000000000000,0.0000000437113883,1.0000000000000000,0.0000000028528859,0.0000000000000000,0.0000000000000000,0.0000000000000000,1.0000000000000000
M 0.9226727485656738,0.3855839669704437,-0.0000000168544112,-0.1472890973091125,-0.3855839669704437,0.9226727485656738,-0.0000000403313081,4.0780572891235352,-0.0000000000000000,0.0000000437113883,1.0000000000000000,0.0000000028528859,0.0000000000000000,0.0000000000000000,0.0000000000000000,1.0000000000000000
M 0.9052817225456238,0.4248117208480835,-0.0000000185691107,-0.0661408826708794,-0.4248117208480835,0.9052817225456238,-0.0000000395711197,4.5158591270446777,-0.0000000000000000,0.0000000437113883,1.0000000000000000,0.0000000028528859,0.0000000000000000,0.0000000000000000,0.0000000000000000,1.0000000000000000
M 0.8874939084053040,0.4608194530010223,-0.0000000201430588,0.0267618969082832,-0.4608194530010223,0.8874939084053040,-0.0000000387935906,4.9221143722534180,-0.0000000000000000,0.0000000437113883,1.0000000000000000,0.0000000028528859,0.0000000000000000,0.0000000000000000,0.0000000000000000,1.0000000000000000
M 0.8700869679450989,0.4928982257843018,-0.0000000215452651,0.1252734810113907,-0.4928982257843018,0.8700869679450989,-0.0000000380327094,5.2877950668334961,-0.0000000000000000,0.0000000437113883,1.0000000000000000,0.0000000028528859,0.0000000000000000,0.0000000000000000,0.0000000000000000,1.0000000000000000
M 0.8539143204689026,0.5204135775566101,-0.0000000227479937,0.2223069816827774,-0.5204135775566101,0.8539143204689026,-0.0000000373257798,5.6044430732727051,-0.0000000000000000,0.0000000437113883,1.0000000000000000,0.0000000028528859,0.0000000000000000,0.0000000000000000,0.0000000000000000,1.0000000000000000
M 0.8398686647415161,0.5427896976470947,-0.0000000237260913,0.3102376461029053,-0.5427896976470947,0.8398686647415161,-0.0000000367118247,5.8640999794006348,-0.0000000000000000,0.0000000437113883,1.0000000000000000,0.0000000028528859,0.0000000000000000,0.0000000000000000,0.0000000000000000,1.0000000000000000
M 0.8288423418998718,0.5594822764396667,-0.0000000244557405,0.3813687562942505,-0.5594822764396667,0.8288423418998718,-0.0000000362298351,6.0591220855712891,-0.0000000000000000,0.0000000437113883,1.0000000000000000,0.0000000028528859,0.0000000000000000,0.0000000000000000,0.0000000000000000,1.0000000000000000
M 0.8216843008995056,0.5699428915977478,-0.0000000249129943,0.4284492731094360,-0.5699428915977478,0.8216843008995056,-0.0000000359169618,6.1819334030151367,-0.0000000000000000,0.0000000437113883,1.0000000000000000,0.0000000028528859,0.0000000000000000,0.0000000000000000,0.0000000000000000,1.0000000000000000
M 0.8191520571708679,0.5735764503479004,-0.0000000250718166,0.4452654123306274,-0.5735764503479004,0.8191520571708679,-0.0000000358062735,6.2247028350830078,-0.0000000000000000,0.0000000437113883,1.0000000000000000,0.0000000028528859,0.0000000000000000,0.0000000000000000,0.0000000000000000,1.0000000000000000
M 0.8191482424736023,0.5735737681388855,-0.0030570742674172,0.4457911550998688,-0.5735764503479004,0.8191520571708679,-0.0000000358062735,6.2247028350830078,0.0025041881017387,0.0017534950748086,0.9999953508377075,-0.0311192125082016,0.0000000000000000,0.0000000000000000,0.0000000000000000,1.0000000000000000
M 0.8190928697586060,0.5735350251197815,-0.0120206922292709,0.4478785991668701,-0.5735764503479004,0.8191520571708679,-0.0000000358062735,6.2247028350830078,0.0098467543721199,0.0068948152475059,0.9999277591705322,-0.1223559305071831,0.0000000000000000,0.0000000000000000,0.0000000000000000,1.0000000000000000
M 0.8188626766204834,0.5733737945556641,-0.0265777148306370,0.4530139863491058,-0.5735764503479004,0.8191520571708679,-0.0000000358062735,6.2247028350830078,0.0217711701989174,0.0152443815022707,0.9996467232704163,-0.2704986631870270,0.0000000000000000,0.0000000000000000,0.0000000000000000,1.0000000000000000
M 0.8182694315910339,0.5729584097862244,-0.0464091151952744,0.4634857177734375,-0.5735764503479004,0.8191520571708679,-0.0000000358062735,6.2247028350830078,0.0380160994827747,0.0266192033886909,0.9989225268363953,-0.4722638130187988,0.0000000000000000,0.0000000000000000,0.0000000000000000,1.0000000000000000
M 0.8170740008354187,0.5721213817596436,-0.0711846649646759,0.4822124838829041,-0.5735764503479004,0.8191520571708679,-0.0000000358062735,6.2247028350830078,0.0583110451698303,0.0408298783004284,0.9974631667137146,-0.7242442965507507,0.0000000000000000,0.0000000000000000,0.0000000000000000,1.0000000000000000
M 0.8149999976158142,0.5706691741943359,-0.1005570888519287,0.5125749111175537,-0.5735764503479004,0.8191520571708679,-0.0000000358062735,6.2247028350830078,0.0823715254664421,0.0576772093772888,0.9949312806129456,-1.0228521823883057,0.0000000000000000,0.0000000000000000,0.0000000000000000,1.0000000000000000
M 0.8117470741271973,0.5683914422988892,-0.1341564953327179,0.5582501292228699,-0.5735764503479004,0.8191520571708679,-0.0000000358062735,6.2247028350830078,0.1098945438861847,0.0769490376114845,0.9909601807594299,-1.3642646074295044,0.0000000000000000,0.0000000000000000,0.0000000000000000,1.0000000000000000
M 0.8070034384727478,0.5650699138641357,-0.1715852618217468,0.6230483651161194,-0.5735764503479004,0.8191520571708679,-0.0000000358062735,6.2247028350830078,0.1405543982982635,0.0984172895550728,0.9851692914962769,-1.7443747520446777,0.0000000000000000,0.0000000000000000,0.0000000000000000,1.0000000000000000
M 0.8004586696624756,0.5604872107505798,-0.2124148905277252,0.7107611894607544,-0.5735764503479004,0.8191520571708679,-0.0000000358062735,6.2247028350830078,0.1740000694990158,0.1218362078070641,0.9771795868873596,-2.1587612628936768,0.0000000000000000,0.0000000000000000,0.0000000000000000,1.0000000000000000
M 0.7918154001235962,0.5544350743293762,-0.2561839520931244,0.8250110745429993,-0.5735764503479004,0.8191520571708679,-0.0000000358062735,6.2247028350830078,0.2098535895347595,0.1469411104917526,0.9666280746459961,-2.6026699542999268,0.0000000000000000,0.0000000000000000,0.0000000000000000,1.0000000000000000
M 0.7808007001876831,0.5467225313186646,-0.3023985028266907,0.9691125154495239,-0.5735764503479004,0.8191520571708679,-0.0000000358062735,6.2247028350830078,0.2477103322744370,0.1734486818313599,0.9531816244125366,-3.0710210800170898,0.0000000000000000,0.0000000000000000,0.0000000000000000,1.0000000000000000
M 0.7671768069267273,0.5371829867362976,-0.3505343496799469,1.1459401845932007,-0.5735764503479004,0.8191520571708679,-0.0000000358062735,6.2247028350830078,0.2871409058570862,0.2010582685470581,0.9365499019622803,-3.5584323406219482,0.0000000000000000,0.0000000000000000,0.0000000000000000,1.0000000000000000
M 0.7507503628730774,0.5256810784339905,-0.4000416696071625,1.3578102588653564,-0.5735764503479004,0.8191520571708679,-0.0000000358062735,6.2247028350830078,0.3276949226856232,0.2294545024633408,0.9164969325065613,-4.0592699050903320,0.0000000000000000,0.0000000000000000,0.0000000000000000,1.0000000000000000
M 0.7313809990882874,0.5121184587478638,-0.4503516852855682,1.6063772439956665,-0.5735764503479004,0.8191520571708679,-0.0000000358062735,6.2247028350830078,0.3689064979553223,0.2583111226558685,0.8928512930870056,-4.5677189826965332,0.0000000000000000,0.0000000000000000,0.0000000000000000,1.0000000000000000
M 0.7089872360229492,0.4964382052421570,-0.5008854269981384,1.8925642967224121,-0.5735764503479004,0.8191520571708679,-0.0000000358062735,6.2247028350830078,0.4103013277053833,0.2872961163520813,0.8655136227607727,-5.0778675079345703,0.0000000000000000,0.0000000000000000,0.0000000000000000,1.0000000000000000
M 0.6835523843765259,0.4786284863948822,-0.5510634779930115,2.2164876461029053,-0.5735764503479004,0.8191520571708679,-0.0000000358062735,6.2247028350830078,0.4514047801494598,0.3160770535469055,0.8344633579254150,-5.5838155746459961,0.0000000000000000,0.0000000000000000,0.0000000000000000,1.0000000000000000
M 0.6551263332366943,0.4587243795394897,-0.6003177762031555,2.5774385929107666,-0.5735764503479004,0.8191520571708679,-0.0000000358062735,6.2247028350830078,0.4917515516281128,0.3443281650543213,0.7997615933418274,-6.0797891616821289,0.0000000000000000,0.0000000000000000,0.0000000000000000,1.0000000000000000
M 0.6238272786140442,0.4368085265159607,-0.6481032967567444,2.9738628864288330,-0.5735764503479004,0.8191520571708679,-0.0000000358062735,6.2247028350830078,0.5308951735496521,0.3717368245124817,0.7615524530410767,-6.5602626800537109,0.0000000000000000,0.0000000000000000,0.0000000000000000,1.0000000000000000
M 0.5898395776748657,0.4130101203918457,-0.6939105987548828,3.4033915996551514,-0.5735764503479004,0.8191520571708679,-0.0000000358062735,6.2247028350830078,0.5684183239936829,0.3980108201503754,0.7200611829757690,-7.0200862884521484,0.0000000000000000,0.0000000000000000,0.0000000000000000,1.0000000000000000
M 0.5534111261367798,0.3875026106834412,-0.7372773289680481,3.8628690242767334,-0.5735764503479004,0.8191520571708679,-0.0000000358062735,6.2247028350830078,0.6039422154426575,0.4228849411010742,0.6755902171134949,-7.4545989036560059,0.0000000000000000,0.0000000000000000,0.0000000000000000,1.0000000000000000
M 0.5148474574089050,0.3605000376701355,-0.7777993083000183,4.3484377861022949,-0.5735764503479004,0.8191520571708679,-0.0000000358062735,6.2247028350830078,0.6371359229087830,0.4461273849010468,0.6285126805305481,-7.8597459793090820,0.0000000000000000,0.0000000000000000,0.0000000000000000,1.0000000000000000
M 0.4745047986507416,0.3322518169879913,-0.8151404261589050,4.8556175231933594,-0.5735764503479004,0.8191520571708679,-0.0000000358062735,6.2247028350830078,0.6677239537239075,0.4675453901290894,0.5792633891105652,-8.2321729660034180,0.0000000000000000,0.0000000000000000,0.0000000000000000,1.0000000000000000
M 0.4327822327613831,0.3030373454093933,-0.8490393757820129,5.3794074058532715,-0.5735764503479004,0.8191520571708679,-0.0000000358062735,6.2247028350830078,0.6954923272132874,0.4869890213012695,0.5283295512199402,-8.5692977905273438,0.0000000000000000,0.0000000000000000,0.0000000000000000,1.0000000000000000
M 0.3901114761829376,0.2731589674949646,-0.8793163299560547,5.9144134521484375,-0.5735764503479004,0.8191520571708679,-0.0000000358062735,6.2247028350830078,0.7202937602996826,0.5043551325798035,0.4762381315231323,-8.8693704605102539,0.0000000000000000,0.0000000000000000,0.0000000000000000,1.0000000000000000
M 0.3469476997852325,0.2429353445768356,-0.9058750867843628,6.4549674987792969,-0.5735764503479004,0.8191520571708679,-0.0000000358062735,6.2247028350830078,0.7420494556427002,0.5195885896682739,0.4235448837280273,-9.1314964294433594,0.0000000000000000,0.0000000000000000,0.0000000000000000,1.0000000000000000
M 0.3037586212158203,0.2126940339803696,-0.9287044405937195,6.9952516555786133,-0.5735764503479004,0.8191520571708679,-0.0000000358062735,6.2247028350830078,0.7607501745223999,0.5326830148696899,0.3708207607269287,-9.3556566238403320,0.0000000000000000,0.0000000000000000,0.0000000000000000,1.0000000000000000
M 0.2610157430171967,0.1827651560306549,-0.9478753209114075,7.5294194221496582,-0.5735764503479004,0.8191520571708679,-0.0000000358062735,6.2247028350830078,0.7764540314674377,0.5436789393424988,0.3186413645744324,-9.5426568984985352,0.0000000000000000,0.0000000000000000,0.0000000000000000,1.0000000000000000
M 0.2191844433546066,0.1534745544195175,-0.9635370969772339,8.0517110824584961,-0.5735764503479004,0.8191520571708679,-0.0000000358062735,6.2247028350830078,0.7892833948135376,0.5526621937751770,0.2675747573375702,-9.6941118240356445,0.0000000000000000,0.0000000000000000,0.0000000000000000,1.0000000000000000
M 0.1787164509296417,0.1251385509967804,-0.9759102463722229,8.5565462112426758,-0.5735764503479004,0.8191520571708679,-0.0000000358062735,6.2247028350830078,0.7994188666343689,0.5597591400146484,0.2181724607944489,-9.8123474121093750,0.0000000000000000,0.0000000000000000,0.0000000000000000,1.0000000000000000
M 0.1400436609983444,0.0980595797300339,-0.9852776527404785,9.0386028289794922,-0.5735764503479004,0.8191520571708679,-0.0000000358062735,6.2247028350830078,0.8070921897888184,0.5651320815086365,0.1709617078304291,-9.9003286361694336,0.0000000000000000,0.0000000000000000,0.0000000000000000,1.0000000000000000
M 0.1035733297467232,0.0725227817893028,-0.9919742941856384,9.4928722381591797,-0.5735764503479004,0.8191520571708679,-0.0000000358062735,6.2247028350830078,0.8125777840614319,0.5689731240272522,0.1264396607875824,-9.9615430831909180,0.0000000000000000,0.0000000000000000,0.0000000000000000,1.0000000000000000
M 0.0696844086050987,0.0487935058772564,-0.9963750839233398,9.9147024154663086,-0.5735764503479004,0.8191520571708679,-0.0000000358062735,6.2247028350830078,0.8161826729774475,0.5714972615242004,0.0850689336657524,-9.9998769760131836,0.0000000000000000,0.0000000000000000,0.0000000000000000,1.0000000000000000
M 0.0387278832495213,0.0271175149828196,-0.9988817572593689,10.2997961044311523,-0.5735764503479004,0.8191520571708679,-0.0000000358062735,6.2247028350830078,0.8182360529899597,0.5729350447654724,0.0472779907286167,-10.0194911956787109,0.0000000000000000,0.0000000000000000,0.0000000000000000,1.0000000000000000
M 0.0110260369256139,0.0077204704284668,-0.9999094009399414,10.6442117691040039,-0.5735764503479004,0.8191520571708679,-0.0000000358062735,6.2247028350830078,0.8190778493881226,0.5735244750976562,0.0134602803736925,-10.0246667861938477,0.0000000000000000,0.0000000000000000,0.0000000000000000,1.0000000000000000
M -0.0131236081942916,-0.0091892927885056,-0.9998716711997986,10.9443168640136719,-0.5735764503479004,0.8191520571708679,-0.0000000358062735,6.2247028350830078,0.8190469145774841,0.5735028386116028,-0.0160209909081459,-10.0196762084960938,0.0000000000000000,0.0000000000000000,0.0000000000000000,1.0000000000000000
M -0.0334455147385597,-0.0234188456088305,-0.9991661310195923,11.1967506408691406,-0.5735764503479004,0.8191520571708679,-0.0000000358062735,6.2247028350830078,0.8184689879417419,0.5730981826782227,-0.0408294610679150,-10.0086183547973633,0.0000000000000000,0.0000000000000000,0.0000000000000000,1.0000000000000000
M -0.0496803894639015,-0.0347866304218769,-0.9981591701507568,11.3983469009399414,-0.5735764503479004,0.8191520571708679,-0.0000000358062735,6.2247028350830078,0.8176441192626953,0.5725206136703491,-0.0606485828757286,-9.9952707290649414,0.0000000000000000,0.0000000000000000,0.0000000000000000,1.0000000000000000
M -0.0615793913602829,-0.0431183986365795,-0.9971703886985779,11.5460634231567383,-0.5735764503479004,0.8191520571708679,-0.0000000358062735,6.2247028350830078,0.8168341517448425,0.5719534754753113,-0.0751745775341988,-9.9829359054565430,0.0000000000000000,0.0000000000000000,0.0000000000000000,1.0000000000000000
M -0.0688989758491516,-0.0482436269521713,-0.9964564442634583,11.6369123458862305,-0.5735764503479004,0.8191520571708679,-0.0000000358062735,6.2247028350830078,0.8162493705749512,0.5715439319610596,-0.0841101408004761,-9.9742717742919922,0.0000000000000000,0.0000000000000000,0.0000000000000000,1.0000000000000000
M -0.0713938251137733,-0.0499905385077000,-0.9961947202682495,11.6678762435913086,-0.5735764503479004,0.8191520571708679,-0.0000000358062735,6.2247028350830078,0.8160349726676941,0.5713938474655151,-0.0871557891368866,-9.9711303710937500,0.0000000000000000,0.0000000000000000,0.0000000000000000,1.0000000000000000
M -0.0716145187616348,-0.0496738590300083,-0.9961947202682495,11.6693420410156250,-0.5699429512023926,0.8216842412948608,-0.0000000359169583,6.1819338798522949,0.8185575008392334,0.5677741765975952,-0.0871557891368866,-9.9878826141357422,0.0000000000000000,0.0000000000000000,0.0000000000000000,1.0000000000000000
M -0.0722383931279182,-0.0487621463835239,-0.9961947202682495,11.6734447479248047,-0.5594822168350220,0.8288423418998718,-0.0000000362298493,6.0591216087341309,0.8256883621215820,0.5573532581329346,-0.0871557891368866,-10.0347843170166016,0.0000000000000000,0.0000000000000000,0.0000000000000000,1.0000000000000000
M -0.0731993988156319,-0.0473072975873947,-0.9961947202682495,11.6796445846557617,-0.5427896976470947,0.8398686647415161,-0.0000000367118247,5.8640999794006348,0.8366727232933044,0.5407242178916931,-0.0871557891368866,-10.1056442260742188,0.0000000000000000,0.0000000000000000,0.0000000000000000,1.0000000000000000
M -0.0744235590100288,-0.0453570894896984,-0.9961947202682495,11.6873083114624023,-0.5204135775566101,0.8539143204689026,-0.0000000373257798,5.6044430732727051,0.8506649136543274,0.5184332728385925,-0.0871557891368866,-10.1932401657104492,0.0000000000000000,0.0000000000000000,0.0000000000000000,1.0000000000000000
M -0.0758331045508385,-0.0429589562118053,-0.9961947202682495,11.6957654953002930,-0.4928981065750122,0.8700870275497437,-0.0000000380326988,5.2877931594848633,0.8667761087417603,0.4910224974155426,-0.0871557891368866,-10.2899055480957031,0.0000000000000000,0.0000000000000000,0.0000000000000000,1.0000000000000000
M -0.0773502141237259,-0.0401631183922291,-0.9961947202682495,11.7043514251708984,-0.4608194530010223,0.8874939084053040,-0.0000000387935906,4.9221143722534180,0.8841167688369751,0.4590659141540527,-0.0871557891368866,-10.3880414962768555,0.0000000000000000,0.0000000000000000,0.0000000000000000,1.0000000000000000
M -0.0789005234837532,-0.0370248369872570,-0.9961947202682495,11.7124481201171875,-0.4248117208480835,0.9052817225456238,-0.0000000395711197,4.5158591270446777,0.9018368721008301,0.4231951832771301,-0.0871557816863060,-10.4805908203125000,0.0000000000000000,0.0000000000000000,0.0000000000000000,1.0000000000000000
M -0.0804162472486496,-0.0336059071123600,-0.9961947202682495,11.7195205688476562,-0.3855839371681213,0.9226727485656738,-0.0000000403313081,4.0780568122863770,0.9191617369651794,0.3841166794300079,-0.0871557816863060,-10.5614309310913086,0.0000000000000000,0.0000000000000000,0.0000000000000000,1.0000000000000000
M -0.0818389877676964,-0.0299751721322536,-0.9961947202682495,11.7251453399658203,-0.3439259529113770,0.9389967918395996,-0.0000000410448528,3.6182916164398193,0.9354236721992493,0.3426172137260437,-0.0871557816863060,-10.6257162094116211,0.0000000000000000,0.0000000000000000,0.0000000000000000,1.0000000000000000
M -0.0831219330430031,-0.0262082815170288,-0.9961947202682495,11.7290306091308594,-0.3007057309150696,0.9537169933319092,-0.0000000416882955,3.1466169357299805,0.9500878453254700,0.2995614707469940,-0.0871557816863060,-10.6701307296752930,0.0000000000000000,0.0000000000000000,0.0000000000000000,1.0000000000000000
M -0.0842316001653671,-0.0223867520689964,-0.9961947202682495,11.7310361862182617,-0.2568586170673370,0.9664489626884460,-0.0000000422448245,2.6733987331390381,0.9627713561058044,0.2558811902999878,-0.0871557816863060,-10.6930494308471680,0.0000000000000000,0.0000000000000000,0.0000000000000000,1.0000000000000000
M -0.0851486697793007,-0.0185965895652771,-0.9961947202682495,11.7311725616455078,-0.2133713960647583,0.9769711494445801,-0.0000000427047659,2.2091307640075684,0.9732534885406494,0.2125594615936279,-0.0871557742357254,-10.6946096420288086,0.0000000000000000,0.0000000000000000,0.0000000000000000,1.0000000000000000
M -0.0858680754899979,-0.0149265853688121,-0.9961947202682495,11.7296028137207031,-0.1712628155946732,0.9852253794670105,-0.0000000430655689,1.7642356157302856,0.9814763069152832,0.1706111133098602,-0.0871557742357254,-10.6766710281372070,0.0000000000000000,0.0000000000000000,0.0000000000000000,1.0000000000000000
M -0.0863981768488884,-0.0114666288718581,-0.9961947202682495,11.7266283035278320,-0.1315642744302750,0.9913076162338257,-0.0000000433314327,1.3488929271697998,0.9875354170799255,0.1310636401176453,-0.0871557742357254,-10.6426687240600586,0.0000000000000000,0.0000000000000000,0.0000000000000000,1.0000000000000000
M -0.0867590606212616,-0.0083062266930938,-0.9961947202682495,11.7226657867431641,-0.0953027382493019,0.9954483509063721,-0.0000000435124150,0.9729144573211670,0.9916604161262512,0.0949400737881660,-0.0871557742357254,-10.5973825454711914,0.0000000000000000,0.0000000000000000,0.0000000000000000,1.0000000000000000
M -0.0869799479842186,-0.0055333175696433,-0.9961947202682495,11.7182235717773438,-0.0634871795773506,0.9979826807975769,-0.0000000436232099,0.6456779241561890,0.9941850900650024,0.0632455870509148,-0.0871557667851448,-10.5466022491455078,0.0000000000000000,0.0000000000000000,0.0000000000000000,1.0000000000000000
M -0.0870957598090172,-0.0032336544245481,-0.9961947202682495,11.7138586044311523,-0.0371015146374702,0.9993115067481995,-0.0000000436812790,0.3761502206325531,0.9955088496208191,0.0369603298604488,-0.0871557667851448,-10.4967145919799805,0.0000000000000000,0.0000000000000000,0.0000000000000000,1.0000000000000000
M -0.0871430188417435,-0.0014906959841028,-0.9961947202682495,11.7101421356201172,-0.0171033143997192,0.9998537302017212,-0.0000000437049934,0.1729885041713715,0.9960489869117737,0.0170382279902697,-0.0871557667851448,-10.4542284011840820,0.0000000000000000,0.0000000000000000,0.0000000000000000,1.0000000000000000
M -0.0871549099683762,-0.0003860224969685,-0.9961947202682495,11.7076034545898438,-0.0044286106713116,0.9999901652336121,-0.0000000437109584,0.0447249077260494,0.9961849451065063,0.0044117546640337,-0.0871557667851448,-10.4252185821533203,0.0000000000000000,0.0000000000000000,0.0000000000000000,1.0000000000000000
M -0.0871558487415314,-0.0000000357527021,-0.9961947202682495,11.7066841125488281,0.0000000894069672,1.0000000000000000,-0.0000000437113883,-0.0000008871784303,0.9961947202682495,-0.0000000928764479,-0.0871558487415314,-10.4147014617919922,0.0000000000000000,0.0000000000000000,0.0000000000000000,1.0000000000000000
O WIDGET_2_TOGGLE_INTERIOR_LCG_IL_CG_DoorToilet_mvp_amendorf
A WIDGET_2_INTERIOR_LCG_IL_CG_DoorToilet_mvp_amendorf_WIDGET_2_INTERIOR_LCG_IL_CG_DoorToilet_mvp_amendorf
M 1.0000000000000000,0.0000000000000000,0.0000000000000000,0.0000000000000000,0.0000000000000000,1.0000000000000000,-0.0000000437113883,0.0000000254560284,-0.0000000000000000,0.0000000437113883,1.0000000000000000,0.0000000052121720,0.0000000000000000,0.0000000000000000,0.0000000000000000,1.0000000000000000
M 1.0000000000000000,0.0000000000000000,0.0000000000000000,0.0000000000000000,0.0000000000000000,1.0000000000000000,-0.0000000437113883,0.0000000254560284,-0.0000000000000000,0.0000000437113883,1.0000000000000000,0.0000000052121720,0.0000000000000000,0.0000000000000000,0.0000000000000000,1.0000000000000000
M 1.0000000000000000,0.0000000000000000,0.0000000000000000,0.0000000000000000,0.0000000000000000,1.0000000000000000,-0.0000000437113883,0.0000000254560284,-0.0000000000000000,0.0000000437113883,1.0000000000000000,0.0000000052121720,0.0000000000000000,0.0000000000000000,0.0000000000000000,1.0000000000000000
M 1.0000000000000000,0.0000000000000000,0.0000000000000000,0.0000000000000000,0.0000000000000000,1.0000000000000000,-0.0000000437113883,0.0000000254560284,-0.0000000000000000,0.0000000437113883,1.0000000000000000,0.0000000052121720,0.0000000000000000,0.0000000000000000,0.0000000000000000,1.0000000000000000
M 1.0000000000000000,0.0000000000000000,0.0000000000000000,0.0000000000000000,0.0000000000000000,1.0000000000000000,-0.0000000437113883,0.0000000254560284,-0.0000000000000000,0.0000000437113883,1.0000000000000000,0.0000000052121720,0.0000000000000000,0.0000000000000000,0.0000000000000000,1.0000000000000000
M 1.0000000000000000,0.0000000000000000,0.0000000000000000,0.0000000000000000,0.0000000000000000,1.0000000000000000,-0.0000000437113883,0.0000000254560284,-0.0000000000000000,0.0000000437113883,1.0000000000000000,0.0000000052121720,0.0000000000000000,0.0000000000000000,0.0000000000000000,1.0000000000000000
M 1.0000000000000000,0.0000000000000000,0.0000000000000000,0.0000000000000000,0.0000000000000000,1.0000000000000000,-0.0000000437113883,0.0000000254560284,-0.0000000000000000,0.0000000437113883,1.0000000000000000,0.0000000052121720,0.0000000000000000,0.0000000000000000,0.0000000000000000,1.0000000000000000
M 1.0000000000000000,0.0000000000000000,0.0000000000000000,0.0000000000000000,0.0000000000000000,1.0000000000000000,-0.0000000437113883,0.0000000254560284,-0.0000000000000000,0.0000000437113883,1.0000000000000000,0.0000000052121720,0.0000000000000000,0.0000000000000000,0.0000000000000000,1.0000000000000000
M 1.0000000000000000,0.0000000000000000,0.0000000000000000,0.0000000000000000,0.0000000000000000,1.0000000000000000,-0.0000000437113883,0.0000000254560284,-0.0000000000000000,0.0000000437113883,1.0000000000000000,0.0000000052121720,0.0000000000000000,0.0000000000000000,0.0000000000000000,1.0000000000000000
M 1.0000000000000000,0.0000000000000000,0.0000000000000000,0.0000000000000000,0.0000000000000000,1.0000000000000000,-0.0000000437113883,0.0000000254560284,-0.0000000000000000,0.0000000437113883,1.0000000000000000,0.0000000052121720,0.0000000000000000,0.0000000000000000,0.0000000000000000,1.0000000000000000
M 1.0000000000000000,0.0000000000000000,0.0000000000000000,0.0000000000000000,0.0000000000000000,1.0000000000000000,-0.0000000437113883,0.0000000254560284,-0.0000000000000000,0.0000000437113883,1.0000000000000000,0.0000000052121720,0.0000000000000000,0.0000000000000000,0.0000000000000000,1.0000000000000000
M 1.0000000000000000,0.0000000000000000,0.0000000000000000,0.0000000000000000,0.0000000000000000,1.0000000000000000,-0.0000000437113883,0.0000000254560284,-0.0000000000000000,0.0000000437113883,1.0000000000000000,0.0000000052121720,0.0000000000000000,0.0000000000000000,0.0000000000000000,1.0000000000000000
M 1.0000000000000000,0.0000000000000000,0.0000000000000000,0.0000000000000000,0.0000000000000000,1.0000000000000000,-0.0000000437113883,0.0000000254560284,-0.0000000000000000,0.0000000437113883,1.0000000000000000,0.0000000052121720,0.0000000000000000,0.0000000000000000,0.0000000000000000,1.0000000000000000
M 1.0000000000000000,0.0000000000000000,0.0000000000000000,0.0000000000000000,0.0000000000000000,1.0000000000000000,-0.0000000437113883,0.0000000254560284,-0.0000000000000000,0.0000000437113883,1.0000000000000000,0.0000000052121720,0.0000000000000000,0.0000000000000000,0.0000000000000000,1.0000000000000000
M 1.0000000000000000,0.0000000000000000,0.0000000000000000,0.0000000000000000,0.0000000000000000,1.0000000000000000,-0.0000000437113883,0.0000000254560284,-0.0000000000000000,0.0000000437113883,1.0000000000000000,0.0000000052121720,0.0000000000000000,0.0000000000000000,0.0000000000000000,1.0000000000000000
M 1.0000000000000000,0.0000000000000000,0.0000000000000000,0.0000000000000000,0.0000000000000000,1.0000000000000000,-0.0000000437113883,0.0000000254560284,-0.0000000000000000,0.0000000437113883,1.0000000000000000,0.0000000052121720,0.0000000000000000,0.0000000000000000,0.0000000000000000,1.0000000000000000
M 1.0000000000000000,0.0000000000000000,0.0000000000000000,0.0000000000000000,0.0000000000000000,1.0000000000000000,-0.0000000437113883,0.0000000254560284,-0.0000000000000000,0.0000000437113883,1.0000000000000000,0.0000000052121720,0.0000000000000000,0.0000000000000000,0.0000000000000000,1.0000000000000000
M 1.0000000000000000,0.0000000000000000,0.0000000000000000,0.0000000000000000,0.0000000000000000,1.0000000000000000,-0.0000000437113883,0.0000000254560284,-0.0000000000000000,0.0000000437113883,1.0000000000000000,0.0000000052121720,0.0000000000000000,0.0000000000000000,0.0000000000000000,1.0000000000000000
M 1.0000000000000000,0.0000000000000000,0.0000000000000000,0.0000000000000000,0.0000000000000000,1.0000000000000000,-0.0000000437113883,0.0000000254560284,-0.0000000000000000,0.0000000437113883,1.0000000000000000,0.0000000052121720,0.0000000000000000,0.0000000000000000,0.0000000000000000,1.0000000000000000
M 1.0000000000000000,0.0000000000000000,0.0000000000000000,0.0000000000000000,0.0000000000000000,1.0000000000000000,-0.0000000437113883,0.0000000254560284,-0.0000000000000000,0.0000000437113883,1.0000000000000000,0.0000000052121720,0.0000000000000000,0.0000000000000000,0.0000000000000000,1.0000000000000000
M 1.0000000000000000,0.0000000000000000,0.0000000000000000,0.0000000000000000,0.0000000000000000,1.0000000000000000,-0.0000000437113883,0.0000000254560284,-0.0000000000000000,0.0000000437113883,1.0000000000000000,0.0000000052121720,0.0000000000000000,0.0000000000000000,0.0000000000000000,1.0000000000000000
M 0.9999953508377075,-0.0000000001336278,-0.0030570491217077,0.0005272500566207,0.0000000000000000,1.0000000000000000,-0.0000000437113883,0.0000000254560284,0.0030570491217077,0.0000000437111716,0.9999953508377075,-0.0324804112315178,0.0000000000000000,0.0000000000000000,0.0000000000000000,1.0000000000000000
M 0.9999277591705322,-0.0000000005254400,-0.0120206670835614,0.0026459177024662,0.0000000000000000,1.0000000000000000,-0.0000000437113883,0.0000000254560284,0.0120206670835614,0.0000000437082157,0.9999277591705322,-0.1277083009481430,0.0000000000000000,0.0000000000000000,0.0000000000000000,1.0000000000000000
M 0.9996467232704163,-0.0000000011617478,-0.0265776906162500,0.0079063829034567,0.0000000000000000,1.0000000000000000,-0.0000000437113883,0.0000000254560284,0.0265776906162500,0.0000000436959446,0.9996467232704163,-0.2823327779769897,0.0000000000000000,0.0000000000000000,0.0000000000000000,1.0000000000000000
M 0.9989225268363953,-0.0000000020286048,-0.0464090891182423,0.0186992511153221,0.0000000000000000,1.0000000000000000,-0.0000000437113883,0.0000000254560284,0.0464090891182423,0.0000000436642900,0.9989225268363953,-0.4929282069206238,0.0000000000000000,0.0000000000000000,0.0000000000000000,1.0000000000000000
M 0.9974631667137146,-0.0000000031115788,-0.0711846426129341,0.0380761809647083,0.0000000000000000,1.0000000000000000,-0.0000000437113883,0.0000000254560284,0.0711846426129341,0.0000000436005010,0.9974631667137146,-0.7559404373168945,0.0000000000000000,0.0000000000000000,0.0000000000000000,1.0000000000000000
M 0.9949312806129456,-0.0000000043954889,-0.1005570665001869,0.0695668235421181,0.0000000000000000,1.0000000000000000,-0.0000000437113883,0.0000000254560284,0.1005570665001869,0.0000000434898126,0.9949312806129456,-1.0676268339157104,0.0000000000000000,0.0000000000000000,0.0000000000000000,1.0000000000000000
M 0.9909601807594299,-0.0000000058641634,-0.1341564655303955,0.1170100867748260,0.0000000000000000,1.0000000000000000,-0.0000000437113883,0.0000000254560284,0.1341564655303955,0.0000000433162306,0.9909601807594299,-1.4239999055862427,0.0000000000000000,0.0000000000000000,0.0000000000000000,1.0000000000000000
M 0.9851692914962769,-0.0000000075002289,-0.1715852320194244,0.1843864768743515,0.0000000000000000,1.0000000000000000,-0.0000000437113883,0.0000000254560284,0.1715852320194244,0.0000000430631033,0.9851692914962769,-1.8207757472991943,0.0000000000000000,0.0000000000000000,0.0000000000000000,1.0000000000000000
M 0.9771795868873596,-0.0000000092849488,-0.2124148607254028,0.2756564021110535,0.0000000000000000,1.0000000000000000,-0.0000000437113883,0.0000000254560284,0.2124148607254028,0.0000000427138609,0.9771795868873596,-2.2533423900604248,0.0000000000000000,0.0000000000000000,0.0000000000000000,1.0000000000000000
M 0.9666280746459961,-0.0000000111981553,-0.2561839222908020,0.3946053981781006,0.0000000000000000,1.0000000000000000,-0.0000000437113883,0.0000000254560284,0.2561839222908020,0.0000000422526405,0.9666280746459961,-2.7167398929595947,0.0000000000000000,0.0000000000000000,0.0000000000000000,1.0000000000000000
M 0.9531816244125366,-0.0000000132182567,-0.3023984730243683,0.5446943640708923,0.0000000000000000,1.0000000000000000,-0.0000000437113883,0.0000000254560284,0.3023984730243683,0.0000000416648795,0.9531816244125366,-3.2056684494018555,0.0000000000000000,0.0000000000000000,0.0000000000000000,1.0000000000000000
M 0.9365499019622803,-0.0000000153223425,-0.3505343198776245,0.7289275527000427,0.0000000000000000,1.0000000000000000,-0.0000000437113883,0.0000000254560284,0.3505343198776245,0.0000000409378806,0.9365499019622803,-3.7145133018493652,0.0000000000000000,0.0000000000000000,0.0000000000000000,1.0000000000000000
M 0.9164969325065613,-0.0000000174863750,-0.4000416398048401,0.9497262239456177,0.0000000000000000,1.0000000000000000,-0.0000000437113883,0.0000000254560284,0.4000416398048401,0.0000000400613516,0.9164969325065613,-4.2373952865600586,0.0000000000000000,0.0000000000000000,0.0000000000000000,1.0000000000000000
M 0.8928512930870056,-0.0000000196854888,-0.4503516554832458,1.2088221311569214,0.0000000000000000,1.0000000000000000,-0.0000000437113883,0.0000000254560284,0.4503516554832458,0.0000000390277570,0.8928512930870056,-4.7682447433471680,0.0000000000000000,0.0000000000000000,0.0000000000000000,1.0000000000000000
M 0.8655136227607727,-0.0000000218943974,-0.5008854269981384,1.5071804523468018,0.0000000000000000,1.0000000000000000,-0.0000000437113883,0.0000000254560284,0.5008854269981384,0.0000000378327876,0.8655136227607727,-5.3008942604064941,0.0000000000000000,0.0000000000000000,0.0000000000000000,1.0000000000000000
M 0.8344633579254150,-0.0000000240877434,-0.5510634779930115,1.8449299335479736,0.0000000000000000,1.0000000000000000,-0.0000000437113883,0.0000000254560284,0.5510634779930115,0.0000000364755515,0.8344633579254150,-5.8291850090026855,0.0000000000000000,0.0000000000000000,0.0000000000000000,1.0000000000000000
M 0.7997615933418274,-0.0000000262407163,-0.6003177762031555,2.2213315963745117,0.0000000000000000,1.0000000000000000,-0.0000000437113883,0.0000000254560284,0.6003177762031555,0.0000000349586884,0.7997615933418274,-6.3470897674560547,0.0000000000000000,0.0000000000000000,0.0000000000000000,1.0000000000000000
M 0.7615524530410767,-0.0000000283294810,-0.6481032967567444,2.6347706317901611,0.0000000000000000,1.0000000000000000,-0.0000000437113883,0.0000000254560284,0.6481032967567444,0.0000000332885151,0.7615524530410767,-6.8488402366638184,0.0000000000000000,0.0000000000000000,0.0000000000000000,1.0000000000000000
M 0.7200611829757690,-0.0000000303317940,-0.6939105987548828,3.0827724933624268,0.0000000000000000,1.0000000000000000,-0.0000000437113883,0.0000000254560284,0.6939105987548828,0.0000000314748725,0.7200611829757690,-7.3290600776672363,0.0000000000000000,0.0000000000000000,0.0000000000000000,1.0000000000000000
M 0.6755902171134949,-0.0000000322274154,-0.7372773289680481,3.5620524883270264,0.0000000000000000,1.0000000000000000,-0.0000000437113883,0.0000000254560284,0.7372773289680481,0.0000000295309786,0.6755902171134949,-7.7828826904296875,0.0000000000000000,0.0000000000000000,0.0000000000000000,1.0000000000000000
M 0.6285126805305481,-0.0000000339986883,-0.7777993083000183,4.0685830116271973,0.0000000000000000,1.0000000000000000,-0.0000000437113883,0.0000000254560284,0.7777993083000183,0.0000000274731615,0.6285126805305481,-8.2060728073120117,0.0000000000000000,0.0000000000000000,0.0000000000000000,1.0000000000000000
M 0.5792633891105652,-0.0000000356309187,-0.8151404261589050,4.5976905822753906,0.0000000000000000,1.0000000000000000,-0.0000000437113883,0.0000000254560284,0.8151404261589050,0.0000000253204071,0.5792633891105652,-8.5951271057128906,0.0000000000000000,0.0000000000000000,0.0000000000000000,1.0000000000000000
M 0.5283295512199402,-0.0000000371126916,-0.8490393757820129,5.1441593170166016,0.0000000000000000,1.0000000000000000,-0.0000000437113883,0.0000000254560284,0.8490393757820129,0.0000000230940103,0.5283295512199402,-8.9473457336425781,0.0000000000000000,0.0000000000000000,0.0000000000000000,1.0000000000000000
M 0.4762381613254547,-0.0000000384361378,-0.8793163299560547,5.7023611068725586,0.0000000000000000,1.0000000000000000,-0.0000000437113883,0.0000000254560284,0.8793163299560547,0.0000000208170245,0.4762381613254547,-9.2608995437622070,0.0000000000000000,0.0000000000000000,0.0000000000000000,1.0000000000000000
M 0.4235449135303497,-0.0000000395970581,-0.9058750867843628,6.2663769721984863,0.0000000000000000,1.0000000000000000,-0.0000000437113883,0.0000000254560284,0.9058750867843628,0.0000000185137292,0.4235449135303497,-9.5348529815673828,0.0000000000000000,0.0000000000000000,0.0000000000000000,1.0000000000000000
