O WIDGET_3_INTERIOR_LCG_IL_handle
A WIDGET_3_INTERIOR_LCG_IL_handle_WIDGET_3_INTERIOR_LCG_IL_handle
M 1.0000000000000000,0.0000000000000000,0.0000000000000000,0.0000000000000000,0.0000000000000000,1.0000000000000000,-0.0000000437113883,0.0000000712784285,-0.0000000000000000,0.0000000437113883,1.0000000000000000,-0.0000000045976378,0.0000000000000000,0.0000000000000000,0.0000000000000000,1.0000000000000000
M 1.0000000000000000,0.0000000000000000,0.0000000000000000,0.0000000000000000,0.0000000000000000,0.9999901652336121,-0.0044287736527622,0.0019612610340118,-0.0000000000000000,0.0044287736527622,0.9999901652336121,-0.0106523428112268,0.0000000000000000,0.0000000000000000,0.0000000000000000,1.0000000000000000
M 1.0000000000000000,0.0000000000000000,0.0000000000000000,0.0000000000000000,0.0000000000000000,0.9998537302017212,-0.0171033591032028,0.0078347437083721,-0.0000000000000000,0.0171033591032028,0.9998537302017212,-0.0410908646881580,0.0000000000000000,0.0000000000000000,0.0000000000000000,1.0000000000000000
M 1.0000000000000000,0.0000000000000000,0.0000000000000000,0.0000000000000000,0.0000000000000000,0.9993115067481995,-0.0371016152203083,0.0178889222443104,-0.0000000000000000,0.0371016152203083,0.9993115067481995,-0.0889744311571121,0.0000000000000000,0.0000000000000000,0.0000000000000000,1.0000000000000000
M 1.0000000000000000,0.0000000000000000,0.0000000000000000,0.0000000000000000,0.0000000000000000,0.9979826211929321,-0.0634872838854790,0.0326301828026772,-0.0000000000000000,0.0634872838854790,0.9979826211929321,-0.1518835276365280,0.0000000000000000,0.0000000000000000,0.0000000000000000,1.0000000000000000
M 1.0000000000000000,0.0000000000000000,0.0000000000000000,0.0000000000000000,0.0000000000000000,0.9954482913017273,-0.0953028425574303,0.0526478849351406,-0.0000000000000000,0.0953028425574303,0.9954482913017273,-0.2273309528827667,0.0000000000000000,0.0000000000000000,0.0000000000000000,1.0000000000000000
M 1.0000000000000000,0.0000000000000000,0.0000000000000000,0.0000000000000000,0.0000000000000000,0.9913076162338257,-0.1315644383430481,0.0784759819507599,-0.0000000000000000,0.1315644383430481,0.9913076162338257,-0.3127738535404205,0.0000000000000000,0.0000000000000000,0.0000000000000000,1.0000000000000000
M 1.0000000000000000,0.0000000000000000,0.0000000000000000,0.0000000000000000,0.0000000000000000,0.9852253794670105,-0.1712628453969955,0.1104795113205910,-0.0000000000000000,0.1712628453969955,0.9852253794670105,-0.4056371152400970,0.0000000000000000,0.0000000000000000,0.0000000000000000,1.0000000000000000
M 1.0000000000000000,0.0000000000000000,0.0000000000000000,0.0000000000000000,0.0000000000000000,0.9769712090492249,-0.2133713811635971,0.1487641036510468,-0.0000000000000000,0.2133713811635971,0.9769712090492249,-0.5033494830131531,0.0000000000000000,0.0000000000000000,0.0000000000000000,1.0000000000000000
M 1.0000000000000000,0.0000000000000000,0.0000000000000000,0.0000000000000000,0.0000000000000000,0.9664489626884460,-0.2568587958812714,0.1931091099977493,-0.0000000000000000,0.2568587958812714,0.9664489626884460,-0.6033875942230225,0.0000000000000000,0.0000000000000000,0.0000000000000000,1.0000000000000000
M 1.0000000000000000,0.0000000000000000,0.0000000000000000,0.0000000000000000,0.0000000000000000,0.9537169337272644,-0.3007058799266815,0.2429286837577820,-0.0000000000000000,0.3007058799266815,0.9537169337272644,-0.7033243179321289,0.0000000000000000,0.0000000000000000,0.0000000000000000,1.0000000000000000
M 1.0000000000000000,0.0000000000000000,0.0000000000000000,0.0000000000000000,0.0000000000000000,0.9389967918395996,-0.3439259827136993,0.2972580790519714,-0.0000000000000000,0.3439259827136993,0.9389967918395996,-0.8008825778961182,0.0000000000000000,0.0000000000000000,0.0000000000000000,1.0000000000000000
M 1.0000000000000000,0.0000000000000000,0.0000000000000000,0.0000000000000000,0.0000000000000000,0.9226727485656738,-0.3855839967727661,0.3547632992267609,-0.0000000000000000,0.3855839967727661,0.9226727485656738,-0.8939802646636963,0.0000000000000000,0.0000000000000000,0.0000000000000000,1.0000000000000000
M 1.0000000000000000,0.0000000000000000,0.0000000000000000,0.0000000000000000,0.0000000000000000,0.9052816629409790,-0.4248119294643402,0.4137729108333588,-0.0000000000000000,0.4248119294643402,0.9052816629409790,-0.9807638525962830,0.0000000000000000,0.0000000000000000,0.0000000000000000,1.0000000000000000
M 1.0000000000000000,0.0000000000000000,0.0000000000000000,0.0000000000000000,0.0000000000000000,0.8874937891960144,-0.4608196914196014,0.4723285436630249,-0.0000000000000000,0.4608196914196014,0.8874937891960144,-1.0596252679824829,0.0000000000000000,0.0000000000000000,0.0000000000000000,1.0000000000000000
M 1.0000000000000000,0.0000000000000000,0.0000000000000000,0.0000000000000000,0.0000000000000000,0.8700869679450989,-0.4928982555866241,0.5282481908798218,-0.0000000000000000,0.4928982555866241,0.8700869679450989,-1.1291987895965576,0.0000000000000000,0.0000000000000000,0.0000000000000000,1.0000000000000000
M 1.0000000000000000,0.0000000000000000,0.0000000000000000,0.0000000000000000,0.0000000000000000,0.8539142012596130,-0.5204138159751892,0.5792021751403809,-0.0000000000000000,0.5204138159751892,0.8539142012596130,-1.1883323192596436,0.0000000000000000,0.0000000000000000,0.0000000000000000,1.0000000000000000
M 1.0000000000000000,0.0000000000000000,0.0000000000000000,0.0000000000000000,0.0000000000000000,0.8398686647415161,-0.5427896976470947,0.6227887272834778,-0.0000000000000000,0.5427896976470947,0.8398686647415161,-1.2360292673110962,0.0000000000000000,0.0000000000000000,0.0000000000000000,1.0000000000000000
M 1.0000000000000000,0.0000000000000000,0.0000000000000000,0.0000000000000000,0.0000000000000000,0.8288424015045166,-0.5594822764396667,0.6566238403320312,-0.0000000000000000,0.5594822764396667,0.8288424015045166,-1.2713717222213745,0.0000000000000000,0.0000000000000000,0.0000000000000000,1.0000000000000000
M 1.0000000000000000,0.0000000000000000,0.0000000000000000,0.0000000000000000,0.0000000000000000,0.8216841220855713,-0.5699432492256165,0.6784251332283020,-0.0000000000000000,0.5699432492256165,0.8216841220855713,-1.2934117317199707,0.0000000000000000,0.0000000000000000,0.0000000000000000,1.0000000000000000
M 1.0000000000000000,0.0000000000000000,0.0000000000000000,0.0000000000000000,0.0000000000000000,0.8191519975662231,-0.5735766291618347,0.6861077547073364,-0.0000000000000000,0.5735766291618347,0.8191519975662231,-1.3010466098785400,0.0000000000000000,0.0000000000000000,0.0000000000000000,1.0000000000000000
M 0.9999948143959045,0.0018457383848727,0.0026359865441918,-0.0074494583532214,0.0000000000000000,0.8191519975662231,-0.5735766291618347,0.6861077547073364,-0.0032179458066821,0.5735736489295959,0.8191477656364441,-1.2662403583526611,0.0000000000000000,0.0000000000000000,0.0000000000000000,1.0000000000000000
M 0.9999199509620667,0.0072576375678182,0.0103649767115712,-0.0286455154418945,0.0000000000000000,0.8191519975662231,-0.5735766291618347,0.6861077547073364,-0.0126533014699817,0.5735307335853577,0.8190864324569702,-1.1640461683273315,0.0000000000000000,0.0000000000000000,0.0000000000000000,1.0000000000000000
M 0.9996085762977600,0.0160464700311422,0.0229167249053717,-0.0610166601836681,0.0000000000000000,0.8191519975662231,-0.5735766291618347,0.6861077547073364,-0.0279761590063572,0.5733520984649658,0.8188313841819763,-0.9976413846015930,0.0000000000000000,0.0000000000000000,0.0000000000000000,1.0000000000000000
M 0.9988061189651489,0.0280190873891115,0.0400153882801533,-0.1010239273309708,0.0000000000000000,0.8191519975662231,-0.5735766291618347,0.6861077547073364,-0.0488497763872147,0.5728918313980103,0.8181740045547485,-0.7700738906860352,0.0000000000000000,0.0000000000000000,0.0000000000000000,1.0000000000000000
M 0.9971892237663269,0.0429748557507992,0.0613744333386421,-0.1443541496992111,0.0000000000000000,0.8191519975662231,-0.5735766291618347,0.6861077547073364,-0.0749243572354317,0.5719644427299500,0.8168495297431946,-0.4843715429306030,0.0000000000000000,0.0000000000000000,0.0000000000000000,1.0000000000000000
M 0.9943842291831970,0.0607017278671265,0.0866910219192505,-0.1861073970794678,0.0000000000000000,0.8191519975662231,-0.5735766291618347,0.6861077547073364,-0.1058302074670792,0.5703555345535278,0.8145518302917480,-0.1436597108840942,0.0000000000000000,0.0000000000000000,0.0000000000000000,1.0000000000000000
M 0.9899851679801941,0.0809725150465965,0.1156406924128532,-0.2209697067737579,0.0000000000000000,0.8191519975662231,-0.5735766291618347,0.6861077547073364,-0.1411712318658829,0.5678323507308960,0.8109483122825623,0.2487249374389648,0.0000000000000000,0.0000000000000000,0.0000000000000000,1.0000000000000000
M 0.9835714697837830,0.1035415604710579,0.1478726118803024,-0.2433918714523315,0.0000000000000000,0.8191519975662231,-0.5735766291618347,0.6861077547073364,-0.1805191487073898,0.5641536116600037,0.8056945204734802,0.6891331672668457,0.0000000000000000,0.0000000000000000,0.0000000000000000,1.0000000000000000
M 0.9747246503829956,0.1281425356864929,0.1830064207315445,-0.2477687001228333,0.0000000000000000,0.8191519975662231,-0.5735766291618347,0.6861077547073364,-0.2234096229076385,0.5590792894363403,0.7984476685523987,1.1735197305679321,0.0000000000000000,0.0000000000000000,0.0000000000000000,1.0000000000000000
M 0.9630451202392578,0.1544871628284454,0.2206304520368576,-0.2286087274551392,0.0000000000000000,0.8191519975662231,-0.5735766291618347,0.6861077547073364,-0.2693400681018829,0.5523801445960999,0.7888803482055664,1.6973826885223389,0.0000000000000000,0.0000000000000000,0.0000000000000000,1.0000000000000000
M 0.9481678009033203,0.1822655051946640,0.2603020370006561,-0.1807010471820831,0.0000000000000000,0.8191519975662231,-0.5735766291618347,0.6861077547073364,-0.3177701234817505,0.5438469052314758,0.7766935229301453,2.2557311058044434,0.0000000000000000,0.0000000000000000,0.0000000000000000,1.0000000000000000
M 0.9297764897346497,0.2111476212739944,0.3015499413013458,-0.0992860496044159,0.0000000000000000,0.8191519975662231,-0.5735766291618347,0.6861077547073364,-0.3681245446205139,0.5332980751991272,0.7616282105445862,2.8430824279785156,0.0000000000000000,0.0000000000000000,0.0000000000000000,1.0000000000000000
M 0.9076172709465027,0.2407866716384888,0.3438788652420044,0.0197906643152237,0.0000000000000000,0.8191519975662231,-0.5735766291618347,0.6861077547073364,-0.4197986423969269,0.5205880403518677,0.7434764504432678,3.4534904956817627,0.0000000000000000,0.0000000000000000,0.0000000000000000,1.0000000000000000
M 0.8815095424652100,0.2708234786987305,0.3867758214473724,0.1799438744783401,0.0000000000000000,0.8191519975662231,-0.5735766291618347,0.6861077547073364,-0.4721661508083344,0.5056132674217224,0.7220902442932129,4.0806055068969727,0.0000000000000000,0.0000000000000000,0.0000000000000000,1.0000000000000000
M 0.8513551950454712,0.3008924126625061,0.4297187030315399,0.3837200403213501,0.0000000000000000,0.8191519975662231,-0.5735766291618347,0.6861077547073364,-0.5245897173881531,0.4883174002170563,0.6973892450332642,4.7177639007568359,0.0000000000000000,0.0000000000000000,0.0000000000000000,1.0000000000000000
M 0.8171448707580566,0.3306280970573425,0.4721857011318207,0.6327069997787476,0.0000000000000000,0.8191519975662231,-0.5735766291618347,0.6861077547073364,-0.5764323472976685,0.4686951637268066,0.6693658232688904,5.3581013679504395,0.0000000000000000,0.0000000000000000,0.0000000000000000,1.0000000000000000
M 0.7789618968963623,0.3596734106540680,0.5136666893959045,0.9274553656578064,0.0000000000000000,0.8191519975662231,-0.5735766291618347,0.6861077547073364,-0.6270712614059448,0.4467943310737610,0.6380881667137146,5.9946894645690918,0.0000000000000000,0.0000000000000000,0.0000000000000000,1.0000000000000000
M 0.7369824647903442,0.3876872062683105,0.5536745190620422,1.2674465179443359,0.0000000000000000,0.8191519975662231,-0.5735766291618347,0.6861077547073364,-0.6759118437767029,0.4227159023284912,0.6037006378173828,6.6206865310668945,0.0000000000000000,0.0000000000000000,0.0000000000000000,1.0000000000000000
M 0.6914736628532410,0.4143526554107666,0.5917567014694214,1.6510815620422363,0.0000000000000000,0.8191519975662231,-0.5735766291618347,0.6861077547073364,-0.7224016189575195,0.3966131210327148,0.5664219856262207,7.2294974327087402,0.0000000000000000,0.0000000000000000,0.0000000000000000,1.0000000000000000
M 0.6427876353263855,0.4393851757049561,0.6275067925453186,2.0757117271423340,0.0000000000000000,0.8191519975662231,-0.5735766291618347,0.6861077547073364,-0.7660444378852844,0.3686879575252533,0.5265407562255859,7.8149361610412598,0.0000000000000000,0.0000000000000000,0.0000000000000000,1.0000000000000000
M 0.5913537144660950,0.4625391960144043,0.6605741977691650,2.5376906394958496,0.0000000000000000,0.8191519975662231,-0.5735766291618347,0.6861077547073364,-0.8064122796058655,0.3391866385936737,0.4844085574150085,8.3713731765747070,0.0000000000000000,0.0000000000000000,0.0000000000000000,1.0000000000000000
M 0.5376676321029663,0.4836150407791138,0.6906735897064209,3.0324709415435791,0.0000000000000000,0.8191519975662231,-0.5735766291618347,0.6861077547073364,-0.8431568741798401,0.3083935976028442,0.4404315054416656,8.8938846588134766,0.0000000000000000,0.0000000000000000,0.0000000000000000,1.0000000000000000
M 0.4822793900966644,0.5024631023406982,0.7175914049148560,3.5547165870666504,0.0000000000000000,0.8191519975662231,-0.5735766291618347,0.6861077547073364,-0.8760174512863159,0.2766241729259491,0.3950601220130920,9.3783740997314453,0.0000000000000000,0.0000000000000000,0.0000000000000000,1.0000000000000000
M 0.4257793128490448,0.5189876556396484,0.7411908507347107,4.0984301567077637,0.0000000000000000,0.8191519975662231,-0.5735766291618347,0.6861077547073364,-0.9048270583152771,0.2442170381546021,0.3487779498100281,9.8216524124145508,0.0000000000000000,0.0000000000000000,0.0000000000000000,1.0000000000000000
M 0.3687837123870850,0.5331482291221619,0.7614142298698425,4.6571149826049805,0.0000000000000000,0.8191519975662231,-0.5735766291618347,0.6861077547073364,-0.9295152425765991,0.2115257084369659,0.3020898997783661,10.2215242385864258,0.0000000000000000,0.0000000000000000,0.0000000000000000,1.0000000000000000
M 0.3119206428527832,0.5449598431587219,0.7782829403877258,5.2239184379577637,0.0000000000000000,0.8191519975662231,-0.5735766291618347,0.6861077547073364,-0.9501081705093384,0.1789103746414185,0.2555104196071625,10.5768079757690430,0.0000000000000000,0.0000000000000000,0.0000000000000000,1.0000000000000000
M 0.2558147907257080,0.5544913411140442,0.7918953895568848,5.7918057441711426,0.0000000000000000,0.8191519975662231,-0.5735766291618347,0.6861077547073364,-0.9667258262634277,0.1467293798923492,0.2095512002706528,10.8873414993286133,0.0000000000000000,0.0000000000000000,0.0000000000000000,1.0000000000000000
M 0.2010780572891235,0.5618614554405212,0.8024209737777710,6.3536772727966309,0.0000000000000000,0.8191519975662231,-0.5735766291618347,0.6861077547073364,-0.9795752167701721,0.1153336614370346,0.1647134870290756,11.1539382934570312,0.0000000000000000,0.0000000000000000,0.0000000000000000,1.0000000000000000
M 0.1482950896024704,0.5672346949577332,0.8100947737693787,6.9025440216064453,0.0000000000000000,0.8191519975662231,-0.5735766291618347,0.6861077547073364,-0.9889431595802307,0.0850585922598839,0.1214762181043625,11.3783349990844727,0.0000000000000000,0.0000000000000000,0.0000000000000000,1.0000000000000000
M 0.0980170145630836,0.5708146691322327,0.8152075409889221,7.4316186904907227,0.0000000000000000,0.8191519975662231,-0.5735766291618347,0.6861077547073364,-0.9951847195625305,0.0562202632427216,0.0802908316254616,11.5630865097045898,0.0000000000000000,0.0000000000000000,0.0000000000000000,1.0000000000000000
M 0.0507562868297100,0.5728372931480408,0.8180961608886719,7.9344015121459961,0.0000000000000000,0.8191519975662231,-0.5735766291618347,0.6861077547073364,-0.9987110495567322,0.0291126165539026,0.0415771119296551,11.7114400863647461,0.0000000000000000,0.0000000000000000,0.0000000000000000,1.0000000000000000
M 0.0069811530411243,0.5735626220703125,0.8191320300102234,8.4047698974609375,0.0000000000000000,0.8191519975662231,-0.5735766291618347,0.6861077547073364,-0.9999756217002869,0.0040042260661721,0.0057186251506209,11.8272104263305664,0.0000000000000000,0.0000000000000000,0.0000000000000000,1.0000000000000000
M -0.0328826457262039,0.5732664465904236,0.8187090158462524,8.8370027542114258,0.0000000000000000,0.8191519975662231,-0.5735766291618347,0.6861077547073364,-0.9994592070579529,-0.0188607163727283,-0.0269358847290277,11.9146013259887695,0.0000000000000000,0.0000000000000000,0.0000000000000000,1.0000000000000000
M -0.0684506893157959,0.5722312927246094,0.8172307014465332,9.2257909774780273,0.0000000000000000,0.8191519975662231,-0.5735766291618347,0.6861077547073364,-0.9976544976234436,-0.0392617173492908,-0.0560715198516846,11.9780426025390625,0.0000000000000000,0.0000000000000000,0.0000000000000000,1.0000000000000000
M -0.0993739664554596,0.5707374811172485,0.8150973320007324,9.5662240982055664,0.0000000000000000,0.8191519975662231,-0.5735766291618347,0.6861077547073364,-0.9950501322746277,-0.0569985806941986,-0.0814023762941360,12.0220060348510742,0.0000000000000000,0.0000000000000000,0.0000000000000000,1.0000000000000000
M -0.1253334432840347,0.5690537691116333,0.8126927018165588,9.8537559509277344,0.0000000000000000,0.8191519975662231,-0.5735766291618347,0.6861077547073364,-0.9921146631240845,-0.0718883350491524,-0.1026671379804611,12.0508108139038086,0.0000000000000000,0.0000000000000000,0.0000000000000000,1.0000000000000000
M -0.1460289210081100,0.5674281120300293,0.8103709816932678,10.0841369628906250,0.0000000000000000,0.8191519975662231,-0.5735766291618347,0.6861077547073364,-0.9892803430557251,-0.0837587714195251,-0.1196198761463165,12.0684328079223633,0.0000000000000000,0.0000000000000000,0.0000000000000000,1.0000000000000000
M -0.1611731499433517,0.5660777688026428,0.8084425330162048,10.2533750534057617,0.0000000000000000,0.8191519975662231,-0.5735766291618347,0.6861077547073364,-0.9869261384010315,-0.0924451500177383,-0.1320253014564514,12.0782995223999023,0.0000000000000000,0.0000000000000000,0.0000000000000000,1.0000000000000000
M -0.1704781204462051,0.5651803016662598,0.8071607947349548,10.3576345443725586,0.0000000000000000,0.8191519975662231,-0.5735766291618347,0.6861077547073364,-0.9853614568710327,-0.0977822616696358,-0.1396474838256836,12.0830831527709961,0.0000000000000000,0.0000000000000000,0.0000000000000000,1.0000000000000000
M -0.1736481934785843,0.5648626685142517,0.8067072033882141,10.3932008743286133,0.0000000000000000,0.8191519975662231,-0.5735766291618347,0.6861077547073364,-0.9848077297210693,-0.0996005386114120,-0.1422442644834518,12.0844898223876953,0.0000000000000000,0.0000000000000000,0.0000000000000000,1.0000000000000000
M -0.1736482083797455,0.5612845420837402,0.8092008829116821,10.4007205963134766,-0.0000000422343227,0.8216841220855713,-0.5699432492256165,0.6784256100654602,-0.9848077297210693,-0.0989696532487869,-0.1426839381456375,12.0831642150878906,0.0000000000000000,0.0000000000000000,0.0000000000000000,1.0000000000000000
M -0.1736482381820679,0.5509824752807617,0.8162503838539124,10.4224262237548828,-0.0000001631118351,0.8288424015045166,-0.5594822764396667,0.6566256284713745,-0.9848077297210693,-0.0971532464027405,-0.1439269334077835,12.0793371200561523,0.0000000000000000,0.0000000000000000,0.0000000000000000,1.0000000000000000
M -0.1736482977867126,0.5345437526702881,0.8271089196205139,10.4572315216064453,-0.0000003538944497,0.8398684263229370,-0.5427900552749634,0.6227931976318359,-0.9848077297210693,-0.0942548587918282,-0.1458415389060974,12.0732002258300781,0.0000000000000000,0.0000000000000000,0.0000000000000000,1.0000000000000000
M -0.1736483722925186,0.5125072002410889,0.8409414887428284,10.5042057037353516,-0.0000006058439226,0.8539143800735474,-0.5204135775566101,0.5792081952095032,-0.9848076701164246,-0.0903694778680801,-0.1482805460691452,12.0649175643920898,0.0000000000000000,0.0000000000000000,0.0000000000000000,1.0000000000000000
M -0.1736484766006470,0.4854098558425903,0.8568684458732605,10.5624418258666992,-0.0000009102220702,0.8700869679450989,-0.4928982555866241,0.5282580852508545,-0.9848076701164246,-0.0855918154120445,-0.1510888338088989,12.0546503067016602,0.0000000000000000,0.0000000000000000,0.0000000000000000,1.0000000000000000
M -0.1736485809087753,0.4538183510303497,0.8740109205245972,10.6309604644775391,-0.0000012582910358,0.8874939084053040,-0.4608194828033447,0.4723418951034546,-0.9848076701164246,-0.0800217613577843,-0.1541114896535873,12.0425691604614258,0.0000000000000000,0.0000000000000000,0.0000000000000000,1.0000000000000000
M -0.1736487001180649,0.4183577597141266,0.8915284276008606,10.7086238861083984,-0.0000016413123376,0.9052816629409790,-0.4248119294643402,0.4137907624244690,-0.9848076701164246,-0.0737695097923279,-0.1572003066539764,12.0288763046264648,0.0000000000000000,0.0000000000000000,0.0000000000000000,1.0000000000000000
M -0.1736488193273544,0.3797259330749512,0.9086552262306213,10.7940902709960938,-0.0000020505481189,0.9226726293563843,-0.3855842053890228,0.3547859489917755,-0.9848076105117798,-0.0669581070542336,-0.1602202504873276,12.0138063430786133,0.0000000000000000,0.0000000000000000,0.0000000000000000,1.0000000000000000
M -0.1736489534378052,0.3387006223201752,0.9247312545776367,10.8857755661010742,-0.0000024772600682,0.9389967322349548,-0.3439261019229889,0.2972852885723114,-0.9848076105117798,-0.0597246997058392,-0.1630549728870392,11.9976415634155273,0.0000000000000000,0.0000000000000000,0.0000000000000000,1.0000000000000000
M -0.1736490875482559,0.2961369454860687,0.9392278194427490,10.9818534851074219,-0.0000029127099879,0.9537169337272644,-0.3007058799266815,0.2429603636264801,-0.9848075509071350,-0.0522200427949429,-0.1656112074851990,11.9807004928588867,0.0000000000000000,0.0000000000000000,0.0000000000000000,1.0000000000000000
M -0.1736492216587067,0.2529560327529907,0.9517664313316345,11.0802736282348633,-0.0000033481601349,0.9664489626884460,-0.2568589150905609,0.1931455731391907,-0.9848075509071350,-0.0446065366268158,-0.1678222566843033,11.9633483886718750,0.0000000000000000,0.0000000000000000,0.0000000000000000,1.0000000000000000
M -0.1736493557691574,0.2101293206214905,0.9621286988258362,11.1787929534912109,-0.0000037748720843,0.9769711494445801,-0.2133716046810150,0.1488052457571030,-0.9848075509071350,-0.0370554737746716,-0.1696496009826660,11.9459781646728516,0.0000000000000000,0.0000000000000000,0.0000000000000000,1.0000000000000000
M -0.1736494749784470,0.1686604470014572,0.9702574014663696,11.2750225067138672,-0.0000041841076381,0.9852253198623657,-0.1712630838155746,0.1105253547430038,-0.9848074913024902,-0.0297438055276871,-0.1710831671953201,11.9290113449096680,0.0000000000000000,0.0000000000000000,0.0000000000000000,1.0000000000000000
M -0.1736495941877365,0.1295649558305740,0.9762473106384277,11.3664770126342773,-0.0000045671290536,0.9913076162338257,-0.1315645426511765,0.0785256996750832,-0.9848074913024902,-0.0228505898267031,-0.1721395850181580,11.9128866195678711,0.0000000000000000,0.0000000000000000,0.0000000000000000,1.0000000000000000
M -0.1736496984958649,0.0938542261719704,0.9803249835968018,11.4506225585937500,-0.0000049151981329,0.9954482913017273,-0.0953029617667198,0.0527013912796974,-0.9848074913024902,-0.0165541488677263,-0.1728588342666626,11.8980503082275391,0.0000000000000000,0.0000000000000000,0.0000000000000000,1.0000000000000000
M -0.1736498028039932,0.0625220835208893,0.9828207492828369,11.5249252319335938,-0.0000052195764511,0.9979826211929321,-0.0634875223040581,0.0326870530843735,-0.9848074316978455,-0.0110297258943319,-0.1732991635799408,11.8849496841430664,0.0000000000000000,0.0000000000000000,0.0000000000000000,1.0000000000000000
M -0.1736498773097992,0.0365371145308018,0.9841294288635254,11.5868797302246094,-0.0000054715255828,0.9993115067481995,-0.0371017344295979,0.0179484765976667,-0.9848074316978455,-0.0064480961300433,-0.1735301166772842,11.8740253448486328,0.0000000000000000,0.0000000000000000,0.0000000000000000,1.0000000000000000
M -0.1736499369144440,0.0168427657335997,0.9846633672714233,11.6340360641479492,-0.0000056623084674,0.9998537302017212,-0.0171035975217819,0.0078964252024889,-0.9848074316978455,-0.0029756142757833,-0.1736244261264801,11.8657112121582031,0.0000000000000000,0.0000000000000000,0.0000000000000000,1.0000000000000000
M -0.1736499667167664,0.0043607191182673,0.9847977757453918,11.6640129089355469,-0.0000057831848608,0.9999901652336121,-0.0044290120713413,0.0020242575556040,-0.9848074316978455,-0.0007747930358164,-0.1736482381820679,11.8604259490966797,0.0000000000000000,0.0000000000000000,0.0000000000000000,1.0000000000000000
M -0.1736499816179276,-0.0000008511386227,0.9848074316978455,11.6745033264160156,-0.0000058254199757,1.0000000000000000,-0.0000001629206849,0.0000634748794255,-0.9848074316978455,-0.0000057652077885,-0.1736499816179276,11.8585767745971680,0.0000000000000000,0.0000000000000000,0.0000000000000000,1.0000000000000000
O WIDGET_3_TOGGLE_INTERIOR_LCG_IL_CG_DoorTambur_mvp_amendorf
A WIDGET_3_INTERIOR_LCG_IL_CG_DoorTambur_mvp_amendorf_WIDGET_3_INTERIOR_LCG_IL_CG_DoorTambur_mvp_amendorf
M 1.0000000000000000,0.0000000000000000,0.0000000000000000,0.0000000000000000,0.0000000000000000,1.0000000000000000,-0.0000000437113883,-0.0000000704057044,-0.0000000000000000,0.0000000437113883,1.0000000000000000,-0.0000000496738437,0.0000000000000000,0.0000000000000000,0.0000000000000000,1.0000000000000000
M 1.0000000000000000,0.0000000000000000,0.0000000000000000,0.0000000000000000,0.0000000000000000,1.0000000000000000,-0.0000000437113883,-0.0000000704057044,-0.0000000000000000,0.0000000437113883,1.0000000000000000,-0.0000000496738437,0.0000000000000000,0.0000000000000000,0.0000000000000000,1.0000000000000000
M 1.0000000000000000,0.0000000000000000,0.0000000000000000,0.0000000000000000,0.0000000000000000,1.0000000000000000,-0.0000000437113883,-0.0000000704057044,-0.0000000000000000,0.0000000437113883,1.0000000000000000,-0.0000000496738437,0.0000000000000000,0.0000000000000000,0.0000000000000000,1.0000000000000000
M 1.0000000000000000,0.0000000000000000,0.0000000000000000,0.0000000000000000,0.0000000000000000,1.0000000000000000,-0.0000000437113883,-0.0000000704057044,-0.0000000000000000,0.0000000437113883,1.0000000000000000,-0.0000000496738437,0.0000000000000000,0.0000000000000000,0.0000000000000000,1.0000000000000000
M 1.0000000000000000,0.0000000000000000,0.0000000000000000,0.0000000000000000,0.0000000000000000,1.0000000000000000,-0.0000000437113883,-0.0000000704057044,-0.0000000000000000,0.0000000437113883,1.0000000000000000,-0.0000000496738437,0.0000000000000000,0.0000000000000000,0.0000000000000000,1.0000000000000000
M 1.0000000000000000,0.0000000000000000,0.0000000000000000,0.0000000000000000,0.0000000000000000,1.0000000000000000,-0.0000000437113883,-0.0000000704057044,-0.0000000000000000,0.0000000437113883,1.0000000000000000,-0.0000000496738437,0.0000000000000000,0.0000000000000000,0.0000000000000000,1.0000000000000000
M 1.0000000000000000,0.0000000000000000,0.0000000000000000,0.0000000000000000,0.0000000000000000,1.0000000000000000,-0.0000000437113883,-0.0000000704057044,-0.0000000000000000,0.0000000437113883,1.0000000000000000,-0.0000000496738437,0.0000000000000000,0.0000000000000000,0.0000000000000000,1.0000000000000000
M 1.0000000000000000,0.0000000000000000,0.0000000000000000,0.0000000000000000,0.0000000000000000,1.0000000000000000,-0.0000000437113883,-0.0000000704057044,-0.0000000000000000,0.0000000437113883,1.0000000000000000,-0.0000000496738437,0.0000000000000000,0.0000000000000000,0.0000000000000000,1.0000000000000000
M 1.0000000000000000,0.0000000000000000,0.0000000000000000,0.0000000000000000,0.0000000000000000,1.0000000000000000,-0.0000000437113883,-0.0000000704057044,-0.0000000000000000,0.0000000437113883,1.0000000000000000,-0.0000000496738437,0.0000000000000000,0.0000000000000000,0.0000000000000000,1.0000000000000000
M 1.0000000000000000,0.0000000000000000,0.0000000000000000,0.0000000000000000,0.0000000000000000,1.0000000000000000,-0.0000000437113883,-0.0000000704057044,-0.0000000000000000,0.0000000437113883,1.0000000000000000,-0.0000000496738437,0.0000000000000000,0.0000000000000000,0.0000000000000000,1.0000000000000000
M 1.0000000000000000,0.0000000000000000,0.0000000000000000,0.0000000000000000,0.0000000000000000,1.0000000000000000,-0.0000000437113883,-0.0000000704057044,-0.0000000000000000,0.0000000437113883,1.0000000000000000,-0.0000000496738437,0.0000000000000000,0.0000000000000000,0.0000000000000000,1.0000000000000000
M 1.0000000000000000,0.0000000000000000,0.0000000000000000,0.0000000000000000,0.0000000000000000,1.0000000000000000,-0.0000000437113883,-0.0000000704057044,-0.0000000000000000,0.0000000437113883,1.0000000000000000,-0.0000000496738437,0.0000000000000000,0.0000000000000000,0.0000000000000000,1.0000000000000000
M 1.0000000000000000,0.0000000000000000,0.0000000000000000,0.0000000000000000,0.0000000000000000,1.0000000000000000,-0.0000000437113883,-0.0000000704057044,-0.0000000000000000,0.0000000437113883,1.0000000000000000,-0.0000000496738437,0.0000000000000000,0.0000000000000000,0.0000000000000000,1.0000000000000000
M 1.0000000000000000,0.0000000000000000,0.0000000000000000,0.0000000000000000,0.0000000000000000,1.0000000000000000,-0.0000000437113883,-0.0000000704057044,-0.0000000000000000,0.0000000437113883,1.0000000000000000,-0.0000000496738437,0.0000000000000000,0.0000000000000000,0.0000000000000000,1.0000000000000000
M 1.0000000000000000,0.0000000000000000,0.0000000000000000,0.0000000000000000,0.0000000000000000,1.0000000000000000,-0.0000000437113883,-0.0000000704057044,-0.0000000000000000,0.0000000437113883,1.0000000000000000,-0.0000000496738437,0.0000000000000000,0.0000000000000000,0.0000000000000000,1.0000000000000000
M 1.0000000000000000,0.0000000000000000,0.0000000000000000,0.0000000000000000,0.0000000000000000,1.0000000000000000,-0.0000000437113883,-0.0000000704057044,-0.0000000000000000,0.0000000437113883,1.0000000000000000,-0.0000000496738437,0.0000000000000000,0.0000000000000000,0.0000000000000000,1.0000000000000000
M 1.0000000000000000,0.0000000000000000,0.0000000000000000,0.0000000000000000,0.0000000000000000,1.0000000000000000,-0.0000000437113883,-0.0000000704057044,-0.0000000000000000,0.0000000437113883,1.0000000000000000,-0.0000000496738437,0.0000000000000000,0.0000000000000000,0.0000000000000000,1.0000000000000000
M 1.0000000000000000,0.0000000000000000,0.0000000000000000,0.0000000000000000,0.0000000000000000,1.0000000000000000,-0.0000000437113883,-0.0000000704057044,-0.0000000000000000,0.0000000437113883,1.0000000000000000,-0.0000000496738437,0.0000000000000000,0.0000000000000000,0.0000000000000000,1.0000000000000000
M 1.0000000000000000,0.0000000000000000,0.0000000000000000,0.0000000000000000,0.0000000000000000,1.0000000000000000,-0.0000000437113883,-0.0000000704057044,-0.0000000000000000,0.0000000437113883,1.0000000000000000,-0.0000000496738437,0.0000000000000000,0.0000000000000000,0.0000000000000000,1.0000000000000000
M 1.0000000000000000,0.0000000000000000,0.0000000000000000,0.0000000000000000,0.0000000000000000,1.0000000000000000,-0.0000000437113883,-0.0000000704057044,-0.0000000000000000,0.0000000437113883,1.0000000000000000,-0.0000000496738437,0.0000000000000000,0.0000000000000000,0.0000000000000000,1.0000000000000000
M 1.0000000000000000,0.0000000000000000,0.0000000000000000,0.0000000000000000,0.0000000000000000,1.0000000000000000,-0.0000000437113883,-0.0000000704057044,-0.0000000000000000,0.0000000437113883,1.0000000000000000,-0.0000000496738437,0.0000000000000000,0.0000000000000000,0.0000000000000000,1.0000000000000000
M 0.9999948143959045,0.0000000001406608,0.0032179458066821,-0.0032622592989355,0.0000000000000000,1.0000000000000000,-0.0000000437113883,-0.0000000704057044,-0.0032179458066821,0.0000000437111467,0.9999948143959045,0.0347993560135365,0.0000000000000000,0.0000000000000000,0.0000000000000000,1.0000000000000000
M 0.9999199509620667,0.0000000005530933,0.0126533014699817,-0.0121828569099307,0.0000000000000000,1.0000000000000000,-0.0000000437113883,-0.0000000704057044,-0.0126533014699817,0.0000000437078889,0.9999199509620667,0.1368962675333023,0.0000000000000000,0.0000000000000000,0.0000000000000000,1.0000000000000000
M 0.9996085762977600,0.0000000012228768,0.0279761590063572,-0.0246181748807430,0.0000000000000000,1.0000000000000000,-0.0000000437113883,-0.0000000704057044,-0.0279761590063572,0.0000000436942642,0.9996085762977600,0.3028958141803741,0.0000000000000000,0.0000000000000000,0.0000000000000000,1.0000000000000000
M 0.9988061189651489,0.0000000021352915,0.0488497763872147,-0.0374676883220673,0.0000000000000000,1.0000000000000000,-0.0000000437113883,-0.0000000704057044,-0.0488497763872147,0.0000000436592025,0.9988061189651489,0.5294193625450134,0.0000000000000000,0.0000000000000000,0.0000000000000000,1.0000000000000000
M 0.9971892237663269,0.0000000032750485,0.0749243572354317,-0.0468745008111000,0.0000000000000000,1.0000000000000000,-0.0000000437113883,-0.0000000704057044,-0.0749243572354317,0.0000000435885106,0.9971892237663269,0.8130181431770325,0.0000000000000000,0.0000000000000000,0.0000000000000000,1.0000000000000000
M 0.9943842291831970,0.0000000046259836,0.1058302074670792,-0.0484175980091095,0.0000000000000000,1.0000000000000000,-0.0000000437113883,-0.0000000704057044,-0.1058302074670792,0.0000000434658993,0.9943842291831970,1.1500804424285889,0.0000000000000000,0.0000000000000000,0.0000000000000000,1.0000000000000000
M 0.9899851679801941,0.0000000061707888,0.1411712318658829,-0.0372987352311611,0.0000000000000000,1.0000000000000000,-0.0000000437113883,-0.0000000704057044,-0.1411712318658829,0.0000000432736265,0.9899851679801941,1.5367417335510254,0.0000000000000000,0.0000000000000000,0.0000000000000000,1.0000000000000000
M 0.9835714697837830,0.0000000078907423,0.1805191487073898,-0.0085281720384955,0.0000000000000000,1.0000000000000000,-0.0000000437113883,-0.0000000704057044,-0.1805191487073898,0.0000000429932605,0.9835714697837830,1.9688053131103516,0.0000000000000000,0.0000000000000000,0.0000000000000000,1.0000000000000000
M 0.9747246503829956,0.0000000097655448,0.2234096229076385,0.0428971648216248,0.0000000000000000,1.0000000000000000,-0.0000000437113883,-0.0000000704057044,-0.2234096229076385,0.0000000426065689,0.9747246503829956,2.4416818618774414,0.0000000000000000,0.0000000000000000,0.0000000000000000,1.0000000000000000
M 0.9630451202392578,0.0000000117732251,0.2693400681018829,0.1218157187104225,0.0000000000000000,1.0000000000000000,-0.0000000437113883,-0.0000000704057044,-0.2693400681018829,0.0000000420960404,0.9630451202392578,2.9503493309020996,0.0000000000000000,0.0000000000000000,0.0000000000000000,1.0000000000000000
M 0.9481678009033203,0.0000000138901699,0.3177701234817505,0.2327329367399216,0.0000000000000000,1.0000000000000000,-0.0000000437113883,-0.0000000704057044,-0.3177701234817505,0.0000000414457162,0.9481678009033203,3.4893417358398438,0.0000000000000000,0.0000000000000000,0.0000000000000000,1.0000000000000000
M 0.9297764897346497,0.0000000160912350,0.3681245446205139,0.3796609938144684,0.0000000000000000,1.0000000000000000,-0.0000000437113883,-0.0000000704057044,-0.3681245446205139,0.0000000406418081,0.9297764897346497,4.0527648925781250,0.0000000000000000,0.0000000000000000,0.0000000000000000,1.0000000000000000
M 0.9076172709465027,0.0000000183499811,0.4197986423969269,0.5659681558609009,0.0000000000000000,1.0000000000000000,-0.0000000437113883,-0.0000000704057044,-0.4197986423969269,0.0000000396732105,0.9076172709465027,4.6343431472778320,0.0000000000000000,0.0000000000000000,0.0000000000000000,1.0000000000000000
M 0.8815095424652100,0.0000000206390371,0.4721661508083344,0.7942543029785156,0.0000000000000000,1.0000000000000000,-0.0000000437113883,-0.0000000704057044,-0.4721661508083344,0.0000000385320043,0.8815095424652100,5.2274904251098633,0.0000000000000000,0.0000000000000000,0.0000000000000000,1.0000000000000000
M 0.8513551950454712,0.0000000229305375,0.5245897173881531,1.0662353038787842,0.0000000000000000,1.0000000000000000,-0.0000000437113883,-0.0000000704057044,-0.5245897173881531,0.0000000372139191,0.8513551950454712,5.8254170417785645,0.0000000000000000,0.0000000000000000,0.0000000000000000,1.0000000000000000
M 0.8171448707580566,0.0000000251966519,0.5764323472976685,1.3826720714569092,0.0000000000000000,1.0000000000000000,-0.0000000437113883,-0.0000000704057044,-0.5764323472976685,0.0000000357185357,0.8171448707580566,6.4212450981140137,0.0000000000000000,0.0000000000000000,0.0000000000000000,1.0000000000000000
M 0.7789618968963623,0.0000000274101559,0.6270712614059448,1.7433035373687744,0.0000000000000000,1.0000000000000000,-0.0000000437113883,-0.0000000704057044,-0.6270712614059448,0.0000000340495063,0.7789618968963623,7.0081548690795898,0.0000000000000000,0.0000000000000000,0.0000000000000000,1.0000000000000000
M 0.7369824647903442,0.0000000295450455,0.6759118437767029,2.1468391418457031,0.0000000000000000,1.0000000000000000,-0.0000000437113883,-0.0000000704057044,-0.6759118437767029,0.0000000322145262,0.7369824647903442,7.5795350074768066,0.0000000000000000,0.0000000000000000,0.0000000000000000,1.0000000000000000
M 0.6914736628532410,0.0000000315771764,0.7224016189575195,2.5909597873687744,0.0000000000000000,1.0000000000000000,-0.0000000437113883,-0.0000000704057044,-0.7224016189575195,0.0000000302252730,0.6914736628532410,8.1291370391845703,0.0000000000000000,0.0000000000000000,0.0000000000000000,1.0000000000000000
M 0.6427876353263855,0.0000000334848664,0.7660444378852844,3.0723705291748047,0.0000000000000000,1.0000000000000000,-0.0000000437113883,-0.0000000704057044,-0.7660444378852844,0.0000000280971264,0.6427876353263855,8.6512327194213867,0.0000000000000000,0.0000000000000000,0.0000000000000000,1.0000000000000000
M 0.5913537144660950,0.0000000352493998,0.8064122796058655,3.5868704319000244,0.0000000000000000,1.0000000000000000,-0.0000000437113883,-0.0000000704057044,-0.8064122796058655,0.0000000258488910,0.5913537144660950,9.1407518386840820,0.0000000000000000,0.0000000000000000,0.0000000000000000,1.0000000000000000
M 0.5376676321029663,0.0000000368555568,0.8431568741798401,4.1294579505920410,0.0000000000000000,1.0000000000000000,-0.0000000437113883,-0.0000000704057044,-0.8431568741798401,0.0000000235021922,0.5376676321029663,9.5934162139892578,0.0000000000000000,0.0000000000000000,0.0000000000000000,1.0000000000000000
M 0.4822793900966644,0.0000000382919403,0.8760174512863159,4.6944561004638672,0.0000000000000000,1.0000000000000000,-0.0000000437113883,-0.0000000704057044,-0.8760174512863159,0.0000000210811013,0.4822793900966644,10.0058412551879883,0.0000000000000000,0.0000000000000000,0.0000000000000000,1.0000000000000000
M 0.4257793128490448,0.0000000395512316,0.9048270583152771,5.2756528854370117,0.0000000000000000,1.0000000000000000,-0.0000000437113883,-0.0000000704057044,-0.9048270583152771,0.0000000186114057,0.4257793128490448,10.3756113052368164,0.0000000000000000,0.0000000000000000,0.0000000000000000,1.0000000000000000
M 0.3687837123870850,0.0000000406303862,0.9295152425765991,5.8664579391479492,0.0000000000000000,1.0000000000000000,-0.0000000437113883,-0.0000000704057044,-0.9295152425765991,0.0000000161200475,0.3687837123870850,10.7013292312622070,0.0000000000000000,0.0000000000000000,0.0000000000000000,1.0000000000000000
M 0.3119206428527832,0.0000000415305337,0.9501081705093384,6.4600529670715332,0.0000000000000000,1.0000000000000000,-0.0000000437113883,-0.0000000704057044,-0.9501081705093384,0.0000000136344811,0.3119206428527832,10.9826307296752930,0.0000000000000000,0.0000000000000000,0.0000000000000000,1.0000000000000000
