O DOOR_8_TOGGLE_EXTERNAL_CG_RBD_mvp_amendorf_baggage
A DOOR_8_EXTERNAL_CG_RBD_mvp_amendorf_baggage_DOOR_8_EXTERNAL_CG_RBD_mvp_amendorf_baggage
M 1.0000000000000000,0.0000000000000000,0.0000000000000000,0.0000000000000000,0.0000000000000000,1.0000000000000000,-0.0000000437113883,-0.0000001180945048,-0.0000000000000000,0.0000000437113883,1.0000000000000000,-0.0000000024876243,0.0000000000000000,0.0000000000000000,0.0000000000000000,1.0000000000000000
M 0.9999971985816956,-0.0000000001037342,-0.0023731610272080,-0.0037799985148013,0.0000000000000000,1.0000000000000000,-0.0000000437113883,-0.0000001180945048,0.0023731610272080,0.0000000437112675,0.9999971985816956,-0.0018584132194519,0.0000000000000000,0.0000000000000000,0.0000000000000000,1.0000000000000000
M 0.9999559521675110,-0.0000000004102688,-0.0093858558684587,-0.0149242300540209,0.0000000000000000,1.0000000000000000,-0.0000000437113883,-0.0000001180945048,0.0093858558684587,0.0000000437094627,0.9999559521675110,-0.0074027902446687,0.0000000000000000,0.0000000000000000,0.0000000000000000,1.0000000000000000
M 0.9997820258140564,-0.0000000009125622,-0.0208769869059324,-0.0331022180616856,0.0000000000000000,1.0000000000000000,-0.0000000437113883,-0.0000001180945048,0.0208769869059324,0.0000000437018599,0.9997820258140564,-0.0166572425514460,0.0000000000000000,0.0000000000000000,0.0000000000000000,1.0000000000000000
M 0.9993269443511963,-0.0000000016034417,-0.0366824716329575,-0.0579365231096745,0.0000000000000000,1.0000000000000000,-0.0000000437113883,-0.0000001180945048,0.0366824716329575,0.0000000436819683,0.9993269443511963,-0.0297303330153227,0.0000000000000000,0.0000000000000000,0.0000000000000000,1.0000000000000000
M 0.9983950853347778,-0.0000000024754758,-0.0566322840750217,-0.0890033468604088,0.0000000000000000,1.0000000000000000,-0.0000000437113883,-0.0000001180945048,0.0566322840750217,0.0000000436412364,0.9983950853347778,-0.0468010865151882,0.0000000000000000,0.0000000000000000,0.0000000000000000,1.0000000000000000
M 0.9967508316040039,-0.0000000035208152,-0.0805468633770943,-0.1258324533700943,0.0000000000000000,1.0000000000000000,-0.0000000437113883,-0.0000001180945048,0.0805468633770943,0.0000000435693615,0.9967508316040039,-0.0681044831871986,0.0000000000000000,0.0000000000000000,0.0000000000000000,1.0000000000000000
M 0.9941255450248718,-0.0000000047310191,-0.1082331016659737,-0.1679062098264694,0.0000000000000000,1.0000000000000000,-0.0000000437113883,-0.0000001180945048,0.1082331016659737,0.0000000434546159,0.9941255450248718,-0.0939180031418800,0.0000000000000000,0.0000000000000000,0.0000000000000000,1.0000000000000000
M 0.9902248382568359,-0.0000000060968821,-0.1394803822040558,-0.2146588712930679,0.0000000000000000,1.0000000000000000,-0.0000000437113883,-0.0000001180945048,0.1394803822040558,0.0000000432841034,0.9902248382568359,-0.1245462819933891,0.0000000000000000,0.0000000000000000,0.0000000000000000,1.0000000000000000
M 0.9847356677055359,-0.0000000076082465,-0.1740563809871674,-0.2654757201671600,0.0000000000000000,1.0000000000000000,-0.0000000437113883,-0.0000001180945048,0.1740563809871674,0.0000000430441638,0.9847356677055359,-0.1603066027164459,0.0000000000000000,0.0000000000000000,0.0000000000000000,1.0000000000000000
M 0.9773338437080383,-0.0000000092538706,-0.2117038816213608,-0.3196935057640076,0.0000000000000000,1.0000000000000000,-0.0000000437113883,-0.0000001180945048,0.2117038816213608,0.0000000427206182,0.9773338437080383,-0.2015148103237152,0.0000000000000000,0.0000000000000000,0.0000000000000000,1.0000000000000000
M 0.9676914811134338,-0.0000000110212746,-0.2521373629570007,-0.3766010403633118,0.0000000000000000,1.0000000000000000,-0.0000000437113883,-0.0000001180945048,0.2521373629570007,0.0000000422991455,0.9676914811134338,-0.2484703063964844,0.0000000000000000,0.0000000000000000,0.0000000000000000,1.0000000000000000
M 0.9554845690727234,-0.0000000128966535,-0.2950410842895508,-0.4354419410228729,0.0000000000000000,1.0000000000000000,-0.0000000437113883,-0.0000001180945048,0.2950410842895508,0.0000000417655563,0.9554845690727234,-0.3014429807662964,0.0000000000000000,0.0000000000000000,0.0000000000000000,1.0000000000000000
M 0.9404011368751526,-0.0000000148648125,-0.3400672674179077,-0.4954183399677277,0.0000000000000000,1.0000000000000000,-0.0000000437113883,-0.0000001180945048,0.3400672674179077,0.0000000411062402,0.9404011368751526,-0.3606582581996918,0.0000000000000000,0.0000000000000000,0.0000000000000000,1.0000000000000000
M 0.9221484661102295,-0.0000000169091461,-0.3868361413478851,-0.5556961894035339,0.0000000000000000,1.0000000000000000,-0.0000000437113883,-0.0000001180945048,0.3868361413478851,0.0000000403083895,0.9221484661102295,-0.4262858331203461,0.0000000000000000,0.0000000000000000,0.0000000000000000,1.0000000000000000
M 0.9004611372947693,-0.0000000190116758,-0.4349364340305328,-0.6154126524925232,0.0000000000000000,1.0000000000000000,-0.0000000437113883,-0.0000001180945048,0.4349364340305328,0.0000000393604047,0.9004611372947693,-0.4984275698661804,0.0000000000000000,0.0000000000000000,0.0000000000000000,1.0000000000000000
M 0.8751081228256226,-0.0000000211531415,-0.4839274585247040,-0.6736848950386047,0.0000000000000000,1.0000000000000000,-0.0000000437113883,-0.0000001180945048,0.4839274585247040,0.0000000382521996,0.8751081228256226,-0.5771072506904602,0.0000000000000000,0.0000000000000000,0.0000000000000000,1.0000000000000000
M 0.8458998203277588,-0.0000000233131114,-0.5333418250083923,-0.7296199798583984,0.0000000000000000,1.0000000000000000,-0.0000000437113883,-0.0000001180945048,0.5333418250083923,0.0000000369754538,0.8458998203277588,-0.6622619628906250,0.0000000000000000,0.0000000000000000,0.0000000000000000,1.0000000000000000
M 0.8126941323280334,-0.0000000254702162,-0.5826905369758606,-0.7823275923728943,0.0000000000000000,1.0000000000000000,-0.0000000437113883,-0.0000001180945048,0.5826905369758606,0.0000000355239891,0.8126941323280334,-0.7537362575531006,0.0000000000000000,0.0000000000000000,0.0000000000000000,1.0000000000000000
M 0.7754024267196655,-0.0000000276023204,-0.6314674019813538,-0.8309316039085388,0.0000000000000000,1.0000000000000000,-0.0000000437113883,-0.0000001180945048,0.6314674019813538,0.0000000338939188,0.7754024267196655,-0.8512759208679199,0.0000000000000000,0.0000000000000000,0.0000000000000000,1.0000000000000000
M 0.7339932918548584,-0.0000000296868805,-0.6791566610336304,-0.8745856285095215,0.0000000000000000,1.0000000000000000,-0.0000000437113883,-0.0000001180945048,0.6791566610336304,0.0000000320838645,0.7339932918548584,-0.9545278549194336,0.0000000000000000,0.0000000000000000,0.0000000000000000,1.0000000000000000
M 0.6884970068931580,-0.0000000317012123,-0.7252391576766968,-0.9124857783317566,0.0000000000000000,1.0000000000000000,-0.0000000437113883,-0.0000001180945048,0.7252391576766968,0.0000000300951584,0.6884970068931580,-1.0630384683609009,0.0000000000000000,0.0000000000000000,0.0000000000000000,1.0000000000000000
M 0.6390065550804138,-0.0000000336228538,-0.7692012786865234,-0.9438863992691040,0.0000000000000000,1.0000000000000000,-0.0000000437113883,-0.0000001180945048,0.7692012786865234,0.0000000279318630,0.6390065550804138,-1.1762583255767822,0.0000000000000000,0.0000000000000000,0.0000000000000000,1.0000000000000000
M 0.5856790542602539,-0.0000000354299630,-0.8105430603027344,-0.9681130051612854,0.0000000000000000,1.0000000000000000,-0.0000000437113883,-0.0000001180945048,0.8105430603027344,0.0000000256008441,0.5856790542602539,-1.2935463190078735,0.0000000000000000,0.0000000000000000,0.0000000000000000,1.0000000000000000
M 0.5287345051765442,-0.0000000371016675,-0.8487872481346130,-0.9845771193504333,0.0000000000000000,1.0000000000000000,-0.0000000437113883,-0.0000001180945048,0.8487872481346130,0.0000000231117152,0.5287345051765442,-1.4141788482666016,0.0000000000000000,0.0000000000000000,0.0000000000000000,1.0000000000000000
M 0.4684546291828156,-0.0000000386184773,-0.8834875822067261,-0.9927875995635986,0.0000000000000000,1.0000000000000000,-0.0000000437113883,-0.0000001180945048,0.8834875822067261,0.0000000204768060,0.4684546291828156,-1.5373585224151611,0.0000000000000000,0.0000000000000000,0.0000000000000000,1.0000000000000000
M 0.4051770865917206,-0.0000000399626217,-0.9142382144927979,-0.9923614859580994,0.0000000000000000,1.0000000000000000,-0.0000000437113883,-0.0000001180945048,0.9142382144927979,0.0000000177108532,0.4051770865917206,-1.6622301340103149,0.0000000000000000,0.0000000000000000,0.0000000000000000,1.0000000000000000
M 0.3392922580242157,-0.0000000411184757,-0.9406810402870178,-0.9830328822135925,0.0000000000000000,1.0000000000000000,-0.0000000437113883,-0.0000001180945048,0.9406810402870178,0.0000000148309356,0.3392922580242157,-1.7878915071487427,0.0000000000000000,0.0000000000000000,0.0000000000000000,1.0000000000000000
M 0.2712352573871613,-0.0000000420727844,-0.9625130891799927,-0.9646589159965515,0.0000000000000000,1.0000000000000000,-0.0000000437113883,-0.0000001180945048,0.9625130891799927,0.0000000118560699,0.2712352573871613,-1.9134128093719482,0.0000000000000000,0.0000000000000000,0.0000000000000000,1.0000000000000000
M 0.2014791667461395,-0.0000000428149889,-0.9794927835464478,-0.9372241497039795,0.0000000000000000,1.0000000000000000,-0.0000000437113883,-0.0000001180945048,0.9794927835464478,0.0000000088069338,0.2014791667461395,-2.0378510951995850,0.0000000000000000,0.0000000000000000,0.0000000000000000,1.0000000000000000
M 0.1305262446403503,-0.0000000433374296,-0.9914448261260986,-0.9008415937423706,0.0000000000000000,1.0000000000000000,-0.0000000437113883,-0.0000001180945048,0.9914448261260986,0.0000000057054841,0.1305262446403503,-2.1602690219879150,0.0000000000000000,0.0000000000000000,0.0000000000000000,1.0000000000000000
M 0.0588974393904209,-0.0000000436354988,-0.9982640147209167,-0.8557505011558533,0.0000000000000000,1.0000000000000000,-0.0000000437113883,-0.0000001180945048,0.9982640147209167,0.0000000025744893,0.0588974393904209,-2.2797541618347168,0.0000000000000000,0.0000000000000000,0.0000000000000000,1.0000000000000000
M -0.0128765562549233,-0.0000000437077645,-0.9999170899391174,-0.8023126721382141,0.0000000000000000,1.0000000000000000,-0.0000000437113883,-0.0000001180945048,0.9999170899391174,-0.0000000005628523,-0.0128765562549233,-2.3954348564147949,0.0000000000000000,0.0000000000000000,0.0000000000000000,1.0000000000000000
M -0.0842647776007652,-0.0000000435559251,-0.9964433908462524,-0.7410054206848145,0.0000000000000000,1.0000000000000000,-0.0000000437113883,-0.0000001180945048,0.9964433908462524,-0.0000000036833308,-0.0842647776007652,-2.5064954757690430,0.0000000000000000,0.0000000000000000,0.0000000000000000,1.0000000000000000
M -0.1547485142946243,-0.0000000431848441,-0.9879539012908936,-0.6724109053611755,0.0000000000000000,1.0000000000000000,-0.0000000437113883,-0.0000001180945048,0.9879539012908936,-0.0000000067642714,-0.1547485142946243,-2.6121959686279297,0.0000000000000000,0.0000000000000000,0.0000000000000000,1.0000000000000000
M -0.2238289266824722,-0.0000000426023625,-0.9746284484863281,-0.5972054004669189,0.0000000000000000,1.0000000000000000,-0.0000000437113883,-0.0000001180945048,0.9746284484863281,-0.0000000097838733,-0.2238289266824722,-2.7118818759918213,0.0000000000000000,0.0000000000000000,0.0000000000000000,1.0000000000000000
M -0.2910361588001251,-0.0000000418192130,-0.9567120671272278,-0.5161466002464294,0.0000000000000000,1.0000000000000000,-0.0000000437113883,-0.0000001180945048,0.9567120671272278,-0.0000000127215944,-0.2910361588001251,-2.8049957752227783,0.0000000000000000,0.0000000000000000,0.0000000000000000,1.0000000000000000
M -0.3559384644031525,-0.0000000408487040,-0.9345093965530396,-0.4300572574138641,0.0000000000000000,1.0000000000000000,-0.0000000437113883,-0.0000001180945048,0.9345093965530396,-0.0000000155585642,-0.3559384644031525,-2.8910877704620361,0.0000000000000000,0.0000000000000000,0.0000000000000000,1.0000000000000000
M -0.4181487858295441,-0.0000000397064888,-0.9083785414695740,-0.3398103713989258,0.0000000000000000,1.0000000000000000,-0.0000000437113883,-0.0000001180945048,0.9083785414695740,-0.0000000182778681,-0.4181487858295441,-2.9698207378387451,0.0000000000000000,0.0000000000000000,0.0000000000000000,1.0000000000000000
M -0.4773311614990234,-0.0000000384102314,-0.8787235021591187,-0.2463125288486481,0.0000000000000000,1.0000000000000000,-0.0000000437113883,-0.0000001180945048,0.8787235021591187,-0.0000000208648085,-0.4773311614990234,-3.0409743785858154,0.0000000000000000,0.0000000000000000,0.0000000000000000,1.0000000000000000
M -0.5332043766975403,-0.0000000369792339,-0.8459864258766174,-0.1504879742860794,0.0000000000000000,1.0000000000000000,-0.0000000437113883,-0.0000001180945048,0.8459864258766174,-0.0000000233071038,-0.5332043766975403,-3.1044464111328125,0.0000000000000000,0.0000000000000000,0.0000000000000000,1.0000000000000000
M -0.5855454802513123,-0.0000000354341800,-0.8106395602226257,-0.0532634072005749,0.0000000000000000,1.0000000000000000,-0.0000000437113883,-0.0000001180945048,0.8106395602226257,-0.0000000255950052,-0.5855454802513123,-3.1602504253387451,0.0000000000000000,0.0000000000000000,0.0000000000000000,1.0000000000000000
M -0.6341906785964966,-0.0000000337966277,-0.7731766700744629,0.0444460771977901,0.0000000000000000,1.0000000000000000,-0.0000000437113883,-0.0000001180945048,0.7731766700744629,-0.0000000277213559,-0.6341906785964966,-3.2085108757019043,0.0000000000000000,0.0000000000000000,0.0000000000000000,1.0000000000000000
M -0.6790373921394348,-0.0000000320886926,-0.7341036796569824,0.1417542695999146,0.0000000000000000,1.0000000000000000,-0.0000000437113883,-0.0000001180945048,0.7341036796569824,-0.0000000296816669,-0.6790373921394348,-3.2494597434997559,0.0000000000000000,0.0000000000000000,0.0000000000000000,1.0000000000000000
M -0.7200397849082947,-0.0000000303327639,-0.6939327716827393,0.2378088384866714,0.0000000000000000,1.0000000000000000,-0.0000000437113883,-0.0000001180945048,0.6939327716827393,-0.0000000314739417,-0.7200397849082947,-3.2834236621856689,0.0000000000000000,0.0000000000000000,0.0000000000000000,1.0000000000000000
M -0.7572088241577148,-0.0000000285510922,-0.6531728506088257,0.3318073451519012,0.0000000000000000,1.0000000000000000,-0.0000000437113883,-0.0000001180945048,0.6531728506088257,-0.0000000330986509,-0.7572088241577148,-3.3108186721801758,0.0000000000000000,0.0000000000000000,0.0000000000000000,1.0000000000000000
M -0.7906062006950378,-0.0000000267655675,-0.6123248934745789,0.4229997098445892,0.0000000000000000,1.0000000000000000,-0.0000000437113883,-0.0000001180945048,0.6123248934745789,-0.0000000345584930,-0.7906062006950378,-3.3321332931518555,0.0000000000000000,0.0000000000000000,0.0000000000000000,1.0000000000000000
M -0.8203416466712952,-0.0000000249973997,-0.5718737840652466,0.5106987953186035,0.0000000000000000,1.0000000000000000,-0.0000000437113883,-0.0000001180945048,0.5718737840652466,-0.0000000358582710,-0.8203416466712952,-3.3479220867156982,0.0000000000000000,0.0000000000000000,0.0000000000000000,1.0000000000000000
M -0.8465651273727417,-0.0000000232669208,-0.5322850942611694,0.5942795872688293,0.0000000000000000,1.0000000000000000,-0.0000000437113883,-0.0000001180945048,0.5322850942611694,-0.0000000370045363,-0.8465651273727417,-3.3587875366210938,0.0000000000000000,0.0000000000000000,0.0000000000000000,1.0000000000000000
M -0.8694601655006409,-0.0000000215935572,-0.4940029978752136,0.6731777787208557,0.0000000000000000,1.0000000000000000,-0.0000000437113883,-0.0000001180945048,0.4940029978752136,-0.0000000380053109,-0.8694601655006409,-3.3653688430786133,0.0000000000000000,0.0000000000000000,0.0000000000000000,1.0000000000000000
M -0.8892390727996826,-0.0000000199954613,-0.4574428200721741,0.7468972206115723,0.0000000000000000,1.0000000000000000,-0.0000000437113883,-0.0000001180945048,0.4574428200721741,-0.0000000388698815,-0.8892390727996826,-3.3683290481567383,0.0000000000000000,0.0000000000000000,0.0000000000000000,1.0000000000000000
M -0.9061325788497925,-0.0000000184896507,-0.4229938387870789,0.8149977922439575,0.0000000000000000,1.0000000000000000,-0.0000000437113883,-0.0000001180945048,0.4229938387870789,-0.0000000396083202,-0.9061325788497925,-3.3683402538299561,0.0000000000000000,0.0000000000000000,0.0000000000000000,1.0000000000000000
M -0.9203835725784302,-0.0000000170918817,-0.3910166621208191,0.8770945072174072,0.0000000000000000,1.0000000000000000,-0.0000000437113883,-0.0000001180945048,0.3910166621208191,-0.0000000402312423,-0.9203835725784302,-3.3660709857940674,0.0000000000000000,0.0000000000000000,0.0000000000000000,1.0000000000000000
M -0.9322387576103210,-0.0000000158166920,-0.3618437349796295,0.9328503608703613,0.0000000000000000,1.0000000000000000,-0.0000000437113883,-0.0000001180945048,0.3618437349796295,-0.0000000407494518,-0.9322387576103210,-3.3621740341186523,0.0000000000000000,0.0000000000000000,0.0000000000000000,1.0000000000000000
M -0.9419401288032532,-0.0000000146774441,-0.3357808291912079,0.9819669723510742,0.0000000000000000,1.0000000000000000,-0.0000000437113883,-0.0000001180945048,0.3357808291912079,-0.0000000411735179,-0.9419401288032532,-3.3572742938995361,0.0000000000000000,0.0000000000000000,0.0000000000000000,1.0000000000000000
M -0.9497179388999939,-0.0000000136863338,-0.3131067752838135,1.0241798162460327,0.0000000000000000,1.0000000000000000,-0.0000000437113883,-0.0000001180945048,0.3131067752838135,-0.0000000415134984,-0.9497179388999939,-3.3519563674926758,0.0000000000000000,0.0000000000000000,0.0000000000000000,1.0000000000000000
M -0.9557815790176392,-0.0000000128545379,-0.2940775156021118,1.0592446327209473,0.0000000000000000,1.0000000000000000,-0.0000000437113883,-0.0000001180945048,0.2940775156021118,-0.0000000417785380,-0.9557815790176392,-3.3467535972595215,0.0000000000000000,0.0000000000000000,0.0000000000000000,1.0000000000000000
M -0.9603119492530823,-0.0000000121923351,-0.2789281606674194,1.0869281291961670,0.0000000000000000,1.0000000000000000,-0.0000000437113883,-0.0000001180945048,0.2789281606674194,-0.0000000419765698,-0.9603119492530823,-3.3421387672424316,0.0000000000000000,0.0000000000000000,0.0000000000000000,1.0000000000000000
M -0.9634541273117065,-0.0000000117091172,-0.2678733766078949,1.1070013046264648,0.0000000000000000,1.0000000000000000,-0.0000000437113883,-0.0000001180945048,0.2678733766078949,-0.0000000421139177,-0.9634541273117065,-3.3385102748870850,0.0000000000000000,0.0000000000000000,0.0000000000000000,1.0000000000000000
M -0.9653087258338928,-0.0000000114135341,-0.2611112296581268,1.1192272901535034,0.0000000000000000,1.0000000000000000,-0.0000000437113883,-0.0000001180945048,0.2611112296581268,-0.0000000421949835,-0.9653087258338928,-3.3361830711364746,0.0000000000000000,0.0000000000000000,0.0000000000000000,1.0000000000000000
M -0.9659258127212524,-0.0000000113133440,-0.2588191330432892,1.1233624219894409,0.0000000000000000,1.0000000000000000,-0.0000000437113883,-0.0000001180945048,0.2588191330432892,-0.0000000422219664,-0.9659258127212524,-3.3353757858276367,0.0000000000000000,0.0000000000000000,0.0000000000000000,1.0000000000000000
O DOOR_8_TOGGLE_EXTERNAL_CG_RBD_mvp_amendorf_baggage_1
A DOOR_8_EXTERNAL_CG_RBD_mvp_amendorf_baggage_1_DOOR_8_EXTERNAL_CG_RBD_mvp_amendorf_baggage_1
M 1.0000000000000000,0.0000000000000000,0.0000000000000000,0.0000000000000000,0.0000000000000000,1.0000000000000000,-0.0000000437113883,-0.0000001180945048,-0.0000000000000000,0.0000000437113883,1.0000000000000000,-0.0000000024876243,0.0000000000000000,0.0000000000000000,0.0000000000000000,1.0000000000000000
M 0.9999971985816956,0.0000000001037342,0.0023731610272080,0.0037799985148013,0.0000000000000000,1.0000000000000000,-0.0000000437113883,-0.0000001180945048,-0.0023731610272080,0.0000000437112675,0.9999971985816956,-0.0018584132194519,0.0000000000000000,0.0000000000000000,0.0000000000000000,1.0000000000000000
M 0.9999559521675110,0.0000000004102688,0.0093858558684587,0.0149242300540209,0.0000000000000000,1.0000000000000000,-0.0000000437113883,-0.0000001180945048,-0.0093858558684587,0.0000000437094627,0.9999559521675110,-0.0074027902446687,0.0000000000000000,0.0000000000000000,0.0000000000000000,1.0000000000000000
M 0.9997820258140564,0.0000000009125622,0.0208769869059324,0.0331022180616856,0.0000000000000000,1.0000000000000000,-0.0000000437113883,-0.0000001180945048,-0.0208769869059324,0.0000000437018599,0.9997820258140564,-0.0166572425514460,0.0000000000000000,0.0000000000000000,0.0000000000000000,1.0000000000000000
M 0.9993269443511963,0.0000000016034417,0.0366824716329575,0.0579365231096745,0.0000000000000000,1.0000000000000000,-0.0000000437113883,-0.0000001180945048,-0.0366824716329575,0.0000000436819683,0.9993269443511963,-0.0297303330153227,0.0000000000000000,0.0000000000000000,0.0000000000000000,1.0000000000000000
M 0.9983950853347778,0.0000000024754758,0.0566322840750217,0.0890033468604088,0.0000000000000000,1.0000000000000000,-0.0000000437113883,-0.0000001180945048,-0.0566322840750217,0.0000000436412364,0.9983950853347778,-0.0468010865151882,0.0000000000000000,0.0000000000000000,0.0000000000000000,1.0000000000000000
M 0.9967508316040039,0.0000000035208152,0.0805468633770943,0.1258324533700943,0.0000000000000000,1.0000000000000000,-0.0000000437113883,-0.0000001180945048,-0.0805468633770943,0.0000000435693615,0.9967508316040039,-0.0681044831871986,0.0000000000000000,0.0000000000000000,0.0000000000000000,1.0000000000000000
M 0.9941255450248718,0.0000000047310191,0.1082331016659737,0.1679062098264694,0.0000000000000000,1.0000000000000000,-0.0000000437113883,-0.0000001180945048,-0.1082331016659737,0.0000000434546159,0.9941255450248718,-0.0939180031418800,0.0000000000000000,0.0000000000000000,0.0000000000000000,1.0000000000000000
M 0.9902248382568359,0.0000000060968821,0.1394803822040558,0.2146588712930679,0.0000000000000000,1.0000000000000000,-0.0000000437113883,-0.0000001180945048,-0.1394803822040558,0.0000000432841034,0.9902248382568359,-0.1245462819933891,0.0000000000000000,0.0000000000000000,0.0000000000000000,1.0000000000000000
M 0.9847356677055359,0.0000000076082465,0.1740563809871674,0.2654757201671600,0.0000000000000000,1.0000000000000000,-0.0000000437113883,-0.0000001180945048,-0.1740563809871674,0.0000000430441638,0.9847356677055359,-0.1603066027164459,0.0000000000000000,0.0000000000000000,0.0000000000000000,1.0000000000000000
M 0.9773338437080383,0.0000000092538706,0.2117038816213608,0.3196935057640076,0.0000000000000000,1.0000000000000000,-0.0000000437113883,-0.0000001180945048,-0.2117038816213608,0.0000000427206182,0.9773338437080383,-0.2015148103237152,0.0000000000000000,0.0000000000000000,0.0000000000000000,1.0000000000000000
M 0.9676914811134338,0.0000000110212746,0.2521373629570007,0.3766010403633118,0.0000000000000000,1.0000000000000000,-0.0000000437113883,-0.0000001180945048,-0.2521373629570007,0.0000000422991455,0.9676914811134338,-0.2484703063964844,0.0000000000000000,0.0000000000000000,0.0000000000000000,1.0000000000000000
M 0.9554845690727234,0.0000000128966535,0.2950410842895508,0.4354419410228729,0.0000000000000000,1.0000000000000000,-0.0000000437113883,-0.0000001180945048,-0.2950410842895508,0.0000000417655563,0.9554845690727234,-0.3014429807662964,0.0000000000000000,0.0000000000000000,0.0000000000000000,1.0000000000000000
M 0.9404011368751526,0.0000000148648125,0.3400672674179077,0.4954183399677277,0.0000000000000000,1.0000000000000000,-0.0000000437113883,-0.0000001180945048,-0.3400672674179077,0.0000000411062402,0.9404011368751526,-0.3606582581996918,0.0000000000000000,0.0000000000000000,0.0000000000000000,1.0000000000000000
M 0.9221484661102295,0.0000000169091461,0.3868361413478851,0.5556961894035339,0.0000000000000000,1.0000000000000000,-0.0000000437113883,-0.0000001180945048,-0.3868361413478851,0.0000000403083895,0.9221484661102295,-0.4262858331203461,0.0000000000000000,0.0000000000000000,0.0000000000000000,1.0000000000000000
M 0.9004611372947693,0.0000000190116758,0.4349364340305328,0.6154126524925232,0.0000000000000000,1.0000000000000000,-0.0000000437113883,-0.0000001180945048,-0.4349364340305328,0.0000000393604047,0.9004611372947693,-0.4984275698661804,0.0000000000000000,0.0000000000000000,0.0000000000000000,1.0000000000000000
M 0.8751081228256226,0.0000000211531415,0.4839274585247040,0.6736848950386047,0.0000000000000000,1.0000000000000000,-0.0000000437113883,-0.0000001180945048,-0.4839274585247040,0.0000000382521996,0.8751081228256226,-0.5771072506904602,0.0000000000000000,0.0000000000000000,0.0000000000000000,1.0000000000000000
M 0.8458998203277588,0.0000000233131114,0.5333418250083923,0.7296199798583984,0.0000000000000000,1.0000000000000000,-0.0000000437113883,-0.0000001180945048,-0.5333418250083923,0.0000000369754538,0.8458998203277588,-0.6622619628906250,0.0000000000000000,0.0000000000000000,0.0000000000000000,1.0000000000000000
M 0.8126941323280334,0.0000000254702162,0.5826905369758606,0.7823275923728943,0.0000000000000000,1.0000000000000000,-0.0000000437113883,-0.0000001180945048,-0.5826905369758606,0.0000000355239891,0.8126941323280334,-0.7537362575531006,0.0000000000000000,0.0000000000000000,0.0000000000000000,1.0000000000000000
M 0.7754024267196655,0.0000000276023204,0.6314674019813538,0.8309316039085388,0.0000000000000000,1.0000000000000000,-0.0000000437113883,-0.0000001180945048,-0.6314674019813538,0.0000000338939188,0.7754024267196655,-0.8512759208679199,0.0000000000000000,0.0000000000000000,0.0000000000000000,1.0000000000000000
M 0.7339932918548584,0.0000000296868805,0.6791566610336304,0.8745856285095215,0.0000000000000000,1.0000000000000000,-0.0000000437113883,-0.0000001180945048,-0.6791566610336304,0.0000000320838645,0.7339932918548584,-0.9545278549194336,0.0000000000000000,0.0000000000000000,0.0000000000000000,1.0000000000000000
M 0.6884970068931580,0.0000000317012123,0.7252391576766968,0.9124857783317566,0.0000000000000000,1.0000000000000000,-0.0000000437113883,-0.0000001180945048,-0.7252391576766968,0.0000000300951584,0.6884970068931580,-1.0630384683609009,0.0000000000000000,0.0000000000000000,0.0000000000000000,1.0000000000000000
M 0.6390065550804138,0.0000000336228538,0.7692012786865234,0.9438863992691040,0.0000000000000000,1.0000000000000000,-0.0000000437113883,-0.0000001180945048,-0.7692012786865234,0.0000000279318630,0.6390065550804138,-1.1762583255767822,0.0000000000000000,0.0000000000000000,0.0000000000000000,1.0000000000000000
M 0.5856790542602539,0.0000000354299630,0.8105430603027344,0.9681130051612854,0.0000000000000000,1.0000000000000000,-0.0000000437113883,-0.0000001180945048,-0.8105430603027344,0.0000000256008441,0.5856790542602539,-1.2935463190078735,0.0000000000000000,0.0000000000000000,0.0000000000000000,1.0000000000000000
M 0.5287345051765442,0.0000000371016675,0.8487872481346130,0.9845771193504333,0.0000000000000000,1.0000000000000000,-0.0000000437113883,-0.0000001180945048,-0.8487872481346130,0.0000000231117152,0.5287345051765442,-1.4141788482666016,0.0000000000000000,0.0000000000000000,0.0000000000000000,1.0000000000000000
M 0.4684546291828156,0.0000000386184773,0.8834875822067261,0.9927875995635986,0.0000000000000000,1.0000000000000000,-0.0000000437113883,-0.0000001180945048,-0.8834875822067261,0.0000000204768060,0.4684546291828156,-1.5373585224151611,0.0000000000000000,0.0000000000000000,0.0000000000000000,1.0000000000000000
M 0.4051770865917206,0.0000000399626217,0.9142382144927979,0.9923614859580994,0.0000000000000000,1.0000000000000000,-0.0000000437113883,-0.0000001180945048,-0.9142382144927979,0.0000000177108532,0.4051770865917206,-1.6622301340103149,0.0000000000000000,0.0000000000000000,0.0000000000000000,1.0000000000000000
M 0.3392922580242157,0.0000000411184757,0.9406810402870178,0.9830328822135925,0.0000000000000000,1.0000000000000000,-0.0000000437113883,-0.0000001180945048,-0.9406810402870178,0.0000000148309356,0.3392922580242157,-1.7878915071487427,0.0000000000000000,0.0000000000000000,0.0000000000000000,1.0000000000000000
M 0.2712352573871613,0.0000000420727844,0.9625130891799927,0.9646589159965515,0.0000000000000000,1.0000000000000000,-0.0000000437113883,-0.0000001180945048,-0.9625130891799927,0.0000000118560699,0.2712352573871613,-1.9134128093719482,0.0000000000000000,0.0000000000000000,0.0000000000000000,1.0000000000000000
M 0.2014791667461395,0.0000000428149889,0.9794927835464478,0.9372241497039795,0.0000000000000000,1.0000000000000000,-0.0000000437113883,-0.0000001180945048,-0.9794927835464478,0.0000000088069338,0.2014791667461395,-2.0378510951995850,0.0000000000000000,0.0000000000000000,0.0000000000000000,1.0000000000000000
M 0.1305262446403503,0.0000000433374296,0.9914448261260986,0.9008415937423706,0.0000000000000000,1.0000000000000000,-0.0000000437113883,-0.0000001180945048,-0.9914448261260986,0.0000000057054841,0.1305262446403503,-2.1602690219879150,0.0000000000000000,0.0000000000000000,0.0000000000000000,1.0000000000000000
M 0.0588974393904209,0.0000000436354988,0.9982640147209167,0.8557505011558533,0.0000000000000000,1.0000000000000000,-0.0000000437113883,-0.0000001180945048,-0.9982640147209167,0.0000000025744893,0.0588974393904209,-2.2797541618347168,0.0000000000000000,0.0000000000000000,0.0000000000000000,1.0000000000000000
M -0.0128765562549233,0.0000000437077645,0.9999170899391174,0.8023126721382141,0.0000000000000000,1.0000000000000000,-0.0000000437113883,-0.0000001180945048,-0.9999170899391174,-0.0000000005628523,-0.0128765562549233,-2.3954348564147949,0.0000000000000000,0.0000000000000000,0.0000000000000000,1.0000000000000000
M -0.0842647776007652,0.0000000435559251,0.9964433908462524,0.7410054206848145,0.0000000000000000,1.0000000000000000,-0.0000000437113883,-0.0000001180945048,-0.9964433908462524,-0.0000000036833308,-0.0842647776007652,-2.5064954757690430,0.0000000000000000,0.0000000000000000,0.0000000000000000,1.0000000000000000
M -0.1547485142946243,0.0000000431848441,0.9879539012908936,0.6724109053611755,0.0000000000000000,1.0000000000000000,-0.0000000437113883,-0.0000001180945048,-0.9879539012908936,-0.0000000067642714,-0.1547485142946243,-2.6121959686279297,0.0000000000000000,0.0000000000000000,0.0000000000000000,1.0000000000000000
M -0.2238289266824722,0.0000000426023625,0.9746284484863281,0.5972054004669189,0.0000000000000000,1.0000000000000000,-0.0000000437113883,-0.0000001180945048,-0.9746284484863281,-0.0000000097838733,-0.2238289266824722,-2.7118818759918213,0.0000000000000000,0.0000000000000000,0.0000000000000000,1.0000000000000000
M -0.2910361588001251,0.0000000418192130,0.9567120671272278,0.5161466002464294,0.0000000000000000,1.0000000000000000,-0.0000000437113883,-0.0000001180945048,-0.9567120671272278,-0.0000000127215944,-0.2910361588001251,-2.8049957752227783,0.0000000000000000,0.0000000000000000,0.0000000000000000,1.0000000000000000
M -0.3559384644031525,0.0000000408487040,0.9345093965530396,0.4300572574138641,0.0000000000000000,1.0000000000000000,-0.0000000437113883,-0.0000001180945048,-0.9345093965530396,-0.0000000155585642,-0.3559384644031525,-2.8910877704620361,0.0000000000000000,0.0000000000000000,0.0000000000000000,1.0000000000000000
M -0.4181487858295441,0.0000000397064888,0.9083785414695740,0.3398103713989258,0.0000000000000000,1.0000000000000000,-0.0000000437113883,-0.0000001180945048,-0.9083785414695740,-0.0000000182778681,-0.4181487858295441,-2.9698207378387451,0.0000000000000000,0.0000000000000000,0.0000000000000000,1.0000000000000000
M -0.4773311614990234,0.0000000384102314,0.8787235021591187,0.2463125288486481,0.0000000000000000,1.0000000000000000,-0.0000000437113883,-0.0000001180945048,-0.8787235021591187,-0.0000000208648085,-0.4773311614990234,-3.0409743785858154,0.0000000000000000,0.0000000000000000,0.0000000000000000,1.0000000000000000
M -0.5332043766975403,0.0000000369792339,0.8459864258766174,0.1504879742860794,0.0000000000000000,1.0000000000000000,-0.0000000437113883,-0.0000001180945048,-0.8459864258766174,-0.0000000233071038,-0.5332043766975403,-3.1044464111328125,0.0000000000000000,0.0000000000000000,0.0000000000000000,1.0000000000000000
M -0.5855454802513123,0.0000000354341800,0.8106395602226257,0.0532634072005749,0.0000000000000000,1.0000000000000000,-0.0000000437113883,-0.0000001180945048,-0.8106395602226257,-0.0000000255950052,-0.5855454802513123,-3.1602504253387451,0.0000000000000000,0.0000000000000000,0.0000000000000000,1.0000000000000000
M -0.6341906785964966,0.0000000337966277,0.7731766700744629,-0.0444460771977901,0.0000000000000000,1.0000000000000000,-0.0000000437113883,-0.0000001180945048,-0.7731766700744629,-0.0000000277213559,-0.6341906785964966,-3.2085108757019043,0.0000000000000000,0.0000000000000000,0.0000000000000000,1.0000000000000000
M -0.6790373921394348,0.0000000320886926,0.7341036796569824,-0.1417542695999146,0.0000000000000000,1.0000000000000000,-0.0000000437113883,-0.0000001180945048,-0.7341036796569824,-0.0000000296816669,-0.6790373921394348,-3.2494597434997559,0.0000000000000000,0.0000000000000000,0.0000000000000000,1.0000000000000000
M -0.7200397849082947,0.0000000303327639,0.6939327716827393,-0.2378088384866714,0.0000000000000000,1.0000000000000000,-0.0000000437113883,-0.0000001180945048,-0.6939327716827393,-0.0000000314739417,-0.7200397849082947,-3.2834236621856689,0.0000000000000000,0.0000000000000000,0.0000000000000000,1.0000000000000000
M -0.7572088241577148,0.0000000285510922,0.6531728506088257,-0.3318073451519012,0.0000000000000000,1.0000000000000000,-0.0000000437113883,-0.0000001180945048,-0.6531728506088257,-0.0000000330986509,-0.7572088241577148,-3.3108186721801758,0.0000000000000000,0.0000000000000000,0.0000000000000000,1.0000000000000000
M -0.7906062006950378,0.0000000267655675,0.6123248934745789,-0.4229997098445892,0.0000000000000000,1.0000000000000000,-0.0000000437113883,-0.0000001180945048,-0.6123248934745789,-0.0000000345584930,-0.7906062006950378,-3.3321332931518555,0.0000000000000000,0.0000000000000000,0.0000000000000000,1.0000000000000000
M -0.8203416466712952,0.0000000249973997,0.5718737840652466,-0.5106987953186035,0.0000000000000000,1.0000000000000000,-0.0000000437113883,-0.0000001180945048,-0.5718737840652466,-0.0000000358582710,-0.8203416466712952,-3.3479220867156982,0.0000000000000000,0.0000000000000000,0.0000000000000000,1.0000000000000000
M -0.8465651273727417,0.0000000232669208,0.5322850942611694,-0.5942795872688293,0.0000000000000000,1.0000000000000000,-0.0000000437113883,-0.0000001180945048,-0.5322850942611694,-0.0000000370045363,-0.8465651273727417,-3.3587875366210938,0.0000000000000000,0.0000000000000000,0.0000000000000000,1.0000000000000000
M -0.8694601655006409,0.0000000215935572,0.4940029978752136,-0.6731777787208557,0.0000000000000000,1.0000000000000000,-0.0000000437113883,-0.0000001180945048,-0.4940029978752136,-0.0000000380053109,-0.8694601655006409,-3.3653688430786133,0.0000000000000000,0.0000000000000000,0.0000000000000000,1.0000000000000000
M -0.8892390727996826,0.0000000199954613,0.4574428200721741,-0.7468972206115723,0.0000000000000000,1.0000000000000000,-0.0000000437113883,-0.0000001180945048,-0.4574428200721741,-0.0000000388698815,-0.8892390727996826,-3.3683290481567383,0.0000000000000000,0.0000000000000000,0.0000000000000000,1.0000000000000000
M -0.9061325788497925,0.0000000184896507,0.4229938387870789,-0.8149977922439575,0.0000000000000000,1.0000000000000000,-0.0000000437113883,-0.0000001180945048,-0.4229938387870789,-0.0000000396083202,-0.9061325788497925,-3.3683402538299561,0.0000000000000000,0.0000000000000000,0.0000000000000000,1.0000000000000000
M -0.9203835725784302,0.0000000170918817,0.3910166621208191,-0.8770945072174072,0.0000000000000000,1.0000000000000000,-0.0000000437113883,-0.0000001180945048,-0.3910166621208191,-0.0000000402312423,-0.9203835725784302,-3.3660709857940674,0.0000000000000000,0.0000000000000000,0.0000000000000000,1.0000000000000000
M -0.9322387576103210,0.0000000158166920,0.3618437349796295,-0.9328503608703613,0.0000000000000000,1.0000000000000000,-0.0000000437113883,-0.0000001180945048,-0.3618437349796295,-0.0000000407494518,-0.9322387576103210,-3.3621740341186523,0.0000000000000000,0.0000000000000000,0.0000000000000000,1.0000000000000000
M -0.9419401288032532,0.0000000146774441,0.3357808291912079,-0.9819669723510742,0.0000000000000000,1.0000000000000000,-0.0000000437113883,-0.0000001180945048,-0.3357808291912079,-0.0000000411735179,-0.9419401288032532,-3.3572742938995361,0.0000000000000000,0.0000000000000000,0.0000000000000000,1.0000000000000000
M -0.9497179388999939,0.0000000136863338,0.3131067752838135,-1.0241798162460327,0.0000000000000000,1.0000000000000000,-0.0000000437113883,-0.0000001180945048,-0.3131067752838135,-0.0000000415134984,-0.9497179388999939,-3.3519563674926758,0.0000000000000000,0.0000000000000000,0.0000000000000000,1.0000000000000000
M -0.9557815790176392,0.0000000128545379,0.2940775156021118,-1.0592446327209473,0.0000000000000000,1.0000000000000000,-0.0000000437113883,-0.0000001180945048,-0.2940775156021118,-0.0000000417785380,-0.9557815790176392,-3.3467535972595215,0.0000000000000000,0.0000000000000000,0.0000000000000000,1.0000000000000000
M -0.9603119492530823,0.0000000121923351,0.2789281606674194,-1.0869281291961670,0.0000000000000000,1.0000000000000000,-0.0000000437113883,-0.0000001180945048,-0.2789281606674194,-0.0000000419765698,-0.9603119492530823,-3.3421387672424316,0.0000000000000000,0.0000000000000000,0.0000000000000000,1.0000000000000000
M -0.9634541273117065,0.0000000117091172,0.2678733766078949,-1.1070013046264648,0.0000000000000000,1.0000000000000000,-0.0000000437113883,-0.0000001180945048,-0.2678733766078949,-0.0000000421139177,-0.9634541273117065,-3.3385102748870850,0.0000000000000000,0.0000000000000000,0.0000000000000000,1.0000000000000000
M -0.9653087258338928,0.0000000114135341,0.2611112296581268,-1.1192272901535034,0.0000000000000000,1.0000000000000000,-0.0000000437113883,-0.0000001180945048,-0.2611112296581268,-0.0000000421949835,-0.9653087258338928,-3.3361830711364746,0.0000000000000000,0.0000000000000000,0.0000000000000000,1.0000000000000000
M -0.9659258127212524,0.0000000113133440,0.2588191330432892,-1.1233624219894409,0.0000000000000000,1.0000000000000000,-0.0000000437113883,-0.0000001180945048,-0.2588191330432892,-0.0000000422219664,-0.9659258127212524,-3.3353757858276367,0.0000000000000000,0.0000000000000000,0.0000000000000000,1.0000000000000000
O DOOR_8_INTERIOR_LCG_IL_mvp_amendorf_baggage
A DOOR_8_INTERIOR_LCG_IL_mvp_amendorf_baggage_DOOR_8_INTERIOR_LCG_IL_mvp_amendorf_baggage
M 1.0000000000000000,0.0000000000000000,0.0000000000000000,0.0000000000000000,0.0000000000000000,1.0000000000000000,-0.0000000437113883,-0.0000001180945048,-0.0000000000000000,0.0000000437113883,1.0000000000000000,-0.0000000024876243,0.0000000000000000,0.0000000000000000,0.0000000000000000,1.0000000000000000
M 0.9999971985816956,-0.0000000001037342,-0.0023731610272080,-0.0037799985148013,0.0000000000000000,1.0000000000000000,-0.0000000437113883,-0.0000001180945048,0.0023731610272080,0.0000000437112675,0.9999971985816956,-0.0018584132194519,0.0000000000000000,0.0000000000000000,0.0000000000000000,1.0000000000000000
M 0.9999559521675110,-0.0000000004102688,-0.0093858558684587,-0.0149242300540209,0.0000000000000000,1.0000000000000000,-0.0000000437113883,-0.0000001180945048,0.0093858558684587,0.0000000437094627,0.9999559521675110,-0.0074027902446687,0.0000000000000000,0.0000000000000000,0.0000000000000000,1.0000000000000000
M 0.9997820258140564,-0.0000000009125622,-0.0208769869059324,-0.0331022180616856,0.0000000000000000,1.0000000000000000,-0.0000000437113883,-0.0000001180945048,0.0208769869059324,0.0000000437018599,0.9997820258140564,-0.0166572425514460,0.0000000000000000,0.0000000000000000,0.0000000000000000,1.0000000000000000
