O TRAPDOOR_5_mvp_amendorf
A TRAPDOOR_5_mvp_amendorf_TRAPDOOR_5_mvp_amendorf
M 1.0000000000000000,0.0000000000000000,0.0000000000000000,0.0000000000000000,0.0000000000000000,1.0000000000000000,-0.0000000437113883,-0.0000000000014664,-0.0000000000000000,0.0000000437113883,1.0000000000000000,0.0000000000001705,0.0000000000000000,0.0000000000000000,0.0000000000000000,1.0000000000000000
M 1.0000000000000000,0.0000000000000000,0.0000000000000000,0.0000000000000000,0.0000000000000000,1.0000000000000000,-0.0000000437113883,-0.0000000000014664,-0.0000000000000000,0.0000000437113883,1.0000000000000000,0.0000000000001705,0.0000000000000000,0.0000000000000000,0.0000000000000000,1.0000000000000000
M 1.0000000000000000,0.0000000000000000,0.0000000000000000,0.0000000000000000,0.0000000000000000,1.0000000000000000,-0.0000000437113883,-0.0000000000014664,-0.0000000000000000,0.0000000437113883,1.0000000000000000,0.0000000000001705,0.0000000000000000,0.0000000000000000,0.0000000000000000,1.0000000000000000
M 1.0000000000000000,0.0000000000000000,0.0000000000000000,0.0000000000000000,0.0000000000000000,1.0000000000000000,-0.0000000437113883,-0.0000000000014664,-0.0000000000000000,0.0000000437113883,1.0000000000000000,0.0000000000001705,0.0000000000000000,0.0000000000000000,0.0000000000000000,1.0000000000000000
M 1.0000000000000000,0.0000000000000000,0.0000000000000000,0.0000000000000000,0.0000000000000000,1.0000000000000000,-0.0000000437113883,-0.0000000000014664,-0.0000000000000000,0.0000000437113883,1.0000000000000000,0.0000000000001705,0.0000000000000000,0.0000000000000000,0.0000000000000000,1.0000000000000000
M 1.0000000000000000,0.0000000000000000,0.0000000000000000,0.0000000000000000,0.0000000000000000,1.0000000000000000,-0.0000000437113883,-0.0000000000014664,-0.0000000000000000,0.0000000437113883,1.0000000000000000,0.0000000000001705,0.0000000000000000,0.0000000000000000,0.0000000000000000,1.0000000000000000
M 1.0000000000000000,0.0000000000000000,0.0000000000000000,0.0000000000000000,0.0000000000000000,1.0000000000000000,-0.0000000437113883,-0.0000000000014664,-0.0000000000000000,0.0000000437113883,1.0000000000000000,0.0000000000001705,0.0000000000000000,0.0000000000000000,0.0000000000000000,1.0000000000000000
M 1.0000000000000000,0.0000000000000000,0.0000000000000000,0.0000000000000000,0.0000000000000000,1.0000000000000000,-0.0000000437113883,-0.0000000000014664,-0.0000000000000000,0.0000000437113883,1.0000000000000000,0.0000000000001705,0.0000000000000000,0.0000000000000000,0.0000000000000000,1.0000000000000000
M 1.0000000000000000,0.0000000000000000,0.0000000000000000,0.0000000000000000,0.0000000000000000,1.0000000000000000,-0.0000000437113883,-0.0000000000014664,-0.0000000000000000,0.0000000437113883,1.0000000000000000,0.0000000000001705,0.0000000000000000,0.0000000000000000,0.0000000000000000,1.0000000000000000
M 1.0000000000000000,0.0000000000000000,0.0000000000000000,0.0000000000000000,0.0000000000000000,1.0000000000000000,-0.0000000437113883,-0.0000000000014664,-0.0000000000000000,0.0000000437113883,1.0000000000000000,0.0000000000001705,0.0000000000000000,0.0000000000000000,0.0000000000000000,1.0000000000000000
M 1.0000000000000000,0.0000000000000000,0.0000000000000000,0.0000000000000000,0.0000000000000000,1.0000000000000000,-0.0000000437113883,-0.0000000000014664,-0.0000000000000000,0.0000000437113883,1.0000000000000000,0.0000000000001705,0.0000000000000000,0.0000000000000000,0.0000000000000000,1.0000000000000000
M 1.0000000000000000,0.0000000000000000,0.0000000000000000,0.0000000000000000,0.0000000000000000,1.0000000000000000,-0.0000000437113883,-0.0000000000014664,-0.0000000000000000,0.0000000437113883,1.0000000000000000,0.0000000000001705,0.0000000000000000,0.0000000000000000,0.0000000000000000,1.0000000000000000
M 1.0000000000000000,0.0000000000000000,0.0000000000000000,0.0000000000000000,0.0000000000000000,1.0000000000000000,-0.0000000437113883,-0.0000000000014664,-0.0000000000000000,0.0000000437113883,1.0000000000000000,0.0000000000001705,0.0000000000000000,0.0000000000000000,0.0000000000000000,1.0000000000000000
M 1.0000000000000000,0.0000000000000000,0.0000000000000000,0.0000000000000000,0.0000000000000000,1.0000000000000000,-0.0000000437113883,-0.0000000000014664,-0.0000000000000000,0.0000000437113883,1.0000000000000000,0.0000000000001705,0.0000000000000000,0.0000000000000000,0.0000000000000000,1.0000000000000000
M 1.0000000000000000,0.0000000000000000,0.0000000000000000,0.0000000000000000,0.0000000000000000,1.0000000000000000,-0.0000000437113883,-0.0000000000014664,-0.0000000000000000,0.0000000437113883,1.0000000000000000,0.0000000000001705,0.0000000000000000,0.0000000000000000,0.0000000000000000,1.0000000000000000
M 1.0000000000000000,0.0000000000000000,0.0000000000000000,0.0000000000000000,0.0000000000000000,1.0000000000000000,-0.0000000437113883,-0.0000000000014664,-0.0000000000000000,0.0000000437113883,1.0000000000000000,0.0000000000001705,0.0000000000000000,0.0000000000000000,0.0000000000000000,1.0000000000000000
M 1.0000000000000000,0.0000000000000000,0.0000000000000000,0.0000000000000000,0.0000000000000000,1.0000000000000000,-0.0000000437113883,-0.0000000000014664,-0.0000000000000000,0.0000000437113883,1.0000000000000000,0.0000000000001705,0.0000000000000000,0.0000000000000000,0.0000000000000000,1.0000000000000000
M 1.0000000000000000,0.0000000000000000,0.0000000000000000,0.0000000000000000,0.0000000000000000,1.0000000000000000,-0.0000000437113883,-0.0000000000014664,-0.0000000000000000,0.0000000437113883,1.0000000000000000,0.0000000000001705,0.0000000000000000,0.0000000000000000,0.0000000000000000,1.0000000000000000
M 1.0000000000000000,0.0000000000000000,0.0000000000000000,0.0000000000000000,0.0000000000000000,1.0000000000000000,-0.0000000437113883,-0.0000000000014664,-0.0000000000000000,0.0000000437113883,1.0000000000000000,0.0000000000001705,0.0000000000000000,0.0000000000000000,0.0000000000000000,1.0000000000000000
M 1.0000000000000000,0.0000000000000000,0.0000000000000000,0.0000000000000000,0.0000000000000000,1.0000000000000000,-0.0000000437113883,-0.0000000000014664,-0.0000000000000000,0.0000000437113883,1.0000000000000000,0.0000000000001705,0.0000000000000000,0.0000000000000000,0.0000000000000000,1.0000000000000000
M 1.0000000000000000,0.0000000000000000,0.0000000000000000,0.0000000000000000,0.0000000000000000,1.0000000000000000,-0.0000000437113883,-0.0000000000014664,-0.0000000000000000,0.0000000437113883,1.0000000000000000,0.0000000000001705,0.0000000000000000,0.0000000000000000,0.0000000000000000,1.0000000000000000
M 1.0000000000000000,0.0000000000000000,0.0000000000000000,0.0000000000000000,0.0000000000000000,1.0000000000000000,-0.0000000437113883,-0.0000000000014664,-0.0000000000000000,0.0000000437113883,1.0000000000000000,0.0000000000001705,0.0000000000000000,0.0000000000000000,0.0000000000000000,1.0000000000000000
M 1.0000000000000000,0.0000000000000000,0.0000000000000000,0.0000000000000000,0.0000000000000000,1.0000000000000000,-0.0000000437113883,-0.0000000000014664,-0.0000000000000000,0.0000000437113883,1.0000000000000000,0.0000000000001705,0.0000000000000000,0.0000000000000000,0.0000000000000000,1.0000000000000000
M 1.0000000000000000,0.0000000000000000,0.0000000000000000,0.0000000000000000,0.0000000000000000,1.0000000000000000,-0.0000000437113883,-0.0000000000014664,-0.0000000000000000,0.0000000437113883,1.0000000000000000,0.0000000000001705,0.0000000000000000,0.0000000000000000,0.0000000000000000,1.0000000000000000
M 1.0000000000000000,0.0000000000000000,0.0000000000000000,0.0000000000000000,0.0000000000000000,1.0000000000000000,-0.0000000437113883,-0.0000000000014664,-0.0000000000000000,0.0000000437113883,1.0000000000000000,0.0000000000001705,0.0000000000000000,0.0000000000000000,0.0000000000000000,1.0000000000000000
M 1.0000000000000000,0.0000000000000000,0.0000000000000000,0.0000000000000000,0.0000000000000000,1.0000000000000000,-0.0000000437113883,-0.0000000000014664,-0.0000000000000000,0.0000000437113883,1.0000000000000000,0.0000000000001705,0.0000000000000000,0.0000000000000000,0.0000000000000000,1.0000000000000000
M 1.0000000000000000,0.0000000000000000,0.0000000000000000,0.0000000000000000,0.0000000000000000,1.0000000000000000,-0.0000000437113883,-0.0000000000014664,-0.0000000000000000,0.0000000437113883,1.0000000000000000,0.0000000000001705,0.0000000000000000,0.0000000000000000,0.0000000000000000,1.0000000000000000
M 1.0000000000000000,0.0000000000000000,0.0000000000000000,0.0000000000000000,0.0000000000000000,1.0000000000000000,-0.0000000437113883,-0.0000000000014664,-0.0000000000000000,0.0000000437113883,1.0000000000000000,0.0000000000001705,0.0000000000000000,0.0000000000000000,0.0000000000000000,1.0000000000000000
M 1.0000000000000000,0.0000000000000000,0.0000000000000000,0.0000000000000000,0.0000000000000000,1.0000000000000000,-0.0000000437113883,-0.0000000000014664,-0.0000000000000000,0.0000000437113883,1.0000000000000000,0.0000000000001705,0.0000000000000000,0.0000000000000000,0.0000000000000000,1.0000000000000000
M 1.0000000000000000,0.0000000000000000,0.0000000000000000,0.0000000000000000,0.0000000000000000,1.0000000000000000,-0.0000000437113883,-0.0000000000014664,-0.0000000000000000,0.0000000437113883,1.0000000000000000,0.0000000000001705,0.0000000000000000,0.0000000000000000,0.0000000000000000,1.0000000000000000
M 1.0000000000000000,0.0000000000000000,0.0000000000000000,0.0000000000000000,0.0000000000000000,1.0000000000000000,-0.0000000437113883,-0.0000000000014664,-0.0000000000000000,0.0000000437113883,1.0000000000000000,0.0000000000001705,0.0000000000000000,0.0000000000000000,0.0000000000000000,1.0000000000000000
M 1.0000000000000000,0.0000000000000000,0.0000000000000000,0.0000000000000000,0.0000000000000000,1.0000000000000000,-0.0000000437113883,-0.0000000000014664,-0.0000000000000000,0.0000000437113883,1.0000000000000000,0.0000000000001705,0.0000000000000000,0.0000000000000000,0.0000000000000000,1.0000000000000000
M 1.0000000000000000,0.0000000000000000,0.0000000000000000,0.0000000000000000,0.0000000000000000,1.0000000000000000,-0.0000000437113883,-0.0000000000014664,-0.0000000000000000,0.0000000437113883,1.0000000000000000,0.0000000000001705,0.0000000000000000,0.0000000000000000,0.0000000000000000,1.0000000000000000
M 1.0000000000000000,0.0000000000000000,0.0000000000000000,0.0000000000000000,0.0000000000000000,1.0000000000000000,-0.0000000437113883,-0.0000000000014664,-0.0000000000000000,0.0000000437113883,1.0000000000000000,0.0000000000001705,0.0000000000000000,0.0000000000000000,0.0000000000000000,1.0000000000000000
M 1.0000000000000000,0.0000000000000000,0.0000000000000000,0.0000000000000000,0.0000000000000000,1.0000000000000000,-0.0000000437113883,-0.0000000000014664,-0.0000000000000000,0.0000000437113883,1.0000000000000000,0.0000000000001705,0.0000000000000000,0.0000000000000000,0.0000000000000000,1.0000000000000000
M 1.0000000000000000,0.0000000000000000,0.0000000000000000,0.0000000000000000,0.0000000000000000,1.0000000000000000,-0.0000000437113883,-0.0000000000014664,-0.0000000000000000,0.0000000437113883,1.0000000000000000,0.0000000000001705,0.0000000000000000,0.0000000000000000,0.0000000000000000,1.0000000000000000
M 1.0000000000000000,0.0000000000000000,0.0000000000000000,0.0000000000000000,0.0000000000000000,1.0000000000000000,-0.0000000437113883,-0.0000000000014664,-0.0000000000000000,0.0000000437113883,1.0000000000000000,0.0000000000001705,0.0000000000000000,0.0000000000000000,0.0000000000000000,1.0000000000000000
M 1.0000000000000000,0.0000000000000000,0.0000000000000000,0.0000000000000000,0.0000000000000000,1.0000000000000000,-0.0000000437113883,-0.0000000000014664,-0.0000000000000000,0.0000000437113883,1.0000000000000000,0.0000000000001705,0.0000000000000000,0.0000000000000000,0.0000000000000000,1.0000000000000000
M 1.0000000000000000,0.0000000000000000,0.0000000000000000,0.0000000000000000,0.0000000000000000,1.0000000000000000,-0.0000000437113883,-0.0000000000014664,-0.0000000000000000,0.0000000437113883,1.0000000000000000,0.0000000000001705,0.0000000000000000,0.0000000000000000,0.0000000000000000,1.0000000000000000
M 1.0000000000000000,0.0000000000000000,0.0000000000000000,0.0000000000000000,0.0000000000000000,1.0000000000000000,-0.0000000437113883,-0.0000000000014664,-0.0000000000000000,0.0000000437113883,1.0000000000000000,0.0000000000001705,0.0000000000000000,0.0000000000000000,0.0000000000000000,1.0000000000000000
M 1.0000000000000000,0.0000000000000000,0.0000000000000000,0.0000000000000000,0.0000000000000000,1.0000000000000000,-0.0000000437113883,-0.0000000000014664,-0.0000000000000000,0.0000000437113883,1.0000000000000000,0.0000000000001705,0.0000000000000000,0.0000000000000000,0.0000000000000000,1.0000000000000000
M 1.0000000000000000,0.0000000000000000,0.0000000000000000,0.0000000000000000,0.0000000000000000,1.0000000000000000,-0.0000000437113883,-0.0000000000014664,-0.0000000000000000,0.0000000437113883,1.0000000000000000,0.0000000000001705,0.0000000000000000,0.0000000000000000,0.0000000000000000,1.0000000000000000
M 1.0000000000000000,0.0000000000000000,0.0000000000000000,0.0000000000000000,0.0000000000000000,1.0000000000000000,-0.0000000437113883,-0.0000000000014664,-0.0000000000000000,0.0000000437113883,1.0000000000000000,0.0000000000001705,0.0000000000000000,0.0000000000000000,0.0000000000000000,1.0000000000000000
M 1.0000000000000000,0.0000000000000000,0.0000000000000000,0.0000000000000000,0.0000000000000000,1.0000000000000000,-0.0000000437113883,-0.0000000000014664,-0.0000000000000000,0.0000000437113883,1.0000000000000000,0.0000000000001705,0.0000000000000000,0.0000000000000000,0.0000000000000000,1.0000000000000000
M 1.0000000000000000,0.0000000000000000,0.0000000000000000,0.0000000000000000,0.0000000000000000,1.0000000000000000,-0.0000000437113883,-0.0000000000014664,-0.0000000000000000,0.0000000437113883,1.0000000000000000,0.0000000000001705,0.0000000000000000,0.0000000000000000,0.0000000000000000,1.0000000000000000
M 1.0000000000000000,0.0000000000000000,0.0000000000000000,0.0000000000000000,0.0000000000000000,1.0000000000000000,-0.0000000437113883,-0.0000000000014664,-0.0000000000000000,0.0000000437113883,1.0000000000000000,0.0000000000001705,0.0000000000000000,0.0000000000000000,0.0000000000000000,1.0000000000000000
M 1.0000000000000000,0.0000000000000000,0.0000000000000000,0.0000000000000000,0.0000000000000000,1.0000000000000000,-0.0000000437113883,-0.0000000000014664,-0.0000000000000000,0.0000000437113883,1.0000000000000000,0.0000000000001705,0.0000000000000000,0.0000000000000000,0.0000000000000000,1.0000000000000000
M 1.0000000000000000,0.0000000000000000,0.0000000000000000,0.0000000000000000,0.0000000000000000,1.0000000000000000,-0.0000000437113883,-0.0000000000014664,-0.0000000000000000,0.0000000437113883,1.0000000000000000,0.0000000000001705,0.0000000000000000,0.0000000000000000,0.0000000000000000,1.0000000000000000
M 1.0000000000000000,0.0000000000000000,0.0000000000000000,0.0000000000000000,0.0000000000000000,1.0000000000000000,-0.0000000437113883,-0.0000000000014664,-0.0000000000000000,0.0000000437113883,1.0000000000000000,0.0000000000001705,0.0000000000000000,0.0000000000000000,0.0000000000000000,1.0000000000000000
M 1.0000000000000000,0.0000000000000000,0.0000000000000000,0.0000000000000000,0.0000000000000000,1.0000000000000000,-0.0000000437113883,-0.0000000000014664,-0.0000000000000000,0.0000000437113883,1.0000000000000000,0.0000000000001705,0.0000000000000000,0.0000000000000000,0.0000000000000000,1.0000000000000000
M 1.0000000000000000,0.0000000000000000,0.0000000000000000,0.0000000000000000,0.0000000000000000,1.0000000000000000,-0.0000000437113883,-0.0000000000014664,-0.0000000000000000,0.0000000437113883,1.0000000000000000,0.0000000000001705,0.0000000000000000,0.0000000000000000,0.0000000000000000,1.0000000000000000
M 0.9999549388885498,-0.0094900820404291,0.0000000004148247,0.0135451536625624,0.0094900820404291,0.9999549388885498,-0.0000000437094201,0.1142444163560867,-0.0000000000000000,0.0000000437113883,1.0000000000000000,0.0000000000001705,0.0000000000000000,0.0000000000000000,0.0000000000000000,1.0000000000000000
M 0.9993283748626709,-0.0366436950862408,0.0000000016017467,0.0463125035166740,0.0366436950862408,0.9993283748626709,-0.0000000436820322,0.4418663680553436,-0.0000000000000000,0.0000000437113883,1.0000000000000000,0.0000000000001705,0.0000000000000000,0.0000000000000000,0.0000000000000000,1.0000000000000000
M 0.9968398213386536,-0.0794377624988556,0.0000000034723340,0.0798943415284157,0.0794377624988556,0.9968398213386536,-0.0000000435732517,0.9604263901710510,-0.0000000000000000,0.0000000437113883,1.0000000000000000,0.0000000000001705,0.0000000000000000,0.0000000000000000,0.0000000000000000,1.0000000000000000
M 0.9907478690147400,-0.1357155591249466,0.0000000059323155,0.0901380032300949,0.1357155591249466,0.9907478690147400,-0.0000000433069509,1.6465612649917603,-0.0000000000000000,0.0000000437113883,1.0000000000000000,0.0000000000001705,0.0000000000000000,0.0000000000000000,0.0000000000000000,1.0000000000000000
M 0.9791563749313354,-0.2031077146530151,0.0000000088781205,0.0507136285305023,0.2031077146530151,0.9791563749313354,-0.0000000428002842,2.4745790958404541,-0.0000000000000000,0.0000000437113883,1.0000000000000000,0.0000000000001705,0.0000000000000000,0.0000000000000000,0.0000000000000000,1.0000000000000000
M 0.9602937102317810,-0.2789910435676575,0.0000000121950858,-0.0635891258716583,0.2789910435676575,0.9602937102317810,-0.0000000419757704,3.4155497550964355,-0.0000000000000000,0.0000000437113883,1.0000000000000000,0.0000000000001705,0.0000000000000000,0.0000000000000000,0.0000000000000000,1.0000000000000000
M 0.9327570796012878,-0.3605055510997772,0.0000000157581983,-0.2738907933235168,0.3605055510997772,0.9327570796012878,-0.0000000407720933,4.4371457099914551,-0.0000000000000000,0.0000000437113883,1.0000000000000000,0.0000000000001705,0.0000000000000000,0.0000000000000000,0.0000000000000000,1.0000000000000000
M 0.8957117795944214,-0.4446351230144501,0.0000000194356193,-0.5947125554084778,0.4446351230144501,0.8957117795944214,-0.0000000391528054,5.5043187141418457,-0.0000000000000000,0.0000000437113883,1.0000000000000000,0.0000000000001705,0.0000000000000000,0.0000000000000000,0.0000000000000000,1.0000000000000000
M 0.8490293622016907,-0.5283456444740295,0.0000000230947208,-1.0321021080017090,0.5283456444740295,0.8490293622016907,-0.0000000371122511,6.5807547569274902,-0.0000000000000000,0.0000000437113883,1.0000000000000000,0.0000000000001705,0.0000000000000000,0.0000000000000000,0.0000000000000000,1.0000000000000000
M 0.7933533191680908,-0.6087614297866821,0.0000000266098006,-1.5825872421264648,0.6087614297866821,0.7933533191680908,-0.0000000346785747,7.6309018135070801,-0.0000000000000000,0.0000000437113883,1.0000000000000000,0.0000000000001705,0.0000000000000000,0.0000000000000000,0.0000000000000000,1.0000000000000000
M 0.7300877571105957,-0.6833534240722656,0.0000000298703284,-2.2330284118652344,0.6833534240722656,0.7300877571105957,-0.0000000319131424,8.6222457885742188,-0.0000000000000000,0.0000000437113883,1.0000000000000000,0.0000000000001705,0.0000000000000000,0.0000000000000000,0.0000000000000000,1.0000000000000000
M 0.6613119244575500,-0.7501110434532166,0.0000000327883960,-2.9613943099975586,0.7501110434532166,0.6613119244575500,-0.0000000289068556,9.5275125503540039,-0.0000000000000000,0.0000000437113883,1.0000000000000000,0.0000000000001705,0.0000000000000000,0.0000000000000000,0.0000000000000000,1.0000000000000000
M 0.5896368622779846,-0.8076684474945068,0.0000000353043106,-3.7382981777191162,0.8076684474945068,0.5896368622779846,-0.0000000257738453,10.3263931274414062,-0.0000000000000000,0.0000000437113883,1.0000000000000000,0.0000000000001705,0.0000000000000000,0.0000000000000000,0.0000000000000000,1.0000000000000000
M 0.5180271267890930,-0.8553642034530640,0.0000000373891567,-4.5290541648864746,0.8553642034530640,0.5180271267890930,-0.0000000226436772,11.0065279006958008,-0.0000000000000000,0.0000000437113883,1.0000000000000000,0.0000000000001705,0.0000000000000000,0.0000000000000000,0.0000000000000000,1.0000000000000000
M 0.4496113061904907,-0.8932242989540100,0.0000000390440746,-5.2959833145141602,0.8932242989540100,0.4496113061904907,-0.0000000196531342,11.5635871887207031,-0.0000000000000000,0.0000000437113883,1.0000000000000000,0.0000000000001705,0.0000000000000000,0.0000000000000000,0.0000000000000000,1.0000000000000000
M 0.3875155150890350,-0.9218631982803345,0.0000000402959053,-6.0005626678466797,0.9218631982803345,0.3875155150890350,-0.0000000169388343,12.0003223419189453,-0.0000000000000000,0.0000000437113883,1.0000000000000000,0.0000000000001705,0.0000000000000000,0.0000000000000000,0.0000000000000000,1.0000000000000000
M 0.3347320258617401,-0.9423133730888367,0.0000000411898249,-6.6052579879760742,0.9423133730888367,0.3347320258617401,-0.0000000146316017,12.3247137069702148,-0.0000000000000000,0.0000000437113883,1.0000000000000000,0.0000000000001705,0.0000000000000000,0.0000000000000000,0.0000000000000000,1.0000000000000000
M 0.2940404117107391,-0.9557929635047913,0.0000000417790389,-7.0748205184936523,0.9557929635047913,0.2940404117107391,-0.0000000128529107,12.5472917556762695,-0.0000000000000000,0.0000000437113883,1.0000000000000000,0.0000000000001705,0.0000000000000000,0.0000000000000000,0.0000000000000000,1.0000000000000000
M 0.2679741680622101,-0.9634261131286621,0.0000000421126778,-7.3770995140075684,0.9634261131286621,0.2679741680622101,-0.0000000117135190,12.6778211593627930,-0.0000000000000000,0.0000000437113883,1.0000000000000000,0.0000000000001705,0.0000000000000000,0.0000000000000000,0.0000000000000000,1.0000000000000000
M 0.2588190734386444,-0.9659258127212524,0.0000000422219451,-7.4835362434387207,0.9659258127212524,0.2588190734386444,-0.0000000113133378,12.7214841842651367,-0.0000000000000000,0.0000000437113883,1.0000000000000000,0.0000000000001705,0.0000000000000000,0.0000000000000000,0.0000000000000000,1.0000000000000000
M 0.2588190734386444,-0.9659258127212524,0.0000000422219451,-7.4835362434387207,0.9659258127212524,0.2588190734386444,-0.0000000113133378,12.7214841842651367,-0.0000000000000000,0.0000000437113883,1.0000000000000000,0.0000000000001705,0.0000000000000000,0.0000000000000000,0.0000000000000000,1.0000000000000000
M 0.2588190734386444,-0.9659258127212524,0.0000000422219451,-7.4835362434387207,0.9659258127212524,0.2588190734386444,-0.0000000113133378,12.7214841842651367,-0.0000000000000000,0.0000000437113883,1.0000000000000000,0.0000000000001705,0.0000000000000000,0.0000000000000000,0.0000000000000000,1.0000000000000000
M 0.2588190734386444,-0.9659258127212524,0.0000000422219451,-7.4835362434387207,0.9659258127212524,0.2588190734386444,-0.0000000113133378,12.7214841842651367,-0.0000000000000000,0.0000000437113883,1.0000000000000000,0.0000000000001705,0.0000000000000000,0.0000000000000000,0.0000000000000000,1.0000000000000000
M 0.2588190734386444,-0.9659258127212524,0.0000000422219451,-7.4835362434387207,0.9659258127212524,0.2588190734386444,-0.0000000113133378,12.7214841842651367,-0.0000000000000000,0.0000000437113883,1.0000000000000000,0.0000000000001705,0.0000000000000000,0.0000000000000000,0.0000000000000000,1.0000000000000000
M 0.2588190734386444,-0.9659258127212524,0.0000000422219451,-7.4835362434387207,0.9659258127212524,0.2588190734386444,-0.0000000113133378,12.7214841842651367,-0.0000000000000000,0.0000000437113883,1.0000000000000000,0.0000000000001705,0.0000000000000000,0.0000000000000000,0.0000000000000000,1.0000000000000000
M 0.2588190734386444,-0.9659258127212524,0.0000000422219451,-7.4835362434387207,0.9659258127212524,0.2588190734386444,-0.0000000113133378,12.7214841842651367,-0.0000000000000000,0.0000000437113883,1.0000000000000000,0.0000000000001705,0.0000000000000000,0.0000000000000000,0.0000000000000000,1.0000000000000000
M 0.2588190734386444,-0.9659258127212524,0.0000000422219451,-7.4835362434387207,0.9659258127212524,0.2588190734386444,-0.0000000113133378,12.7214841842651367,-0.0000000000000000,0.0000000437113883,1.0000000000000000,0.0000000000001705,0.0000000000000000,0.0000000000000000,0.0000000000000000,1.0000000000000000
M 0.2588190734386444,-0.9659258127212524,0.0000000422219451,-7.4835362434387207,0.9659258127212524,0.2588190734386444,-0.0000000113133378,12.7214841842651367,-0.0000000000000000,0.0000000437113883,1.0000000000000000,0.0000000000001705,0.0000000000000000,0.0000000000000000,0.0000000000000000,1.0000000000000000
M 0.2588190734386444,-0.9659258127212524,0.0000000422219451,-7.4835362434387207,0.9659258127212524,0.2588190734386444,-0.0000000113133378,12.7214841842651367,-0.0000000000000000,0.0000000437113883,1.0000000000000000,0.0000000000001705,0.0000000000000000,0.0000000000000000,0.0000000000000000,1.0000000000000000
M 0.2588190734386444,-0.9659258127212524,0.0000000422219451,-7.4835362434387207,0.9659258127212524,0.2588190734386444,-0.0000000113133378,12.7214841842651367,-0.0000000000000000,0.0000000437113883,1.0000000000000000,0.0000000000001705,0.0000000000000000,0.0000000000000000,0.0000000000000000,1.0000000000000000
O DOOR_5_INTERIOR_LCG_IL_mvp_amendorf
A DOOR_5_INTERIOR_LCG_IL_mvp_amendorf_DOOR_5_INTERIOR_LCG_IL_mvp_amendorf
M 1.0000000000000000,0.0000000000000000,0.0000000000000000,0.0000000000000000,0.0000000000000000,1.0000000000000000,-0.0000000437113883,0.0000000712774764,-0.0000000000000000,0.0000000437113883,1.0000000000000000,0.0000000148962158,0.0000000000000000,0.0000000000000000,0.0000000000000000,1.0000000000000000
M 1.0000000000000000,0.0000000000000000,0.0000000000000000,0.0000000000000000,0.0000000000000000,1.0000000000000000,-0.0000000437113883,0.0000000712774764,-0.0000000000000000,0.0000000437113883,1.0000000000000000,0.0000000148962158,0.0000000000000000,0.0000000000000000,0.0000000000000000,1.0000000000000000
M 1.0000000000000000,0.0000000000000000,0.0000000000000000,0.0000000000000000,0.0000000000000000,1.0000000000000000,-0.0000000437113883,0.0000000712774764,-0.0000000000000000,0.0000000437113883,1.0000000000000000,0.0000000148962158,0.0000000000000000,0.0000000000000000,0.0000000000000000,1.0000000000000000
M 1.0000000000000000,0.0000000000000000,0.0000000000000000,0.0000000000000000,0.0000000000000000,1.0000000000000000,-0.0000000437113883,0.0000000712774764,-0.0000000000000000,0.0000000437113883,1.0000000000000000,0.0000000148962158,0.0000000000000000,0.0000000000000000,0.0000000000000000,1.0000000000000000
M 1.0000000000000000,0.0000000000000000,0.0000000000000000,0.0000000000000000,0.0000000000000000,1.0000000000000000,-0.0000000437113883,0.0000000712774764,-0.0000000000000000,0.0000000437113883,1.0000000000000000,0.0000000148962158,0.0000000000000000,0.0000000000000000,0.0000000000000000,1.0000000000000000
M 1.0000000000000000,0.0000000000000000,0.0000000000000000,0.0000000000000000,0.0000000000000000,1.0000000000000000,-0.0000000437113883,0.0000000712774764,-0.0000000000000000,0.0000000437113883,1.0000000000000000,0.0000000148962158,0.0000000000000000,0.0000000000000000,0.0000000000000000,1.0000000000000000
M 1.0000000000000000,0.0000000000000000,0.0000000000000000,0.0000000000000000,0.0000000000000000,1.0000000000000000,-0.0000000437113883,0.0000000712774764,-0.0000000000000000,0.0000000437113883,1.0000000000000000,0.0000000148962158,0.0000000000000000,0.0000000000000000,0.0000000000000000,1.0000000000000000
M 1.0000000000000000,0.0000000000000000,0.0000000000000000,0.0000000000000000,0.0000000000000000,1.0000000000000000,-0.0000000437113883,0.0000000712774764,-0.0000000000000000,0.0000000437113883,1.0000000000000000,0.0000000148962158,0.0000000000000000,0.0000000000000000,0.0000000000000000,1.0000000000000000
M 1.0000000000000000,0.0000000000000000,0.0000000000000000,0.0000000000000000,0.0000000000000000,1.0000000000000000,-0.0000000437113883,0.0000000712774764,-0.0000000000000000,0.0000000437113883,1.0000000000000000,0.0000000148962158,0.0000000000000000,0.0000000000000000,0.0000000000000000,1.0000000000000000
M 1.0000000000000000,0.0000000000000000,0.0000000000000000,0.0000000000000000,0.0000000000000000,1.0000000000000000,-0.0000000437113883,0.0000000712774764,-0.0000000000000000,0.0000000437113883,1.0000000000000000,0.0000000148962158,0.0000000000000000,0.0000000000000000,0.0000000000000000,1.0000000000000000
M 1.0000000000000000,0.0000000000000000,0.0000000000000000,0.0000000000000000,0.0000000000000000,1.0000000000000000,-0.0000000437113883,0.0000000712774764,-0.0000000000000000,0.0000000437113883,1.0000000000000000,0.0000000148962158,0.0000000000000000,0.0000000000000000,0.0000000000000000,1.0000000000000000
M 1.0000000000000000,0.0000000000000000,0.0000000000000000,0.0000000000000000,0.0000000000000000,1.0000000000000000,-0.0000000437113883,0.0000000712774764,-0.0000000000000000,0.0000000437113883,1.0000000000000000,0.0000000148962158,0.0000000000000000,0.0000000000000000,0.0000000000000000,1.0000000000000000
M 1.0000000000000000,0.0000000000000000,0.0000000000000000,0.0000000000000000,0.0000000000000000,1.0000000000000000,-0.0000000437113883,0.0000000712774764,-0.0000000000000000,0.0000000437113883,1.0000000000000000,0.0000000148962158,0.0000000000000000,0.0000000000000000,0.0000000000000000,1.0000000000000000
M 1.0000000000000000,0.0000000000000000,0.0000000000000000,0.0000000000000000,0.0000000000000000,1.0000000000000000,-0.0000000437113883,0.0000000712774764,-0.0000000000000000,0.0000000437113883,1.0000000000000000,0.0000000148962158,0.0000000000000000,0.0000000000000000,0.0000000000000000,1.0000000000000000
M 1.0000000000000000,0.0000000000000000,0.0000000000000000,0.0000000000000000,0.0000000000000000,1.0000000000000000,-0.0000000437113883,0.0000000712774764,-0.0000000000000000,0.0000000437113883,1.0000000000000000,0.0000000148962158,0.0000000000000000,0.0000000000000000,0.0000000000000000,1.0000000000000000
M 1.0000000000000000,0.0000000000000000,0.0000000000000000,0.0000000000000000,0.0000000000000000,1.0000000000000000,-0.0000000437113883,0.0000000712774764,-0.0000000000000000,0.0000000437113883,1.0000000000000000,0.0000000148962158,0.0000000000000000,0.0000000000000000,0.0000000000000000,1.0000000000000000
M 1.0000000000000000,0.0000000000000000,0.0000000000000000,0.0000000000000000,0.0000000000000000,1.0000000000000000,-0.0000000437113883,0.0000000712774764,-0.0000000000000000,0.0000000437113883,1.0000000000000000,0.0000000148962158,0.0000000000000000,0.0000000000000000,0.0000000000000000,1.0000000000000000
M 1.0000000000000000,0.0000000000000000,0.0000000000000000,0.0000000000000000,0.0000000000000000,1.0000000000000000,-0.0000000437113883,0.0000000712774764,-0.0000000000000000,0.0000000437113883,1.0000000000000000,0.0000000148962158,0.0000000000000000,0.0000000000000000,0.0000000000000000,1.0000000000000000
M 1.0000000000000000,0.0000000000000000,0.0000000000000000,0.0000000000000000,0.0000000000000000,1.0000000000000000,-0.0000000437113883,0.0000000712774764,-0.0000000000000000,0.0000000437113883,1.0000000000000000,0.0000000148962158,0.0000000000000000,0.0000000000000000,0.0000000000000000,1.0000000000000000
M 1.0000000000000000,0.0000000000000000,0.0000000000000000,0.0000000000000000,0.0000000000000000,1.0000000000000000,-0.0000000437113883,0.0000000712774764,-0.0000000000000000,0.0000000437113883,1.0000000000000000,0.0000000148962158,0.0000000000000000,0.0000000000000000,0.0000000000000000,1.0000000000000000
M 1.0000000000000000,0.0000000000000000,0.0000000000000000,0.0000000000000000,0.0000000000000000,1.0000000000000000,-0.0000000437113883,0.0000000712774764,-0.0000000000000000,0.0000000437113883,1.0000000000000000,0.0000000148962158,0.0000000000000000,0.0000000000000000,0.0000000000000000,1.0000000000000000
M 0.9999953508377075,-0.0000000001336278,-0.0030570491217077,0.0012821417767555,0.0000000000000000,1.0000000000000000,-0.0000000437113883,0.0000000712774764,0.0030570491217077,0.0000000437111716,0.9999953508377075,0.0363045297563076,0.0000000000000000,0.0000000000000000,0.0000000000000000,1.0000000000000000
M 0.9999277591705322,-0.0000000005254400,-0.0120206670835614,0.0044007189571857,0.0000000000000000,1.0000000000000000,-0.0000000437113883,0.0000000712774764,0.0120206670835614,0.0000000437082157,0.9999277591705322,0.1427770555019379,0.0000000000000000,0.0000000000000000,0.0000000000000000,1.0000000000000000
M 0.9996467232704163,-0.0000000011617478,-0.0265776906162500,0.0074324901215732,0.0000000000000000,1.0000000000000000,-0.0000000437113883,0.0000000712774764,0.0265776906162500,0.0000000436959446,0.9996467232704163,0.3157646954059601,0.0000000000000000,0.0000000000000000,0.0000000000000000,1.0000000000000000
M 0.9989225268363953,-0.0000000020286048,-0.0464090891182423,0.0075084646232426,0.0000000000000000,1.0000000000000000,-0.0000000437113883,0.0000000712774764,0.0464090891182423,0.0000000436642900,0.9989225268363953,0.5515793561935425,0.0000000000000000,0.0000000000000000,0.0000000000000000,1.0000000000000000
M 0.9974631667137146,-0.0000000031115788,-0.0711846426129341,0.0010185211431235,0.0000000000000000,1.0000000000000000,-0.0000000437113883,0.0000000712774764,0.0711846426129341,0.0000000436005010,0.9974631667137146,0.8464275002479553,0.0000000000000000,0.0000000000000000,0.0000000000000000,1.0000000000000000
M 0.9949312806129456,-0.0000000043954889,-0.1005570665001869,-0.0161975752562284,0.0000000000000000,1.0000000000000000,-0.0000000437113883,0.0000000712774764,0.1005570665001869,0.0000000434898126,0.9949312806129456,1.1963326930999756,0.0000000000000000,0.0000000000000000,0.0000000000000000,1.0000000000000000
M 0.9909601807594299,-0.0000000058641634,-0.1341564655303955,-0.0486542172729969,0.0000000000000000,1.0000000000000000,-0.0000000437113883,0.0000000712774764,0.1341564655303955,0.0000000433162306,0.9909601807594299,1.5970631837844849,0.0000000000000000,0.0000000000000000,0.0000000000000000,1.0000000000000000
M 0.9851692914962769,-0.0000000075002289,-0.1715852320194244,-0.1010467335581779,0.0000000000000000,1.0000000000000000,-0.0000000437113883,0.0000000712774764,0.1715852320194244,0.0000000430631033,0.9851692914962769,2.0440628528594971,0.0000000000000000,0.0000000000000000,0.0000000000000000,1.0000000000000000
M 0.9771795868873596,-0.0000000092849488,-0.2124148607254028,-0.1780610680580139,0.0000000000000000,1.0000000000000000,-0.0000000437113883,0.0000000712774764,0.2124148607254028,0.0000000427138609,0.9771795868873596,2.5324101448059082,0.0000000000000000,0.0000000000000000,0.0000000000000000,1.0000000000000000
M 0.9666280746459961,-0.0000000111981553,-0.2561839222908020,-0.2842125594615936,0.0000000000000000,1.0000000000000000,-0.0000000437113883,0.0000000712774764,0.2561839222908020,0.0000000422526405,0.9666280746459961,3.0567843914031982,0.0000000000000000,0.0000000000000000,0.0000000000000000,1.0000000000000000
M 0.9531816244125366,-0.0000000132182567,-0.3023984730243683,-0.4236693680286407,0.0000000000000000,1.0000000000000000,-0.0000000437113883,0.0000000712774764,0.3023984730243683,0.0000000416648795,0.9531816244125366,3.6114649772644043,0.0000000000000000,0.0000000000000000,0.0000000000000000,1.0000000000000000
M 0.9365499019622803,-0.0000000153223425,-0.3505343198776245,-0.6001111865043640,0.0000000000000000,1.0000000000000000,-0.0000000437113883,0.0000000712774764,0.3505343198776245,0.0000000409378806,0.9365499019622803,4.1903548240661621,0.0000000000000000,0.0000000000000000,0.0000000000000000,1.0000000000000000
M 0.9164969325065613,-0.0000000174863750,-0.4000416398048401,-0.8165814280509949,0.0000000000000000,1.0000000000000000,-0.0000000437113883,0.0000000712774764,0.4000416398048401,0.0000000400613516,0.9164969325065613,4.7870268821716309,0.0000000000000000,0.0000000000000000,0.0000000000000000,1.0000000000000000
M 0.8928512930870056,-0.0000000196854888,-0.4503516554832458,-1.0753630399703979,0.0000000000000000,1.0000000000000000,-0.0000000437113883,0.0000000712774764,0.4503516554832458,0.0000000390277570,0.8928512930870056,5.3948035240173340,0.0000000000000000,0.0000000000000000,0.0000000000000000,1.0000000000000000
M 0.8655136227607727,-0.0000000218943974,-0.5008854269981384,-1.3778891563415527,0.0000000000000000,1.0000000000000000,-0.0000000437113883,0.0000000712774764,0.5008854269981384,0.0000000378327876,0.8655136227607727,6.0068521499633789,0.0000000000000000,0.0000000000000000,0.0000000000000000,1.0000000000000000
M 0.8344633579254150,-0.0000000240877434,-0.5510634779930115,-1.7246592044830322,0.0000000000000000,1.0000000000000000,-0.0000000437113883,0.0000000712774764,0.5510634779930115,0.0000000364755515,0.8344633579254150,6.6163010597229004,0.0000000000000000,0.0000000000000000,0.0000000000000000,1.0000000000000000
M 0.7997615933418274,-0.0000000262407163,-0.6003177762031555,-2.1151931285858154,0.0000000000000000,1.0000000000000000,-0.0000000437113883,0.0000000712774764,0.6003177762031555,0.0000000349586884,0.7997615933418274,7.2163777351379395,0.0000000000000000,0.0000000000000000,0.0000000000000000,1.0000000000000000
M 0.7615524530410767,-0.0000000283294810,-0.6481032967567444,-2.5480215549468994,0.0000000000000000,1.0000000000000000,-0.0000000437113883,0.0000000712774764,0.6481032967567444,0.0000000332885151,0.7615524530410767,7.8005471229553223,0.0000000000000000,0.0000000000000000,0.0000000000000000,1.0000000000000000
M 0.7200611829757690,-0.0000000303317940,-0.6939105987548828,-3.0206890106201172,0.0000000000000000,1.0000000000000000,-0.0000000437113883,0.0000000712774764,0.6939105987548828,0.0000000314748725,0.7200611829757690,8.3626623153686523,0.0000000000000000,0.0000000000000000,0.0000000000000000,1.0000000000000000
M 0.6755902171134949,-0.0000000322274154,-0.7372773289680481,-3.5298085212707520,0.0000000000000000,1.0000000000000000,-0.0000000437113883,0.0000000712774764,0.7372773289680481,0.0000000295309786,0.6755902171134949,8.8970975875854492,0.0000000000000000,0.0000000000000000,0.0000000000000000,1.0000000000000000
M 0.6285126805305481,-0.0000000339986883,-0.7777993083000183,-4.0711255073547363,0.0000000000000000,1.0000000000000000,-0.0000000437113883,0.0000000712774764,0.7777993083000183,0.0000000274731615,0.6285126805305481,9.3988924026489258,0.0000000000000000,0.0000000000000000,0.0000000000000000,1.0000000000000000
M 0.5792633891105652,-0.0000000356309187,-0.8151404261589050,-4.6396245956420898,0.0000000000000000,1.0000000000000000,-0.0000000437113883,0.0000000712774764,0.8151404261589050,0.0000000253204071,0.5792633891105652,9.8638648986816406,0.0000000000000000,0.0000000000000000,0.0000000000000000,1.0000000000000000
M 0.5283295512199402,-0.0000000371126916,-0.8490393757820129,-5.2296328544616699,0.0000000000000000,1.0000000000000000,-0.0000000437113883,0.0000000712774764,0.8490393757820129,0.0000000230940103,0.5283295512199402,10.2886981964111328,0.0000000000000000,0.0000000000000000,0.0000000000000000,1.0000000000000000
M 0.4762381613254547,-0.0000000384361378,-0.8793163299560547,-5.8349719047546387,0.0000000000000000,1.0000000000000000,-0.0000000437113883,0.0000000712774764,0.8793163299560547,0.0000000208170245,0.4762381613254547,10.6710262298583984,0.0000000000000000,0.0000000000000000,0.0000000000000000,1.0000000000000000
M 0.4235449135303497,-0.0000000395970581,-0.9058750867843628,-6.4490852355957031,0.0000000000000000,1.0000000000000000,-0.0000000437113883,0.0000000712774764,0.9058750867843628,0.0000000185137292,0.4235449135303497,11.0094652175903320,0.0000000000000000,0.0000000000000000,0.0000000000000000,1.0000000000000000
M 0.3708207905292511,-0.0000000405949621,-0.9287044405937195,-7.0651965141296387,0.0000000000000000,1.0000000000000000,-0.0000000437113883,0.0000000712774764,0.9287044405937195,0.0000000162090839,0.3708207905292511,11.3036308288574219,0.0000000000000000,0.0000000000000000,0.0000000000000000,1.0000000000000000
