O TRAPDOOR_2_mvp_amendorf
A TRAPDOOR_2_mvp_amendorf_TRAPDOOR_2_mvp_amendorf
M 1.0000000000000000,0.0000000000000000,0.0000000000000000,0.0000000000000000,0.0000000000000000,1.0000000000000000,-0.0000000437113883,0.0000000245840539,-0.0000000000000000,0.0000000437113883,1.0000000000000000,0.0000000194940100,0.0000000000000000,0.0000000000000000,0.0000000000000000,1.0000000000000000
M 1.0000000000000000,0.0000000000000000,0.0000000000000000,0.0000000000000000,0.0000000000000000,1.0000000000000000,-0.0000000437113883,0.0000000245840539,-0.0000000000000000,0.0000000437113883,1.0000000000000000,0.0000000194940100,0.0000000000000000,0.0000000000000000,0.0000000000000000,1.0000000000000000
M 1.0000000000000000,0.0000000000000000,0.0000000000000000,0.0000000000000000,0.0000000000000000,1.0000000000000000,-0.0000000437113883,0.0000000245840539,-0.0000000000000000,0.0000000437113883,1.0000000000000000,0.0000000194940100,0.0000000000000000,0.0000000000000000,0.0000000000000000,1.0000000000000000
M 1.0000000000000000,0.0000000000000000,0.0000000000000000,0.0000000000000000,0.0000000000000000,1.0000000000000000,-0.0000000437113883,0.0000000245840539,-0.0000000000000000,0.0000000437113883,1.0000000000000000,0.0000000194940100,0.0000000000000000,0.0000000000000000,0.0000000000000000,1.0000000000000000
M 1.0000000000000000,0.0000000000000000,0.0000000000000000,0.0000000000000000,0.0000000000000000,1.0000000000000000,-0.0000000437113883,0.0000000245840539,-0.0000000000000000,0.0000000437113883,1.0000000000000000,0.0000000194940100,0.0000000000000000,0.0000000000000000,0.0000000000000000,1.0000000000000000
M 1.0000000000000000,0.0000000000000000,0.0000000000000000,0.0000000000000000,0.0000000000000000,1.0000000000000000,-0.0000000437113883,0.0000000245840539,-0.0000000000000000,0.0000000437113883,1.0000000000000000,0.0000000194940100,0.0000000000000000,0.0000000000000000,0.0000000000000000,1.0000000000000000
M 1.0000000000000000,0.0000000000000000,0.0000000000000000,0.0000000000000000,0.0000000000000000,1.0000000000000000,-0.0000000437113883,0.0000000245840539,-0.0000000000000000,0.0000000437113883,1.0000000000000000,0.0000000194940100,0.0000000000000000,0.0000000000000000,0.0000000000000000,1.0000000000000000
M 1.0000000000000000,0.0000000000000000,0.0000000000000000,0.0000000000000000,0.0000000000000000,1.0000000000000000,-0.0000000437113883,0.0000000245840539,-0.0000000000000000,0.0000000437113883,1.0000000000000000,0.0000000194940100,0.0000000000000000,0.0000000000000000,0.0000000000000000,1.0000000000000000
M 1.0000000000000000,0.0000000000000000,0.0000000000000000,0.0000000000000000,0.0000000000000000,1.0000000000000000,-0.0000000437113883,0.0000000245840539,-0.0000000000000000,0.0000000437113883,1.0000000000000000,0.0000000194940100,0.0000000000000000,0.0000000000000000,0.0000000000000000,1.0000000000000000
M 1.0000000000000000,0.0000000000000000,0.0000000000000000,0.0000000000000000,0.0000000000000000,1.0000000000000000,-0.0000000437113883,0.0000000245840539,-0.0000000000000000,0.0000000437113883,1.0000000000000000,0.0000000194940100,0.0000000000000000,0.0000000000000000,0.0000000000000000,1.0000000000000000
M 1.0000000000000000,0.0000000000000000,0.0000000000000000,0.0000000000000000,0.0000000000000000,1.0000000000000000,-0.0000000437113883,0.0000000245840539,-0.0000000000000000,0.0000000437113883,1.0000000000000000,0.0000000194940100,0.0000000000000000,0.0000000000000000,0.0000000000000000,1.0000000000000000
M 1.0000000000000000,0.0000000000000000,0.0000000000000000,0.0000000000000000,0.0000000000000000,1.0000000000000000,-0.0000000437113883,0.0000000245840539,-0.0000000000000000,0.0000000437113883,1.0000000000000000,0.0000000194940100,0.0000000000000000,0.0000000000000000,0.0000000000000000,1.0000000000000000
M 1.0000000000000000,0.0000000000000000,0.0000000000000000,0.0000000000000000,0.0000000000000000,1.0000000000000000,-0.0000000437113883,0.0000000245840539,-0.0000000000000000,0.0000000437113883,1.0000000000000000,0.0000000194940100,0.0000000000000000,0.0000000000000000,0.0000000000000000,1.0000000000000000
M 1.0000000000000000,0.0000000000000000,0.0000000000000000,0.0000000000000000,0.0000000000000000,1.0000000000000000,-0.0000000437113883,0.0000000245840539,-0.0000000000000000,0.0000000437113883,1.0000000000000000,0.0000000194940100,0.0000000000000000,0.0000000000000000,0.0000000000000000,1.0000000000000000
M 1.0000000000000000,0.0000000000000000,0.0000000000000000,0.0000000000000000,0.0000000000000000,1.0000000000000000,-0.0000000437113883,0.0000000245840539,-0.0000000000000000,0.0000000437113883,1.0000000000000000,0.0000000194940100,0.0000000000000000,0.0000000000000000,0.0000000000000000,1.0000000000000000
M 1.0000000000000000,0.0000000000000000,0.0000000000000000,0.0000000000000000,0.0000000000000000,1.0000000000000000,-0.0000000437113883,0.0000000245840539,-0.0000000000000000,0.0000000437113883,1.0000000000000000,0.0000000194940100,0.0000000000000000,0.0000000000000000,0.0000000000000000,1.0000000000000000
M 1.0000000000000000,0.0000000000000000,0.0000000000000000,0.0000000000000000,0.0000000000000000,1.0000000000000000,-0.0000000437113883,0.0000000245840539,-0.0000000000000000,0.0000000437113883,1.0000000000000000,0.0000000194940100,0.0000000000000000,0.0000000000000000,0.0000000000000000,1.0000000000000000
M 1.0000000000000000,0.0000000000000000,0.0000000000000000,0.0000000000000000,0.0000000000000000,1.0000000000000000,-0.0000000437113883,0.0000000245840539,-0.0000000000000000,0.0000000437113883,1.0000000000000000,0.0000000194940100,0.0000000000000000,0.0000000000000000,0.0000000000000000,1.0000000000000000
M 1.0000000000000000,0.0000000000000000,0.0000000000000000,0.0000000000000000,0.0000000000000000,1.0000000000000000,-0.0000000437113883,0.0000000245840539,-0.0000000000000000,0.0000000437113883,1.0000000000000000,0.0000000194940100,0.0000000000000000,0.0000000000000000,0.0000000000000000,1.0000000000000000
M 1.0000000000000000,0.0000000000000000,0.0000000000000000,0.0000000000000000,0.0000000000000000,1.0000000000000000,-0.0000000437113883,0.0000000245840539,-0.0000000000000000,0.0000000437113883,1.0000000000000000,0.0000000194940100,0.0000000000000000,0.0000000000000000,0.0000000000000000,1.0000000000000000
M 1.0000000000000000,0.0000000000000000,0.0000000000000000,0.0000000000000000,0.0000000000000000,1.0000000000000000,-0.0000000437113883,0.0000000245840539,-0.0000000000000000,0.0000000437113883,1.0000000000000000,0.0000000194940100,0.0000000000000000,0.0000000000000000,0.0000000000000000,1.0000000000000000
M 1.0000000000000000,0.0000000000000000,0.0000000000000000,0.0000000000000000,0.0000000000000000,1.0000000000000000,-0.0000000437113883,0.0000000245840539,-0.0000000000000000,0.0000000437113883,1.0000000000000000,0.0000000194940100,0.0000000000000000,0.0000000000000000,0.0000000000000000,1.0000000000000000
M 1.0000000000000000,0.0000000000000000,0.0000000000000000,0.0000000000000000,0.0000000000000000,1.0000000000000000,-0.0000000437113883,0.0000000245840539,-0.0000000000000000,0.0000000437113883,1.0000000000000000,0.0000000194940100,0.0000000000000000,0.0000000000000000,0.0000000000000000,1.0000000000000000
M 1.0000000000000000,0.0000000000000000,0.0000000000000000,0.0000000000000000,0.0000000000000000,1.0000000000000000,-0.0000000437113883,0.0000000245840539,-0.0000000000000000,0.0000000437113883,1.0000000000000000,0.0000000194940100,0.0000000000000000,0.0000000000000000,0.0000000000000000,1.0000000000000000
M 1.0000000000000000,0.0000000000000000,0.0000000000000000,0.0000000000000000,0.0000000000000000,1.0000000000000000,-0.0000000437113883,0.0000000245840539,-0.0000000000000000,0.0000000437113883,1.0000000000000000,0.0000000194940100,0.0000000000000000,0.0000000000000000,0.0000000000000000,1.0000000000000000
M 1.0000000000000000,0.0000000000000000,0.0000000000000000,0.0000000000000000,0.0000000000000000,1.0000000000000000,-0.0000000437113883,0.0000000245840539,-0.0000000000000000,0.0000000437113883,1.0000000000000000,0.0000000194940100,0.0000000000000000,0.0000000000000000,0.0000000000000000,1.0000000000000000
M 1.0000000000000000,0.0000000000000000,0.0000000000000000,0.0000000000000000,0.0000000000000000,1.0000000000000000,-0.0000000437113883,0.0000000245840539,-0.0000000000000000,0.0000000437113883,1.0000000000000000,0.0000000194940100,0.0000000000000000,0.0000000000000000,0.0000000000000000,1.0000000000000000
M 1.0000000000000000,0.0000000000000000,0.0000000000000000,0.0000000000000000,0.0000000000000000,1.0000000000000000,-0.0000000437113883,0.0000000245840539,-0.0000000000000000,0.0000000437113883,1.0000000000000000,0.0000000194940100,0.0000000000000000,0.0000000000000000,0.0000000000000000,1.0000000000000000
M 1.0000000000000000,0.0000000000000000,0.0000000000000000,0.0000000000000000,0.0000000000000000,1.0000000000000000,-0.0000000437113883,0.0000000245840539,-0.0000000000000000,0.0000000437113883,1.0000000000000000,0.0000000194940100,0.0000000000000000,0.0000000000000000,0.0000000000000000,1.0000000000000000
M 1.0000000000000000,0.0000000000000000,0.0000000000000000,0.0000000000000000,0.0000000000000000,1.0000000000000000,-0.0000000437113883,0.0000000245840539,-0.0000000000000000,0.0000000437113883,1.0000000000000000,0.0000000194940100,0.0000000000000000,0.0000000000000000,0.0000000000000000,1.0000000000000000
M 1.0000000000000000,0.0000000000000000,0.0000000000000000,0.0000000000000000,0.0000000000000000,1.0000000000000000,-0.0000000437113883,0.0000000245840539,-0.0000000000000000,0.0000000437113883,1.0000000000000000,0.0000000194940100,0.0000000000000000,0.0000000000000000,0.0000000000000000,1.0000000000000000
M 1.0000000000000000,0.0000000000000000,0.0000000000000000,0.0000000000000000,0.0000000000000000,1.0000000000000000,-0.0000000437113883,0.0000000245840539,-0.0000000000000000,0.0000000437113883,1.0000000000000000,0.0000000194940100,0.0000000000000000,0.0000000000000000,0.0000000000000000,1.0000000000000000
M 1.0000000000000000,0.0000000000000000,0.0000000000000000,0.0000000000000000,0.0000000000000000,1.0000000000000000,-0.0000000437113883,0.0000000245840539,-0.0000000000000000,0.0000000437113883,1.0000000000000000,0.0000000194940100,0.0000000000000000,0.0000000000000000,0.0000000000000000,1.0000000000000000
M 1.0000000000000000,0.0000000000000000,0.0000000000000000,0.0000000000000000,0.0000000000000000,1.0000000000000000,-0.0000000437113883,0.0000000245840539,-0.0000000000000000,0.0000000437113883,1.0000000000000000,0.0000000194940100,0.0000000000000000,0.0000000000000000,0.0000000000000000,1.0000000000000000
M 1.0000000000000000,0.0000000000000000,0.0000000000000000,0.0000000000000000,0.0000000000000000,1.0000000000000000,-0.0000000437113883,0.0000000245840539,-0.0000000000000000,0.0000000437113883,1.0000000000000000,0.0000000194940100,0.0000000000000000,0.0000000000000000,0.0000000000000000,1.0000000000000000
M 1.0000000000000000,0.0000000000000000,0.0000000000000000,0.0000000000000000,0.0000000000000000,1.0000000000000000,-0.0000000437113883,0.0000000245840539,-0.0000000000000000,0.0000000437113883,1.0000000000000000,0.0000000194940100,0.0000000000000000,0.0000000000000000,0.0000000000000000,1.0000000000000000
M 1.0000000000000000,0.0000000000000000,0.0000000000000000,0.0000000000000000,0.0000000000000000,1.0000000000000000,-0.0000000437113883,0.0000000245840539,-0.0000000000000000,0.0000000437113883,1.0000000000000000,0.0000000194940100,0.0000000000000000,0.0000000000000000,0.0000000000000000,1.0000000000000000
M 1.0000000000000000,0.0000000000000000,0.0000000000000000,0.0000000000000000,0.0000000000000000,1.0000000000000000,-0.0000000437113883,0.0000000245840539,-0.0000000000000000,0.0000000437113883,1.0000000000000000,0.0000000194940100,0.0000000000000000,0.0000000000000000,0.0000000000000000,1.0000000000000000
M 1.0000000000000000,0.0000000000000000,0.0000000000000000,0.0000000000000000,0.0000000000000000,1.0000000000000000,-0.0000000437113883,0.0000000245840539,-0.0000000000000000,0.0000000437113883,1.0000000000000000,0.0000000194940100,0.0000000000000000,0.0000000000000000,0.0000000000000000,1.0000000000000000
M 1.0000000000000000,0.0000000000000000,0.0000000000000000,0.0000000000000000,0.0000000000000000,1.0000000000000000,-0.0000000437113883,0.0000000245840539,-0.0000000000000000,0.0000000437113883,1.0000000000000000,0.0000000194940100,0.0000000000000000,0.0000000000000000,0.0000000000000000,1.0000000000000000
M 1.0000000000000000,0.0000000000000000,0.0000000000000000,0.0000000000000000,0.0000000000000000,1.0000000000000000,-0.0000000437113883,0.0000000245840539,-0.0000000000000000,0.0000000437113883,1.0000000000000000,0.0000000194940100,0.0000000000000000,0.0000000000000000,0.0000000000000000,1.0000000000000000
M 1.0000000000000000,0.0000000000000000,0.0000000000000000,0.0000000000000000,0.0000000000000000,1.0000000000000000,-0.0000000437113883,0.0000000245840539,-0.0000000000000000,0.0000000437113883,1.0000000000000000,0.0000000194940100,0.0000000000000000,0.0000000000000000,0.0000000000000000,1.0000000000000000
M 1.0000000000000000,0.0000000000000000,0.0000000000000000,0.0000000000000000,0.0000000000000000,1.0000000000000000,-0.0000000437113883,0.0000000245840539,-0.0000000000000000,0.0000000437113883,1.0000000000000000,0.0000000194940100,0.0000000000000000,0.0000000000000000,0.0000000000000000,1.0000000000000000
M 1.0000000000000000,0.0000000000000000,0.0000000000000000,0.0000000000000000,0.0000000000000000,1.0000000000000000,-0.0000000437113883,0.0000000245840539,-0.0000000000000000,0.0000000437113883,1.0000000000000000,0.0000000194940100,0.0000000000000000,0.0000000000000000,0.0000000000000000,1.0000000000000000
M 1.0000000000000000,0.0000000000000000,0.0000000000000000,0.0000000000000000,0.0000000000000000,1.0000000000000000,-0.0000000437113883,0.0000000245840539,-0.0000000000000000,0.0000000437113883,1.0000000000000000,0.0000000194940100,0.0000000000000000,0.0000000000000000,0.0000000000000000,1.0000000000000000
M 1.0000000000000000,0.0000000000000000,0.0000000000000000,0.0000000000000000,0.0000000000000000,1.0000000000000000,-0.0000000437113883,0.0000000245840539,-0.0000000000000000,0.0000000437113883,1.0000000000000000,0.0000000194940100,0.0000000000000000,0.0000000000000000,0.0000000000000000,1.0000000000000000
M 1.0000000000000000,0.0000000000000000,0.0000000000000000,0.0000000000000000,0.0000000000000000,1.0000000000000000,-0.0000000437113883,0.0000000245840539,-0.0000000000000000,0.0000000437113883,1.0000000000000000,0.0000000194940100,0.0000000000000000,0.0000000000000000,0.0000000000000000,1.0000000000000000
M 1.0000000000000000,0.0000000000000000,0.0000000000000000,0.0000000000000000,0.0000000000000000,1.0000000000000000,-0.0000000437113883,0.0000000245840539,-0.0000000000000000,0.0000000437113883,1.0000000000000000,0.0000000194940100,0.0000000000000000,0.0000000000000000,0.0000000000000000,1.0000000000000000
M 1.0000000000000000,0.0000000000000000,0.0000000000000000,0.0000000000000000,0.0000000000000000,1.0000000000000000,-0.0000000437113883,0.0000000245840539,-0.0000000000000000,0.0000000437113883,1.0000000000000000,0.0000000194940100,0.0000000000000000,0.0000000000000000,0.0000000000000000,1.0000000000000000
M 1.0000000000000000,0.0000000000000000,0.0000000000000000,0.0000000000000000,0.0000000000000000,1.0000000000000000,-0.0000000437113883,0.0000000245840539,-0.0000000000000000,0.0000000437113883,1.0000000000000000,0.0000000194940100,0.0000000000000000,0.0000000000000000,0.0000000000000000,1.0000000000000000
M 1.0000000000000000,0.0000000000000000,0.0000000000000000,0.0000000000000000,0.0000000000000000,1.0000000000000000,-0.0000000437113883,0.0000000245840539,-0.0000000000000000,0.0000000437113883,1.0000000000000000,0.0000000194940100,0.0000000000000000,0.0000000000000000,0.0000000000000000,1.0000000000000000
M 0.9999868869781494,-0.0051196110434830,0.0000000002237853,0.0067278412170708,0.0051196110434830,0.9999868869781494,-0.0000000437108021,0.0593731589615345,-0.0000000000000000,0.0000000437113883,1.0000000000000000,0.0000000194940100,0.0000000000000000,0.0000000000000000,0.0000000000000000,1.0000000000000000
M 0.9997997283935547,-0.0200117770582438,0.0000000008747423,0.0245686210691929,0.0200117770582438,0.9997997283935547,-0.0000000437026344,0.2322806268930435,-0.0000000000000000,0.0000000437113883,1.0000000000000000,0.0000000194940100,0.0000000000000000,0.0000000000000000,0.0000000000000000,1.0000000000000000
M 0.9990329146385193,-0.0439681224524975,0.0000000019219073,0.0478698015213013,0.0439681224524975,0.9990329146385193,-0.0000000436691145,0.5110549330711365,-0.0000000000000000,0.0000000437113883,1.0000000000000000,0.0000000194940100,0.0000000000000000,0.0000000000000000,0.0000000000000000,1.0000000000000000
M 0.9970883727073669,-0.0762549862265587,0.0000000033332113,0.0687113478779793,0.0762549862265587,0.9970883727073669,-0.0000000435841017,0.8879936933517456,-0.0000000000000000,0.0000000437113883,1.0000000000000000,0.0000000194940100,0.0000000000000000,0.0000000000000000,0.0000000000000000,1.0000000000000000
M 0.9932383298873901,-0.1160929128527641,0.0000000050745825,0.0776068195700645,0.1160929128527641,0.9932383298873901,-0.0000000434158274,1.3550381660461426,-0.0000000000000000,0.0000000437113883,1.0000000000000000,0.0000000194940100,0.0000000000000000,0.0000000000000000,0.0000000000000000,1.0000000000000000
M 0.9866859316825867,-0.1626371741294861,0.0000000071090969,0.0641838237643242,0.1626371741294861,0.9866859316825867,-0.0000000431293969,1.9034655094146729,-0.0000000000000000,0.0000000437113883,1.0000000000000000,0.0000000194940100,0.0000000000000000,0.0000000000000000,0.0000000000000000,1.0000000000000000
M 0.9766222834587097,-0.2149625867605209,0.0000000093963131,0.0178207028657198,0.2149625867605209,0.9766222834587097,-0.0000000426894999,2.5236363410949707,-0.0000000000000000,0.0000000437113883,1.0000000000000000,0.0000000194940100,0.0000000000000000,0.0000000000000000,0.0000000000000000,1.0000000000000000
M 0.9622813463211060,-0.2720563709735870,0.0000000118919585,-0.0717250406742096,0.2720563709735870,0.9622813463211060,-0.0000000420626378,3.2048380374908447,-0.0000000000000000,0.0000000437113883,1.0000000000000000,0.0000000194940100,0.0000000000000000,0.0000000000000000,0.0000000000000000,1.0000000000000000
M 0.9429905414581299,-0.3328195512294769,0.0000000145480046,-0.2137273699045181,0.3328195512294769,0.9429905414581299,-0.0000000412194119,3.9352331161499023,-0.0000000000000000,0.0000000437113883,1.0000000000000000,0.0000000194940100,0.0000000000000000,0.0000000000000000,0.0000000000000000,1.0000000000000000
M 0.9182161092758179,-0.3960797786712646,0.0000000173131962,-0.4159500300884247,0.3960797786712646,0.9182161092758179,-0.0000000401364879,4.7019472122192383,-0.0000000000000000,0.0000000437113883,1.0000000000000000,0.0000000194940100,0.0000000000000000,0.0000000000000000,0.0000000000000000,1.0000000000000000
M 0.8876011371612549,-0.4606129229068756,0.0000000201340296,-0.6841759681701660,0.4606129229068756,0.8876011371612549,-0.0000000387982624,5.4912667274475098,-0.0000000000000000,0.0000000437113883,1.0000000000000000,0.0000000194940100,0.0000000000000000,0.0000000000000000,0.0000000000000000,1.0000000000000000
M 0.8509944677352905,-0.5251746773719788,0.0000000229561135,-1.0218300819396973,0.5251746773719788,0.8509944677352905,-0.0000000371981486,6.2889699935913086,-0.0000000000000000,0.0000000437113883,1.0000000000000000,0.0000000194940100,0.0000000000000000,0.0000000000000000,0.0000000000000000,1.0000000000000000
M 0.8084694743156433,-0.5885381102561951,0.0000000257258037,-1.4297093152999878,0.5885381102561951,0.8084694743156433,-0.0000000353393226,7.0807328224182129,-0.0000000000000000,0.0000000437113883,1.0000000000000000,0.0000000194940100,0.0000000000000000,0.0000000000000000,0.0000000000000000,1.0000000000000000
M 0.7603303790092468,-0.6495364904403687,0.0000000283921420,-1.9058549404144287,0.6495364904403687,0.7603303790092468,-0.0000000332350965,7.8526196479797363,-0.0000000000000000,0.0000000437113883,1.0000000000000000,0.0000000194940100,0.0000000000000000,0.0000000000000000,0.0000000000000000,1.0000000000000000
M 0.7071068286895752,-0.7071067690849304,0.0000000309086126,-2.4455556869506836,0.7071067690849304,0.7071068286895752,-0.0000000309086126,8.5915937423706055,-0.0000000000000000,0.0000000437113883,1.0000000000000000,0.0000000194940100,0.0000000000000000,0.0000000000000000,0.0000000000000000,1.0000000000000000
M 0.6495364308357239,-0.7603304982185364,0.0000000332351000,-3.0414931774139404,0.7603304982185364,0.6495364308357239,-0.0000000283921313,9.2860164642333984,-0.0000000000000000,0.0000000437113883,1.0000000000000000,0.0000000194940100,0.0000000000000000,0.0000000000000000,0.0000000000000000,1.0000000000000000
M 0.5885380506515503,-0.8084695339202881,0.0000000353393261,-3.6840064525604248,0.8084695339202881,0.5885380506515503,-0.0000000257258144,9.9260959625244141,-0.0000000000000000,0.0000000437113883,1.0000000000000000,0.0000000194940100,0.0000000000000000,0.0000000000000000,0.0000000000000000,1.0000000000000000
M 0.5251746177673340,-0.8509944677352905,0.0000000371981486,-4.3614830970764160,0.8509944677352905,0.5251746177673340,-0.0000000229561117,10.5042629241943359,-0.0000000000000000,0.0000000437113883,1.0000000000000000,0.0000000194940100,0.0000000000000000,0.0000000000000000,0.0000000000000000,1.0000000000000000
M 0.4606129825115204,-0.8876010775566101,0.0000000387982766,-5.0608043670654297,0.8876010775566101,0.4606129825115204,-0.0000000201340331,11.0154256820678711,-0.0000000000000000,0.0000000437113883,1.0000000000000000,0.0000000194940100,0.0000000000000000,0.0000000000000000,0.0000000000000000,1.0000000000000000
M 0.3960798382759094,-0.9182160496711731,0.0000000401364986,-5.7678470611572266,0.9182160496711731,0.3960798382759094,-0.0000000173131927,11.4570846557617188,-0.0000000000000000,0.0000000437113883,1.0000000000000000,0.0000000194940100,0.0000000000000000,0.0000000000000000,0.0000000000000000,1.0000000000000000
M 0.3328195512294769,-0.9429905414581299,0.0000000412194119,-6.4679803848266602,0.9429905414581299,0.3328195512294769,-0.0000000145480010,11.8293199539184570,-0.0000000000000000,0.0000000437113883,1.0000000000000000,0.0000000194940100,0.0000000000000000,0.0000000000000000,0.0000000000000000,1.0000000000000000
M 0.2720563411712646,-0.9622813463211060,0.0000000420626378,-7.1465315818786621,0.9622813463211060,0.2720563411712646,-0.0000000118919603,12.1346235275268555,-0.0000000000000000,0.0000000437113883,1.0000000000000000,0.0000000194940100,0.0000000000000000,0.0000000000000000,0.0000000000000000,1.0000000000000000
M 0.2149627208709717,-0.9766222834587097,0.0000000426894999,-7.7891902923583984,0.9766222834587097,0.2149627208709717,-0.0000000093963193,12.3776082992553711,-0.0000000000000000,0.0000000437113883,1.0000000000000000,0.0000000194940100,0.0000000000000000,0.0000000000000000,0.0000000000000000,1.0000000000000000
M 0.1626370400190353,-0.9866859912872314,0.0000000431294147,-8.3823175430297852,0.9866859912872314,0.1626370400190353,-0.0000000071090906,12.5645971298217773,-0.0000000000000000,0.0000000437113883,1.0000000000000000,0.0000000194940100,0.0000000000000000,0.0000000000000000,0.0000000000000000,1.0000000000000000
M 0.1160930022597313,-0.9932383298873901,0.0000000434158132,-8.9131336212158203,0.9932383298873901,0.1160930022597313,-0.0000000050745861,12.7031068801879883,-0.0000000000000000,0.0000000437113883,1.0000000000000000,0.0000000194940100,0.0000000000000000,0.0000000000000000,0.0000000000000000,1.0000000000000000
M 0.0762549713253975,-0.9970883727073669,0.0000000435841017,-9.3698320388793945,0.9970883727073669,0.0762549713253975,-0.0000000033332106,12.8012762069702148,-0.0000000000000000,0.0000000437113883,1.0000000000000000,0.0000000194940100,0.0000000000000000,0.0000000000000000,0.0000000000000000,1.0000000000000000
M 0.0439681634306908,-0.9990329146385193,0.0000000436691145,-9.7415437698364258,0.9990329146385193,0.0439681634306908,-0.0000000019219095,12.8672046661376953,-0.0000000000000000,0.0000000437113883,1.0000000000000000,0.0000000194940100,0.0000000000000000,0.0000000000000000,0.0000000000000000,1.0000000000000000
M 0.0200118329375982,-0.9997997283935547,0.0000000437026344,-10.0182571411132812,0.9997997283935547,0.0200118329375982,-0.0000000008747450,12.9082860946655273,-0.0000000000000000,0.0000000437113883,1.0000000000000000,0.0000000194940100,0.0000000000000000,0.0000000000000000,0.0000000000000000,1.0000000000000000
M 0.0051196152344346,-0.9999868869781494,0.0000000437108021,-10.1906623840332031,0.9999868869781494,0.0051196152344346,-0.0000000002237854,12.9304685592651367,-0.0000000000000000,0.0000000437113883,1.0000000000000000,0.0000000194940100,0.0000000000000000,0.0000000000000000,0.0000000000000000,1.0000000000000000
M 0.0000000754979013,-1.0000000000000000,0.0000000437113883,-10.2499990463256836,1.0000000000000000,0.0000000754979013,-0.0000000000000033,12.9375000000000000,-0.0000000000000000,0.0000000437113883,1.0000000000000000,0.0000000194940100,0.0000000000000000,0.0000000000000000,0.0000000000000000,1.0000000000000000
O TRAPDOOR_2_INTERIOR_LCG_IL_mvp_amendorf
A TRAPDOOR_2_INTERIOR_LCG_IL_mvp_amendorf_TRAPDOOR_2_INTERIOR_LCG_IL_mvp_amendorf
M 1.0000000000000000,0.0000000000000000,0.0000000000000000,0.0000000000000000,0.0000000000000000,1.0000000000000000,-0.0000000437113883,0.0000000245840539,-0.0000000000000000,0.0000000437113883,1.0000000000000000,0.0000000194940100,0.0000000000000000,0.0000000000000000,0.0000000000000000,1.0000000000000000
M 1.0000000000000000,0.0000000000000000,0.0000000000000000,0.0000000000000000,0.0000000000000000,1.0000000000000000,-0.0000000437113883,0.0000000245840539,-0.0000000000000000,0.0000000437113883,1.0000000000000000,0.0000000194940100,0.0000000000000000,0.0000000000000000,0.0000000000000000,1.0000000000000000
M 1.0000000000000000,0.0000000000000000,0.0000000000000000,0.0000000000000000,0.0000000000000000,1.0000000000000000,-0.0000000437113883,0.0000000245840539,-0.0000000000000000,0.0000000437113883,1.0000000000000000,0.0000000194940100,0.0000000000000000,0.0000000000000000,0.0000000000000000,1.0000000000000000
M 1.0000000000000000,0.0000000000000000,0.0000000000000000,0.0000000000000000,0.0000000000000000,1.0000000000000000,-0.0000000437113883,0.0000000245840539,-0.0000000000000000,0.0000000437113883,1.0000000000000000,0.0000000194940100,0.0000000000000000,0.0000000000000000,0.0000000000000000,1.0000000000000000
M 1.0000000000000000,0.0000000000000000,0.0000000000000000,0.0000000000000000,0.0000000000000000,1.0000000000000000,-0.0000000437113883,0.0000000245840539,-0.0000000000000000,0.0000000437113883,1.0000000000000000,0.0000000194940100,0.0000000000000000,0.0000000000000000,0.0000000000000000,1.0000000000000000
M 1.0000000000000000,0.0000000000000000,0.0000000000000000,0.0000000000000000,0.0000000000000000,1.0000000000000000,-0.0000000437113883,0.0000000245840539,-0.0000000000000000,0.0000000437113883,1.0000000000000000,0.0000000194940100,0.0000000000000000,0.0000000000000000,0.0000000000000000,1.0000000000000000
M 1.0000000000000000,0.0000000000000000,0.0000000000000000,0.0000000000000000,0.0000000000000000,1.0000000000000000,-0.0000000437113883,0.0000000245840539,-0.0000000000000000,0.0000000437113883,1.0000000000000000,0.0000000194940100,0.0000000000000000,0.0000000000000000,0.0000000000000000,1.0000000000000000
M 1.0000000000000000,0.0000000000000000,0.0000000000000000,0.0000000000000000,0.0000000000000000,1.0000000000000000,-0.0000000437113883,0.0000000245840539,-0.0000000000000000,0.0000000437113883,1.0000000000000000,0.0000000194940100,0.0000000000000000,0.0000000000000000,0.0000000000000000,1.0000000000000000
M 1.0000000000000000,0.0000000000000000,0.0000000000000000,0.0000000000000000,0.0000000000000000,1.0000000000000000,-0.0000000437113883,0.0000000245840539,-0.0000000000000000,0.0000000437113883,1.0000000000000000,0.0000000194940100,0.0000000000000000,0.0000000000000000,0.0000000000000000,1.0000000000000000
M 1.0000000000000000,0.0000000000000000,0.0000000000000000,0.0000000000000000,0.0000000000000000,1.0000000000000000,-0.0000000437113883,0.0000000245840539,-0.0000000000000000,0.0000000437113883,1.0000000000000000,0.0000000194940100,0.0000000000000000,0.0000000000000000,0.0000000000000000,1.0000000000000000
M 1.0000000000000000,0.0000000000000000,0.0000000000000000,0.0000000000000000,0.0000000000000000,1.0000000000000000,-0.0000000437113883,0.0000000245840539,-0.0000000000000000,0.0000000437113883,1.0000000000000000,0.0000000194940100,0.0000000000000000,0.0000000000000000,0.0000000000000000,1.0000000000000000
M 1.0000000000000000,0.0000000000000000,0.0000000000000000,0.0000000000000000,0.0000000000000000,1.0000000000000000,-0.0000000437113883,0.0000000245840539,-0.0000000000000000,0.0000000437113883,1.0000000000000000,0.0000000194940100,0.0000000000000000,0.0000000000000000,0.0000000000000000,1.0000000000000000
M 1.0000000000000000,0.0000000000000000,0.0000000000000000,0.0000000000000000,0.0000000000000000,1.0000000000000000,-0.0000000437113883,0.0000000245840539,-0.0000000000000000,0.0000000437113883,1.0000000000000000,0.0000000194940100,0.0000000000000000,0.0000000000000000,0.0000000000000000,1.0000000000000000
M 1.0000000000000000,0.0000000000000000,0.0000000000000000,0.0000000000000000,0.0000000000000000,1.0000000000000000,-0.0000000437113883,0.0000000245840539,-0.0000000000000000,0.0000000437113883,1.0000000000000000,0.0000000194940100,0.0000000000000000,0.0000000000000000,0.0000000000000000,1.0000000000000000
M 1.0000000000000000,0.0000000000000000,0.0000000000000000,0.0000000000000000,0.0000000000000000,1.0000000000000000,-0.0000000437113883,0.0000000245840539,-0.0000000000000000,0.0000000437113883,1.0000000000000000,0.0000000194940100,0.0000000000000000,0.0000000000000000,0.0000000000000000,1.0000000000000000
M 1.0000000000000000,0.0000000000000000,0.0000000000000000,0.0000000000000000,0.0000000000000000,1.0000000000000000,-0.0000000437113883,0.0000000245840539,-0.0000000000000000,0.0000000437113883,1.0000000000000000,0.0000000194940100,0.0000000000000000,0.0000000000000000,0.0000000000000000,1.0000000000000000
M 1.0000000000000000,0.0000000000000000,0.0000000000000000,0.0000000000000000,0.0000000000000000,1.0000000000000000,-0.0000000437113883,0.0000000245840539,-0.0000000000000000,0.0000000437113883,1.0000000000000000,0.0000000194940100,0.0000000000000000,0.0000000000000000,0.0000000000000000,1.0000000000000000
M 1.0000000000000000,0.0000000000000000,0.0000000000000000,0.0000000000000000,0.0000000000000000,1.0000000000000000,-0.0000000437113883,0.0000000245840539,-0.0000000000000000,0.0000000437113883,1.0000000000000000,0.0000000194940100,0.0000000000000000,0.0000000000000000,0.0000000000000000,1.0000000000000000
M 1.0000000000000000,0.0000000000000000,0.0000000000000000,0.0000000000000000,0.0000000000000000,1.0000000000000000,-0.0000000437113883,0.0000000245840539,-0.0000000000000000,0.0000000437113883,1.0000000000000000,0.0000000194940100,0.0000000000000000,0.0000000000000000,0.0000000000000000,1.0000000000000000
M 1.0000000000000000,0.0000000000000000,0.0000000000000000,0.0000000000000000,0.0000000000000000,1.0000000000000000,-0.0000000437113883,0.0000000245840539,-0.0000000000000000,0.0000000437113883,1.0000000000000000,0.0000000194940100,0.0000000000000000,0.0000000000000000,0.0000000000000000,1.0000000000000000
M 1.0000000000000000,0.0000000000000000,0.0000000000000000,0.0000000000000000,0.0000000000000000,1.0000000000000000,-0.0000000437113883,0.0000000245840539,-0.0000000000000000,0.0000000437113883,1.0000000000000000,0.0000000194940100,0.0000000000000000,0.0000000000000000,0.0000000000000000,1.0000000000000000
M 1.0000000000000000,0.0000000000000000,0.0000000000000000,0.0000000000000000,0.0000000000000000,1.0000000000000000,-0.0000000437113883,0.0000000245840539,-0.0000000000000000,0.0000000437113883,1.0000000000000000,0.0000000194940100,0.0000000000000000,0.0000000000000000,0.0000000000000000,1.0000000000000000
M 1.0000000000000000,0.0000000000000000,0.0000000000000000,0.0000000000000000,0.0000000000000000,1.0000000000000000,-0.0000000437113883,0.0000000245840539,-0.0000000000000000,0.0000000437113883,1.0000000000000000,0.0000000194940100,0.0000000000000000,0.0000000000000000,0.0000000000000000,1.0000000000000000
M 1.0000000000000000,0.0000000000000000,0.0000000000000000,0.0000000000000000,0.0000000000000000,1.0000000000000000,-0.0000000437113883,0.0000000245840539,-0.0000000000000000,0.0000000437113883,1.0000000000000000,0.0000000194940100,0.0000000000000000,0.0000000000000000,0.0000000000000000,1.0000000000000000
M 1.0000000000000000,0.0000000000000000,0.0000000000000000,0.0000000000000000,0.0000000000000000,1.0000000000000000,-0.0000000437113883,0.0000000245840539,-0.0000000000000000,0.0000000437113883,1.0000000000000000,0.0000000194940100,0.0000000000000000,0.0000000000000000,0.0000000000000000,1.0000000000000000
M 1.0000000000000000,0.0000000000000000,0.0000000000000000,0.0000000000000000,0.0000000000000000,1.0000000000000000,-0.0000000437113883,0.0000000245840539,-0.0000000000000000,0.0000000437113883,1.0000000000000000,0.0000000194940100,0.0000000000000000,0.0000000000000000,0.0000000000000000,1.0000000000000000
M 1.0000000000000000,0.0000000000000000,0.0000000000000000,0.0000000000000000,0.0000000000000000,1.0000000000000000,-0.0000000437113883,0.0000000245840539,-0.0000000000000000,0.0000000437113883,1.0000000000000000,0.0000000194940100,0.0000000000000000,0.0000000000000000,0.0000000000000000,1.0000000000000000
M 1.0000000000000000,0.0000000000000000,0.0000000000000000,0.0000000000000000,0.0000000000000000,1.0000000000000000,-0.0000000437113883,0.0000000245840539,-0.0000000000000000,0.0000000437113883,1.0000000000000000,0.0000000194940100,0.0000000000000000,0.0000000000000000,0.0000000000000000,1.0000000000000000
M 1.0000000000000000,0.0000000000000000,0.0000000000000000,0.0000000000000000,0.0000000000000000,1.0000000000000000,-0.0000000437113883,0.0000000245840539,-0.0000000000000000,0.0000000437113883,1.0000000000000000,0.0000000194940100,0.0000000000000000,0.0000000000000000,0.0000000000000000,1.0000000000000000
M 1.0000000000000000,0.0000000000000000,0.0000000000000000,0.0000000000000000,0.0000000000000000,1.0000000000000000,-0.0000000437113883,0.0000000245840539,-0.0000000000000000,0.0000000437113883,1.0000000000000000,0.0000000194940100,0.0000000000000000,0.0000000000000000,0.0000000000000000,1.0000000000000000
M 1.0000000000000000,0.0000000000000000,0.0000000000000000,0.0000000000000000,0.0000000000000000,1.0000000000000000,-0.0000000437113883,0.0000000245840539,-0.0000000000000000,0.0000000437113883,1.0000000000000000,0.0000000194940100,0.0000000000000000,0.0000000000000000,0.0000000000000000,1.0000000000000000
M 1.0000000000000000,0.0000000000000000,0.0000000000000000,0.0000000000000000,0.0000000000000000,1.0000000000000000,-0.0000000437113883,0.0000000245840539,-0.0000000000000000,0.0000000437113883,1.0000000000000000,0.0000000194940100,0.0000000000000000,0.0000000000000000,0.0000000000000000,1.0000000000000000
M 1.0000000000000000,0.0000000000000000,0.0000000000000000,0.0000000000000000,0.0000000000000000,1.0000000000000000,-0.0000000437113883,0.0000000245840539,-0.0000000000000000,0.0000000437113883,1.0000000000000000,0.0000000194940100,0.0000000000000000,0.0000000000000000,0.0000000000000000,1.0000000000000000
M 1.0000000000000000,0.0000000000000000,0.0000000000000000,0.0000000000000000,0.0000000000000000,1.0000000000000000,-0.0000000437113883,0.0000000245840539,-0.0000000000000000,0.0000000437113883,1.0000000000000000,0.0000000194940100,0.0000000000000000,0.0000000000000000,0.0000000000000000,1.0000000000000000
M 1.0000000000000000,0.0000000000000000,0.0000000000000000,0.0000000000000000,0.0000000000000000,1.0000000000000000,-0.0000000437113883,0.0000000245840539,-0.0000000000000000,0.0000000437113883,1.0000000000000000,0.0000000194940100,0.0000000000000000,0.0000000000000000,0.0000000000000000,1.0000000000000000
M 1.0000000000000000,0.0000000000000000,0.0000000000000000,0.0000000000000000,0.0000000000000000,1.0000000000000000,-0.0000000437113883,0.0000000245840539,-0.0000000000000000,0.0000000437113883,1.0000000000000000,0.0000000194940100,0.0000000000000000,0.0000000000000000,0.0000000000000000,1.0000000000000000
M 1.0000000000000000,0.0000000000000000,0.0000000000000000,0.0000000000000000,0.0000000000000000,1.0000000000000000,-0.0000000437113883,0.0000000245840539,-0.0000000000000000,0.0000000437113883,1.0000000000000000,0.0000000194940100,0.0000000000000000,0.0000000000000000,0.0000000000000000,1.0000000000000000
M 1.0000000000000000,0.0000000000000000,0.0000000000000000,0.0000000000000000,0.0000000000000000,1.0000000000000000,-0.0000000437113883,0.0000000245840539,-0.0000000000000000,0.0000000437113883,1.0000000000000000,0.0000000194940100,0.0000000000000000,0.0000000000000000,0.0000000000000000,1.0000000000000000
M 1.0000000000000000,0.0000000000000000,0.0000000000000000,0.0000000000000000,0.0000000000000000,1.0000000000000000,-0.0000000437113883,0.0000000245840539,-0.0000000000000000,0.0000000437113883,1.0000000000000000,0.0000000194940100,0.0000000000000000,0.0000000000000000,0.0000000000000000,1.0000000000000000
M 1.0000000000000000,0.0000000000000000,0.0000000000000000,0.0000000000000000,0.0000000000000000,1.0000000000000000,-0.0000000437113883,0.0000000245840539,-0.0000000000000000,0.0000000437113883,1.0000000000000000,0.0000000194940100,0.0000000000000000,0.0000000000000000,0.0000000000000000,1.0000000000000000
M 1.0000000000000000,0.0000000000000000,0.0000000000000000,0.0000000000000000,0.0000000000000000,1.0000000000000000,-0.0000000437113883,0.0000000245840539,-0.0000000000000000,0.0000000437113883,1.0000000000000000,0.0000000194940100,0.0000000000000000,0.0000000000000000,0.0000000000000000,1.0000000000000000
M 1.0000000000000000,0.0000000000000000,0.0000000000000000,0.0000000000000000,0.0000000000000000,1.0000000000000000,-0.0000000437113883,0.0000000245840539,-0.0000000000000000,0.0000000437113883,1.0000000000000000,0.0000000194940100,0.0000000000000000,0.0000000000000000,0.0000000000000000,1.0000000000000000
M 1.0000000000000000,0.0000000000000000,0.0000000000000000,0.0000000000000000,0.0000000000000000,1.0000000000000000,-0.0000000437113883,0.0000000245840539,-0.0000000000000000,0.0000000437113883,1.0000000000000000,0.0000000194940100,0.0000000000000000,0.0000000000000000,0.0000000000000000,1.0000000000000000
M 1.0000000000000000,0.0000000000000000,0.0000000000000000,0.0000000000000000,0.0000000000000000,1.0000000000000000,-0.0000000437113883,0.0000000245840539,-0.0000000000000000,0.0000000437113883,1.0000000000000000,0.0000000194940100,0.0000000000000000,0.0000000000000000,0.0000000000000000,1.0000000000000000
M 1.0000000000000000,0.0000000000000000,0.0000000000000000,0.0000000000000000,0.0000000000000000,1.0000000000000000,-0.0000000437113883,0.0000000245840539,-0.0000000000000000,0.0000000437113883,1.0000000000000000,0.0000000194940100,0.0000000000000000,0.0000000000000000,0.0000000000000000,1.0000000000000000
M 1.0000000000000000,0.0000000000000000,0.0000000000000000,0.0000000000000000,0.0000000000000000,1.0000000000000000,-0.0000000437113883,0.0000000245840539,-0.0000000000000000,0.0000000437113883,1.0000000000000000,0.0000000194940100,0.0000000000000000,0.0000000000000000,0.0000000000000000,1.0000000000000000
M 1.0000000000000000,0.0000000000000000,0.0000000000000000,0.0000000000000000,0.0000000000000000,1.0000000000000000,-0.0000000437113883,0.0000000245840539,-0.0000000000000000,0.0000000437113883,1.0000000000000000,0.0000000194940100,0.0000000000000000,0.0000000000000000,0.0000000000000000,1.0000000000000000
