O DOOR_3_TOGGLE_INTERIOR_LCG_IL_CG_door3_mvp_disel
A DOOR_3_TOGGLE_INTERIOR_LCG_IL_CG_door3_mvp_disel_DOOR_3_TOGGLE_INTERIOR_LCG_IL_CG_door3_mvp_disel
M 1.0000000000000000,0.0000000000000000,0.0000000000000000,-0.0000002341992200,0.0000000000000000,1.0000000000000000,-0.0000000437113883,0.0000000000000000,-0.0000000000000000,0.0000000437113883,1.0000000000000000,-0.0000000285733677,0.0000000000000000,0.0000000000000000,0.0000000000000000,1.0000000000000000
M 1.0000000000000000,0.0000000000000000,0.0000000000000000,-0.0000002341992200,0.0000000000000000,1.0000000000000000,-0.0000000437113883,0.0000000000000000,-0.0000000000000000,0.0000000437113883,1.0000000000000000,-0.0000000285733677,0.0000000000000000,0.0000000000000000,0.0000000000000000,1.0000000000000000
M 1.0000000000000000,0.0000000000000000,0.0000000000000000,-0.0000002341992200,0.0000000000000000,1.0000000000000000,-0.0000000437113883,0.0000000000000000,-0.0000000000000000,0.0000000437113883,1.0000000000000000,-0.0000000285733677,0.0000000000000000,0.0000000000000000,0.0000000000000000,1.0000000000000000
M 1.0000000000000000,0.0000000000000000,0.0000000000000000,-0.0000002341992200,0.0000000000000000,1.0000000000000000,-0.0000000437113883,0.0000000000000000,-0.0000000000000000,0.0000000437113883,1.0000000000000000,-0.0000000285733677,0.0000000000000000,0.0000000000000000,0.0000000000000000,1.0000000000000000
M 1.0000000000000000,0.0000000000000000,0.0000000000000000,-0.0000002341992200,0.0000000000000000,1.0000000000000000,-0.0000000437113883,0.0000000000000000,-0.0000000000000000,0.0000000437113883,1.0000000000000000,-0.0000000285733677,0.0000000000000000,0.0000000000000000,0.0000000000000000,1.0000000000000000
M 1.0000000000000000,0.0000000000000000,0.0000000000000000,-0.0000002341992200,0.0000000000000000,1.0000000000000000,-0.0000000437113883,0.0000000000000000,-0.0000000000000000,0.0000000437113883,1.0000000000000000,-0.0000000285733677,0.0000000000000000,0.0000000000000000,0.0000000000000000,1.0000000000000000
M 1.0000000000000000,0.0000000000000000,0.0000000000000000,-0.0000002341992200,0.0000000000000000,1.0000000000000000,-0.0000000437113883,0.0000000000000000,-0.0000000000000000,0.0000000437113883,1.0000000000000000,-0.0000000285733677,0.0000000000000000,0.0000000000000000,0.0000000000000000,1.0000000000000000
M 1.0000000000000000,0.0000000000000000,0.0000000000000000,-0.0000002341992200,0.0000000000000000,1.0000000000000000,-0.0000000437113883,0.0000000000000000,-0.0000000000000000,0.0000000437113883,1.0000000000000000,-0.0000000285733677,0.0000000000000000,0.0000000000000000,0.0000000000000000,1.0000000000000000
M 1.0000000000000000,0.0000000000000000,0.0000000000000000,-0.0000002341992200,0.0000000000000000,1.0000000000000000,-0.0000000437113883,0.0000000000000000,-0.0000000000000000,0.0000000437113883,1.0000000000000000,-0.0000000285733677,0.0000000000000000,0.0000000000000000,0.0000000000000000,1.0000000000000000
M 0.9999819397926331,-0.0000000002626229,-0.0060081123374403,0.0042308489792049,0.0000000000000000,1.0000000000000000,-0.0000000437113883,0.0000000000000000,0.0060081123374403,0.0000000437105996,0.9999819397926331,0.0291147585958242,0.0000000000000000,0.0000000000000000,0.0000000000000000,1.0000000000000000
M 0.9997233748435974,-0.0000000010280489,-0.0235190168023109,0.0155641995370388,0.0000000000000000,1.0000000000000000,-0.0000000437113883,0.0000000000000000,0.0235190168023109,0.0000000436992948,0.9997233748435974,0.1141190528869629,0.0000000000000000,0.0000000000000000,0.0000000000000000,1.0000000000000000
M 0.9986601471900940,-0.0000000022620099,-0.0517487525939941,0.0307045467197895,0.0000000000000000,1.0000000000000000,-0.0000000437113883,0.0000000000000000,0.0517487525939941,0.0000000436528218,0.9986601471900940,0.2516210377216339,0.0000000000000000,0.0000000000000000,0.0000000000000000,1.0000000000000000
M 0.9959533214569092,-0.0000000039284322,-0.0898720547556877,0.0449946373701096,0.0000000000000000,1.0000000000000000,-0.0000000437113883,0.0000000000000000,0.0898720547556877,0.0000000435345022,0.9959533214569092,0.4382263123989105,0.0000000000000000,0.0000000000000000,0.0000000000000000,1.0000000000000000
M 0.9905728697776794,-0.0000000059878875,-0.1369868963956833,0.0527970045804977,0.0000000000000000,1.0000000000000000,-0.0000000437113883,0.0000000000000000,0.1369868963956833,0.0000000432993161,0.9905728697776794,0.6703059673309326,0.0000000000000000,0.0000000000000000,0.0000000000000000,1.0000000000000000
M 0.9813792109489441,-0.0000000083960936,-0.1920802295207977,0.0478636473417282,0.0000000000000000,1.0000000000000000,-0.0000000437113883,0.0000000000000000,0.1920802295207977,0.0000000428974474,0.9813792109489441,0.9437723159790039,0.0000000000000000,0.0000000000000000,0.0000000000000000,1.0000000000000000
M 0.9672042131423950,-0.0000000111026983,-0.2540001273155212,0.0237084478139877,0.0000000000000000,1.0000000000000000,-0.0000000437113883,0.0000000000000000,0.2540001273155212,0.0000000422778399,0.9672042131423950,1.2538850307464600,0.0000000000000000,0.0000000000000000,0.0000000000000000,1.0000000000000000
M 0.9469301700592041,-0.0000000140505563,-0.3214392662048340,-0.0260212570428848,0.0000000000000000,1.0000000000000000,-0.0000000437113883,0.0000000000000000,0.3214392662048340,0.0000000413916332,0.9469301700592041,1.5951155424118042,0.0000000000000000,0.0000000000000000,0.0000000000000000,1.0000000000000000
M 0.9195665121078491,-0.0000000171757080,-0.3929344117641449,-0.1071770489215851,0.0000000000000000,1.0000000000000000,-0.0000000437113883,0.0000000000000000,0.3929344117641449,0.0000000401955305,0.9195665121078491,1.9610879421234131,0.0000000000000000,0.0000000000000000,0.0000000000000000,1.0000000000000000
M 0.8843200206756592,-0.0000000204080255,-0.4668811857700348,-0.2247524857521057,0.0000000000000000,1.0000000000000000,-0.0000000437113883,0.0000000000000000,0.4668811857700348,0.0000000386548571,0.8843200206756592,2.3446011543273926,0.0000000000000000,0.0000000000000000,0.0000000000000000,1.0000000000000000
M 0.8406562209129333,-0.0000000236727402,-0.5415691733360291,-0.3825666904449463,0.0000000000000000,1.0000000000000000,-0.0000000437113883,0.0000000000000000,0.5415691733360291,0.0000000367462505,0.8406562209129333,2.7377543449401855,0.0000000000000000,0.0000000000000000,0.0000000000000000,1.0000000000000000
M 0.7883462905883789,-0.0000000268926339,-0.6152317523956299,-0.5829977393150330,0.0000000000000000,1.0000000000000000,-0.0000000437113883,0.0000000000000000,0.6152317523956299,0.0000000344597098,0.7883462905883789,3.1321556568145752,0.0000000000000000,0.0000000000000000,0.0000000000000000,1.0000000000000000
M 0.7275003194808960,-0.0000000299907050,-0.6861073374748230,-0.8267780542373657,0.0000000000000000,1.0000000000000000,-0.0000000437113883,0.0000000000000000,0.6861073374748230,0.0000000318000488,0.7275003194808960,3.5191924571990967,0.0000000000000000,0.0000000000000000,0.0000000000000000,1.0000000000000000
M 0.6585765480995178,-0.0000000328934213,-0.7525137662887573,-1.1128979921340942,0.0000000000000000,1.0000000000000000,-0.0000000437113883,0.0000000000000000,0.7525137662887573,0.0000000287872943,0.6585765480995178,3.8903875350952148,0.0000000000000000,0.0000000000000000,0.0000000000000000,1.0000000000000000
M 0.5823738574981689,-0.0000000355339118,-0.8129211068153381,-1.4385867118835449,0.0000000000000000,1.0000000000000000,-0.0000000437113883,0.0000000000000000,0.8129211068153381,0.0000000254563695,0.5823738574981689,4.2377567291259766,0.0000000000000000,0.0000000000000000,0.0000000000000000,1.0000000000000000
M 0.4999999701976776,-0.0000000378551732,-0.8660254478454590,-1.7994161844253540,0.0000000000000000,1.0000000000000000,-0.0000000437113883,0.0000000000000000,0.8660254478454590,0.0000000218556924,0.4999999701976776,4.5541872978210449,0.0000000000000000,0.0000000000000000,0.0000000000000000,1.0000000000000000
M 0.4128234684467316,-0.0000000398128179,-0.9108110666275024,-2.1894874572753906,0.0000000000000000,1.0000000000000000,-0.0000000437113883,0.0000000000000000,0.9108110666275024,0.0000000180450872,0.4128234684467316,4.8337759971618652,0.0000000000000000,0.0000000000000000,0.0000000000000000,1.0000000000000000
M 0.3224077522754669,-0.0000000413772412,-0.9466009140014648,-2.6017146110534668,0.0000000000000000,1.0000000000000000,-0.0000000437113883,0.0000000000000000,0.9466009140014648,0.0000000140928904,0.3224077522754669,5.0721201896667480,0.0000000000000000,0.0000000000000000,0.0000000000000000,1.0000000000000000
M 0.2304361760616302,-0.0000000425350031,-0.9730874300003052,-3.0281643867492676,0.0000000000000000,1.0000000000000000,-0.0000000437113883,0.0000000000000000,0.9730874300003052,0.0000000100726849,0.2304361760616302,5.2665190696716309,0.0000000000000000,0.0000000000000000,0.0000000000000000,1.0000000000000000
M 0.1386329978704453,-0.0000000432893010,-0.9903438091278076,-3.4604330062866211,0.0000000000000000,1.0000000000000000,-0.0000000437113883,0.0000000000000000,0.9903438091278076,0.0000000060598406,0.1386329978704453,5.4160881042480469,0.0000000000000000,0.0000000000000000,0.0000000000000000,1.0000000000000000
M 0.0486846156418324,-0.0000000436595542,-0.9988141655921936,-3.8900322914123535,0.0000000000000000,1.0000000000000000,-0.0000000437113883,0.0000000000000000,0.9988141655921936,0.0000000021280722,0.0486846156418324,5.5217676162719727,0.0000000000000000,0.0000000000000000,0.0000000000000000,1.0000000000000000
M -0.0378292351961136,-0.0000000436800995,-0.9992842078208923,-4.3087458610534668,0.0000000000000000,1.0000000000000000,-0.0000000437113883,0.0000000000000000,0.9992842078208923,-0.0000000016535684,-0.0378292351961136,5.5862264633178711,0.0000000000000000,0.0000000000000000,0.0000000000000000,1.0000000000000000
M -0.1194922327995300,-0.0000000433982024,-0.9928351044654846,-4.7089362144470215,0.0000000000000000,1.0000000000000000,-0.0000000437113883,0.0000000000000000,0.9928351044654846,-0.0000000052231712,-0.1194922327995300,5.6136841773986816,0.0000000000000000,0.0000000000000000,0.0000000000000000,1.0000000000000000
M -0.1950903236865997,-0.0000000428714877,-0.9807853102684021,-5.0837755203247070,0.0000000000000000,1.0000000000000000,-0.0000000437113883,0.0000000000000000,0.9807853102684021,-0.0000000085276692,-0.1950903236865997,5.6096544265747070,0.0000000000000000,0.0000000000000000,0.0000000000000000,1.0000000000000000
M -0.2636314928531647,-0.0000000421650341,-0.9646235108375549,-5.4273881912231445,0.0000000000000000,1.0000000000000000,-0.0000000437113883,0.0000000000000000,0.9646235108375549,-0.0000000115236984,-0.2636314928531647,5.5806345939636230,0.0000000000000000,0.0000000000000000,0.0000000000000000,1.0000000000000000
M -0.3243432939052582,-0.0000000413483257,-0.9459394216537476,-5.7348899841308594,0.0000000000000000,1.0000000000000000,-0.0000000437113883,0.0000000000000000,0.9459394216537476,-0.0000000141774956,-0.3243432939052582,5.5337710380554199,0.0000000000000000,0.0000000000000000,0.0000000000000000,1.0000000000000000
M -0.3766523599624634,-0.0000000404922496,-0.9263547062873840,-6.0023388862609863,0.0000000000000000,1.0000000000000000,-0.0000000437113883,0.0000000000000000,0.9263547062873840,-0.0000000164639982,-0.3766523599624634,5.4765043258666992,0.0000000000000000,0.0000000000000000,0.0000000000000000,1.0000000000000000
M -0.4201452434062958,-0.0000000396662010,-0.9074568748474121,-6.2265901565551758,0.0000000000000000,1.0000000000000000,-0.0000000437113883,0.0000000000000000,0.9074568748474121,-0.0000000183651316,-0.4201452434062958,5.4162287712097168,0.0000000000000000,0.0000000000000000,0.0000000000000000,1.0000000000000000
M -0.4545145928859711,-0.0000000389354540,-0.8907393217086792,-6.4050827026367188,0.0000000000000000,1.0000000000000000,-0.0000000437113883,0.0000000000000000,0.8907393217086792,-0.0000000198674641,-0.4545145928859711,5.3599557876586914,0.0000000000000000,0.0000000000000000,0.0000000000000000,1.0000000000000000
M -0.4794937074184418,-0.0000000383587242,-0.8775452971458435,-6.5355587005615234,0.0000000000000000,1.0000000000000000,-0.0000000437113883,0.0000000000000000,0.8775452971458435,-0.0000000209593356,-0.4794937074184418,5.3140015602111816,0.0000000000000000,0.0000000000000000,0.0000000000000000,1.0000000000000000
M -0.4947878718376160,-0.0000000379857994,-0.8690137863159180,-6.6157717704772949,0.0000000000000000,1.0000000000000000,-0.0000000437113883,0.0000000000000000,0.8690137863159180,-0.0000000216278639,-0.4947878718376160,5.2836694717407227,0.0000000000000000,0.0000000000000000,0.0000000000000000,1.0000000000000000
M -0.5000000596046448,-0.0000000378551732,-0.8660253882408142,-6.6431660652160645,0.0000000000000000,1.0000000000000000,-0.0000000437113883,0.0000000000000000,0.8660253882408142,-0.0000000218556959,-0.5000000596046448,5.2729411125183105,0.0000000000000000,0.0000000000000000,0.0000000000000000,1.0000000000000000
O DOOR_3_INTERIOR_LCG_IL
A DOOR_3_INTERIOR_LCG_IL_DOOR_3_INTERIOR_LCG_IL
M 1.0000000000000000,0.0000000000000000,0.0000000000000000,0.0000000389870820,0.0000000000000000,1.0000000000000000,-0.0000000437113883,0.0000000000000000,-0.0000000000000000,0.0000000437113883,1.0000000000000000,-0.0000000285734814,0.0000000000000000,0.0000000000000000,0.0000000000000000,1.0000000000000000
M 1.0000000000000000,0.0000000000000000,0.0000000000000000,0.0000000389870820,0.0000000000000000,1.0000000000000000,-0.0000000437113883,0.0000000000000000,-0.0000000000000000,0.0000000437113883,1.0000000000000000,-0.0000000285734814,0.0000000000000000,0.0000000000000000,0.0000000000000000,1.0000000000000000
M 1.0000000000000000,-0.0000000063000778,-0.0000000000609074,0.0000000546222552,0.0000000063000778,0.9998130798339844,0.0193347577005625,-0.0255196038633585,-0.0000000000609077,-0.0193347577005625,0.9998130798339844,0.0479839332401752,0.0000000000000000,0.0000000000000000,0.0000000000000000,1.0000000000000000
M 1.0000000000000000,-0.0000000225310561,-0.0000000007799191,0.0000000956586490,0.0000000225310561,0.9976064562797546,0.0691472738981247,-0.0870079025626183,-0.0000000007799201,-0.0691472738981247,0.9976064562797546,0.1739238053560257,0.0000000000000000,0.0000000000000000,0.0000000000000000,1.0000000000000000
M 1.0000000000000000,-0.0000000772785498,0.0000002331016731,-0.0000000834623677,0.0000000446257999,0.9905771613121033,0.1369555592536926,-0.1607716679573059,-0.0000002414889195,-0.1369555592536926,0.9905771613121033,0.3507698774337769,0.0000000000000000,0.0000000000000000,0.0000000000000000,1.0000000000000000
M 1.0000000000000000,-0.0000001185516254,0.0000002258241238,0.0000000282097687,0.0000000684596273,0.9776796698570251,0.2101010531187057,-0.2272205352783203,-0.0000002456914672,-0.2101010531187057,0.9776796698570251,0.5486788153648376,0.0000000000000000,0.0000000000000000,0.0000000000000000,1.0000000000000000
M 1.0000000000000000,-0.0000001558622387,0.0000002164650255,0.0000001328966164,0.0000000900052726,0.9610932469367981,0.2762241661548615,-0.2751259207725525,-0.0000002510959973,-0.2762241661548615,0.9610932469367981,0.7342082858085632,0.0000000000000000,0.0000000000000000,0.0000000000000000,1.0000000000000000
M 1.0000000000000000,-0.0000001827002052,0.0000002080218593,0.0000002104983992,0.0000001055033110,0.9461298584938049,0.3237873017787933,-0.3020979166030884,-0.0000002559717132,-0.3237873017787933,0.9461298584938049,0.8717369437217712,0.0000000000000000,0.0000000000000000,0.0000000000000000,1.0000000000000000
M 1.0000000000000000,-0.0000000882648408,0.0000002425057346,-0.0000000689767035,-0.0000000000000142,0.9396926164627075,0.3420200645923615,-0.3107070028781891,-0.0000002580692069,-0.3420200645923615,0.9396926164627075,0.9253991246223450,0.0000000000000000,0.0000000000000000,0.0000000000000000,1.0000000000000000
M 0.9999819397926331,0.0020548065658659,-0.0056455368176103,-0.0013289162889123,-0.0000000000000142,0.9396926164627075,0.3420200645923615,-0.3107070028781891,0.0060078543610871,-0.3420138955116272,0.9396756291389465,0.9544970393180847,0.0000000000000000,0.0000000000000000,0.0000000000000000,1.0000000000000000
M 0.9997233748435974,0.0080438870936632,-0.0221004039049149,-0.0062006916850805,-0.0000000000000142,0.9396926164627075,0.3420200645923615,-0.3107070028781891,0.0235187578946352,-0.3419254422187805,0.9394326806068420,1.0392621755599976,0.0000000000000000,0.0000000000000000,0.0000000000000000,1.0000000000000000
M 0.9986601471900940,0.0176990237087011,-0.0486276783049107,-0.0171840153634548,-0.0000000000000142,0.9396926164627075,0.3420200645923615,-0.3107070028781891,0.0517484955489635,-0.3415617942810059,0.9384335875511169,1.1757801771163940,0.0000000000000000,0.0000000000000000,0.0000000000000000,1.0000000000000000
M 0.9959533810615540,0.0307379569858313,-0.0844518691301346,-0.0381727740168571,-0.0000000000000142,0.9396926164627075,0.3420200645923615,-0.3107070028781891,0.0898718014359474,-0.3406360149383545,0.9358900189399719,1.3598806858062744,0.0000000000000000,0.0000000000000000,0.0000000000000000,1.0000000000000000
M 0.9905728697776794,0.0468521788716316,-0.1287253350019455,-0.0739708021283150,-0.0000000000000142,0.9396926164627075,0.3420200645923615,-0.3107070028781891,0.1369866281747818,-0.3387958109378815,0.9308339953422546,1.5869812965393066,0.0000000000000000,0.0000000000000000,0.0000000000000000,1.0000000000000000
M 0.9813792705535889,0.0656952038407326,-0.1804961413145065,-0.1298875659704208,-0.0000000000000142,0.9396926164627075,0.3420200645923615,-0.3107070028781891,0.1920799762010574,-0.3356513977050781,0.9221948385238647,1.8519396781921387,0.0000000000000000,0.0000000000000000,0.0000000000000000,1.0000000000000000
M 0.9672042727470398,0.0868730545043945,-0.2386818081140518,-0.2113436013460159,-0.0000000000000142,0.9396926164627075,0.3420200645923615,-0.3107070028781891,0.2539998888969421,-0.3308032751083374,0.9088746905326843,2.1489353179931641,0.0000000000000000,0.0000000000000000,0.0000000000000000,1.0000000000000000
M 0.9469302296638489,0.1099385917186737,-0.3020538687705994,-0.3234811425209045,-0.0000000000000142,0.9396926164627075,0.3420200645923615,-0.3107070028781891,0.3214390277862549,-0.3238691389560699,0.8898233771324158,2.4714038372039795,0.0000000000000000,0.0000000000000000,0.0000000000000000,1.0000000000000000
M 0.9195666313171387,0.1343913823366165,-0.3692373335361481,-0.4707980453968048,-0.0000000000000142,0.9396926164627075,0.3420200645923615,-0.3107070028781891,0.3929341733455658,-0.3145102262496948,0.8641099929809570,2.8120539188385010,0.0000000000000000,0.0000000000000000,0.0000000000000000,1.0000000000000000
M 0.8843201398849487,0.1596826612949371,-0.4387246072292328,-0.6568040251731873,-0.0000000000000142,0.9396926164627075,0.3420200645923615,-0.3107070028781891,0.4668809473514557,-0.3024552166461945,0.8309890627861023,3.1629500389099121,0.0000000000000000,0.0000000000000000,0.0000000000000000,1.0000000000000000
M 0.8406563401222229,0.1852274537086487,-0.5089083909988403,-0.8837339878082275,-0.0000000000000142,0.9396926164627075,0.3420200645923615,-0.3107070028781891,0.5415689349174500,-0.2875213623046875,0.7899585366249084,3.5156967639923096,0.0000000000000000,0.0000000000000000,0.0000000000000000,1.0000000000000000
M 0.7883464694023132,0.2104215174913406,-0.5781285166740417,-1.1523326635360718,-0.0000000000000142,0.9396926164627075,0.3420200645923615,-0.3107070028781891,0.6152315735816956,-0.2696303129196167,0.7408033609390259,3.8616905212402344,0.0000000000000000,0.0000000000000000,0.0000000000000000,1.0000000000000000
M 0.7275004386901855,0.2249661386013031,-0.6481768488883972,-1.4331314563751221,0.0000000039763606,0.9447166919708252,0.3278877735137939,-0.3041199147701263,0.6861071586608887,-0.2385385185480118,0.6872818470001221,4.1621274948120117,0.0000000000000000,0.0000000000000000,0.0000000000000000,1.0000000000000000
M 0.6585767269134521,0.2184430956840515,-0.7201106548309326,-1.6957206726074219,0.0000000143470018,0.9569403529167175,0.2902846038341522,-0.2837675809860229,0.7525135874748230,-0.1911746859550476,0.6302186250686646,4.4004554748535156,0.0000000000000000,0.0000000000000000,0.0000000000000000,1.0000000000000000
M 0.5823740959167480,0.1921429187059402,-0.7898870706558228,-1.9438903331756592,0.0000000287611677,0.9716652631759644,0.2363611310720444,-0.2476598024368286,0.8129209280014038,-0.1376506090164185,0.5658726692199707,4.5997543334960938,0.0000000000000000,0.0000000000000000,0.0000000000000000,1.0000000000000000
M 0.5000003576278687,0.1503836065530777,-0.8528683185577393,-2.1883537769317627,0.0000000449920314,0.9848077297210693,0.1736481040716171,-0.1958342939615250,0.8660252094268799,-0.0868241563439369,0.4924042522907257,4.7787399291992188,0.0000000000000000,0.0000000000000000,0.0000000000000000,1.0000000000000000
M 0.4128239154815674,0.1003914847970009,-0.9052612185478210,-2.4447841644287109,0.0000000609905726,0.9939069747924805,0.1102221161127090,-0.1330690979957581,0.9108108282089233,-0.0455023795366287,0.4103085398674011,4.9494881629943848,0.0000000000000000,0.0000000000000000,0.0000000000000000,1.0000000000000000
M 0.3224081993103027,0.0516033917665482,-0.9451931715011597,-2.7309999465942383,0.0000000748233830,0.9985129833221436,0.0545144453644753,-0.0695825219154358,0.9466007947921753,-0.0175759736448526,0.3219287693500519,5.1161537170410156,0.0000000000000000,0.0000000000000000,0.0000000000000000,1.0000000000000000
M 0.2304366379976273,0.0145945837721229,-0.9729778766632080,-3.0643398761749268,0.0000000845706793,0.9998875260353088,0.0149982469156384,-0.0198758430778980,0.9730873107910156,-0.0034562279470265,0.2304107248783112,5.2750854492187500,0.0000000000000000,0.0000000000000000,0.0000000000000000,1.0000000000000000
M 0.1386334598064423,-0.0000000850403410,-0.9903437495231628,-3.4604310989379883,0.0000000882648550,1.0000000000000000,-0.0000000735137462,0.0000004675799232,0.9903437495231628,-0.0000000772210811,0.1386334598064423,5.4160871505737305,0.0000000000000000,0.0000000000000000,0.0000000000000000,1.0000000000000000
M 0.0486850924789906,-0.0000000777237474,-0.9988141059875488,-3.8900301456451416,0.0000000882648550,1.0000000000000000,-0.0000000735137462,0.0000004675799232,0.9988141059875488,-0.0000000845811599,0.0486850924789906,5.5217671394348145,0.0000000000000000,0.0000000000000000,0.0000000000000000,1.0000000000000000
M -0.0378287583589554,-0.0000000701221765,-0.9992842674255371,-4.3087430000305176,0.0000000882648550,1.0000000000000000,-0.0000000735137462,0.0000004675799232,0.9992842674255371,-0.0000000909826099,-0.0378287583589554,5.5862264633178711,0.0000000000000000,0.0000000000000000,0.0000000000000000,1.0000000000000000
M -0.1194917559623718,-0.0000000624401082,-0.9928351640701294,-4.7089338302612305,0.0000000882648550,1.0000000000000000,-0.0000000735137462,0.0000004675799232,0.9928351640701294,-0.0000000964167342,-0.1194917559623718,5.6136846542358398,0.0000000000000000,0.0000000000000000,0.0000000000000000,1.0000000000000000
M -0.1950898468494415,-0.0000000548816281,-0.9807854294776917,-5.0837731361389160,0.0000000882648550,1.0000000000000000,-0.0000000735137462,0.0000004675799232,0.9807854294776917,-0.0000001009106683,-0.1950898468494415,5.6096544265747070,0.0000000000000000,0.0000000000000000,0.0000000000000000,1.0000000000000000
M -0.2636310458183289,-0.0000000476437449,-0.9646236896514893,-5.4273858070373535,0.0000000882648550,1.0000000000000000,-0.0000000735137462,0.0000004675799232,0.9646236896514893,-0.0000001045228686,-0.2636310458183289,5.5806350708007812,0.0000000000000000,0.0000000000000000,0.0000000000000000,1.0000000000000000
M -0.3243428468704224,-0.0000000409114804,-0.9459395408630371,-5.7348875999450684,0.0000000882648550,1.0000000000000000,-0.0000000735137462,0.0000004675799232,0.9459395408630371,-0.0000001073368736,-0.3243428468704224,5.5337715148925781,0.0000000000000000,0.0000000000000000,0.0000000000000000,1.0000000000000000
M -0.3766519129276276,-0.0000000348546862,-0.9263548851013184,-6.0023365020751953,0.0000000882648550,1.0000000000000000,-0.0000000735137462,0.0000004675799232,0.9263548851013184,-0.0000001094536728,-0.3766519129276276,5.4765052795410156,0.0000000000000000,0.0000000000000000,0.0000000000000000,1.0000000000000000
M -0.4201448261737823,-0.0000000296265483,-0.9074571132659912,-6.2265877723693848,0.0000000882648550,1.0000000000000000,-0.0000000735137462,0.0000004675799232,0.9074571132659912,-0.0000001109829810,-0.4201448261737823,5.4162292480468750,0.0000000000000000,0.0000000000000000,0.0000000000000000,1.0000000000000000
M -0.4545141756534576,-0.0000000253639687,-0.8907395601272583,-6.4050807952880859,0.0000000882648550,1.0000000000000000,-0.0000000735137462,0.0000004675799232,0.8907395601272583,-0.0000001120340301,-0.4545141756534576,5.3599567413330078,0.0000000000000000,0.0000000000000000,0.0000000000000000,1.0000000000000000
M -0.4794932901859283,-0.0000000221892478,-0.8775454759597778,-6.5355563163757324,0.0000000882648550,1.0000000000000000,-0.0000000735137462,0.0000004675799232,0.8775454759597778,-0.0000001127057772,-0.4794932901859283,5.3140025138854980,0.0000000000000000,0.0000000000000000,0.0000000000000000,1.0000000000000000
M -0.4947874844074249,-0.0000000202121306,-0.8690140247344971,-6.6157698631286621,0.0000000882648550,1.0000000000000000,-0.0000000735137462,0.0000004675799232,0.8690140247344971,-0.0000001130770784,-0.4947874844074249,5.2836704254150391,0.0000000000000000,0.0000000000000000,0.0000000000000000,1.0000000000000000
M -0.4999996423721313,-0.0000000195323917,-0.8660256266593933,-6.6431636810302734,0.0000000882648550,1.0000000000000000,-0.0000000735137462,0.0000004675799232,0.8660256266593933,-0.0000001131964709,-0.4999996423721313,5.2729420661926270,0.0000000000000000,0.0000000000000000,0.0000000000000000,1.0000000000000000
