O DOOR_1_TOGGLE_INTERIOR_LCG_IL_CG_door1_mvp_disel
A DOOR_1_TOGGLE_INTERIOR_LCG_IL_CG_door1_mvp_disel_DOOR_1_TOGGLE_INTERIOR_LCG_IL_CG_door1_mvp_disel
M 1.0000000000000000,0.0000000000000000,0.0000000000000000,0.0000000000000000,0.0000000000000000,1.0000000000000000,-0.0000000437113883,0.0000000000000000,-0.0000000000000000,0.0000000437113883,1.0000000000000000,-0.0000000000000000,0.0000000000000000,0.0000000000000000,0.0000000000000000,1.0000000000000000
M 1.0000000000000000,0.0000000000000000,0.0000000000000000,0.0000000000000000,0.0000000000000000,1.0000000000000000,-0.0000000437113883,0.0000000000000000,-0.0000000000000000,0.0000000437113883,1.0000000000000000,-0.0000000000000000,0.0000000000000000,0.0000000000000000,0.0000000000000000,1.0000000000000000
M 1.0000000000000000,0.0000000000000000,0.0000000000000000,0.0000000000000000,0.0000000000000000,1.0000000000000000,-0.0000000437113883,0.0000000000000000,-0.0000000000000000,0.0000000437113883,1.0000000000000000,-0.0000000000000000,0.0000000000000000,0.0000000000000000,0.0000000000000000,1.0000000000000000
M 1.0000000000000000,0.0000000000000000,0.0000000000000000,0.0000000000000000,0.0000000000000000,1.0000000000000000,-0.0000000437113883,0.0000000000000000,-0.0000000000000000,0.0000000437113883,1.0000000000000000,-0.0000000000000000,0.0000000000000000,0.0000000000000000,0.0000000000000000,1.0000000000000000
M 1.0000000000000000,0.0000000000000000,0.0000000000000000,0.0000000000000000,0.0000000000000000,1.0000000000000000,-0.0000000437113883,0.0000000000000000,-0.0000000000000000,0.0000000437113883,1.0000000000000000,-0.0000000000000000,0.0000000000000000,0.0000000000000000,0.0000000000000000,1.0000000000000000
M 1.0000000000000000,0.0000000000000000,0.0000000000000000,0.0000000000000000,0.0000000000000000,1.0000000000000000,-0.0000000437113883,0.0000000000000000,-0.0000000000000000,0.0000000437113883,1.0000000000000000,-0.0000000000000000,0.0000000000000000,0.0000000000000000,0.0000000000000000,1.0000000000000000
M 1.0000000000000000,0.0000000000000000,0.0000000000000000,0.0000000000000000,0.0000000000000000,1.0000000000000000,-0.0000000437113883,0.0000000000000000,-0.0000000000000000,0.0000000437113883,1.0000000000000000,-0.0000000000000000,0.0000000000000000,0.0000000000000000,0.0000000000000000,1.0000000000000000
M 1.0000000000000000,0.0000000000000000,0.0000000000000000,0.0000000000000000,0.0000000000000000,1.0000000000000000,-0.0000000437113883,0.0000000000000000,-0.0000000000000000,0.0000000437113883,1.0000000000000000,-0.0000000000000000,0.0000000000000000,0.0000000000000000,0.0000000000000000,1.0000000000000000
M 1.0000000000000000,0.0000000000000000,0.0000000000000000,0.0000000000000000,0.0000000000000000,1.0000000000000000,-0.0000000437113883,0.0000000000000000,-0.0000000000000000,0.0000000437113883,1.0000000000000000,-0.0000000000000000,0.0000000000000000,0.0000000000000000,0.0000000000000000,1.0000000000000000
M 0.9999898672103882,-0.0000000001969658,-0.0045060524716973,0.0068596024066210,0.0000000000000000,1.0000000000000000,-0.0000000437113883,0.0000000000000000,0.0045060524716973,0.0000000437109442,0.9999898672103882,0.0178988929837942,0.0000000000000000,0.0000000000000000,0.0000000000000000,1.0000000000000000
M 0.9998444318771362,-0.0000000007710628,-0.0176398605108261,0.0263935402035713,0.0000000000000000,1.0000000000000000,-0.0000000437113883,0.0000000000000000,0.0176398605108261,0.0000000437045884,0.9998444318771362,0.0702463760972023,0.0000000000000000,0.0000000000000000,0.0000000000000000,1.0000000000000000
M 0.9992462396621704,-0.0000000016968379,-0.0388191267848015,0.0564503669738770,0.0000000000000000,1.0000000000000000,-0.0000000437113883,0.0000000000000000,0.0388191267848015,0.0000000436784404,0.9992462396621704,0.1552175879478455,0.0000000000000000,0.0000000000000000,0.0000000000000000,1.0000000000000000
M 0.9977230429649353,-0.0000000029480671,-0.0674439147114754,0.0942367464303970,0.0000000000000000,1.0000000000000000,-0.0000000437113883,0.0000000000000000,0.0674439147114754,0.0000000436118590,0.9977230429649353,0.2711546719074249,0.0000000000000000,0.0000000000000000,0.0000000000000000,1.0000000000000000
M 0.9946935772895813,-0.0000000044971129,-0.1028819531202316,0.1364782899618149,0.0000000000000000,1.0000000000000000,-0.0000000437113883,0.0000000000000000,0.1028819531202316,0.0000000434794387,0.9946935772895813,0.4164381623268127,0.0000000000000000,0.0000000000000000,0.0000000000000000,1.0000000000000000
M 0.9895114898681641,-0.0000000063142851,-0.1444540023803711,0.1795690506696701,0.0000000000000000,1.0000000000000000,-0.0000000437113883,0.0000000000000000,0.1444540023803711,0.0000000432529212,0.9895114898681641,0.5893623828887939,0.0000000000000000,0.0000000000000000,0.0000000000000000,1.0000000000000000
M 0.9815078973770142,-0.0000000083673086,-0.1914217174053192,0.2197241187095642,0.0000000000000000,1.0000000000000000,-0.0000000437113883,0.0000000000000000,0.1914217174053192,0.0000000429030713,0.9815078973770142,0.7880209684371948,0.0000000000000000,0.0000000000000000,0.0000000000000000,1.0000000000000000
M 0.9700312614440918,-0.0000000106210001,-0.2429801672697067,0.2531250417232513,0.0000000000000000,1.0000000000000000,-0.0000000437113883,0.0000000000000000,0.2429801672697067,0.0000000424014139,0.9700312614440918,1.0102171897888184,0.0000000000000000,0.0000000000000000,0.0000000000000000,1.0000000000000000
M 0.9544857740402222,-0.0000000130371998,-0.2982563674449921,0.2760707139968872,0.0000000000000000,1.0000000000000000,-0.0000000437113883,0.0000000000000000,0.2982563674449921,0.0000000417218970,0.9544857740402222,1.2533986568450928,0.0000000000000000,0.0000000000000000,0.0000000000000000,1.0000000000000000
M 0.9343661069869995,-0.0000000155749973,-0.3563144207000732,0.2851221561431885,0.0000000000000000,1.0000000000000000,-0.0000000437113883,0.0000000000000000,0.3563144207000732,0.0000000408424405,0.9343661069869995,1.5146247148513794,0.0000000000000000,0.0000000000000000,0.0000000000000000,1.0000000000000000
M 0.9092876911163330,-0.0000000181912849,-0.4161680936813354,0.2772431373596191,0.0000000000000000,1.0000000000000000,-0.0000000437113883,0.0000000000000000,0.4161680936813354,0.0000000397462259,0.9092876911163330,1.7905703783035278,0.0000000000000000,0.0000000000000000,0.0000000000000000,1.0000000000000000
M 0.8790122270584106,-0.0000000208415560,-0.4767992198467255,0.2499287724494934,0.0000000000000000,1.0000000000000000,-0.0000000437113883,0.0000000000000000,0.4767992198467255,0.0000000384228436,0.8790122270584106,2.0775594711303711,0.0000000000000000,0.0000000000000000,0.0000000000000000,1.0000000000000000
M 0.8434658050537109,-0.0000000234810056,-0.5371828079223633,0.2013162970542908,0.0000000000000000,1.0000000000000000,-0.0000000437113883,0.0000000000000000,0.5371828079223633,0.0000000368690607,0.8434658050537109,2.3716373443603516,0.0000000000000000,0.0000000000000000,0.0000000000000000,1.0000000000000000
M 0.8027504086494446,-0.0000000260657647,-0.5963152050971985,0.1302736401557922,0.0000000000000000,1.0000000000000000,-0.0000000437113883,0.0000000000000000,0.5963152050971985,0.0000000350893359,0.8027504086494446,2.6686644554138184,0.0000000000000000,0.0000000000000000,0.0000000000000000,1.0000000000000000
M 0.7571462392807007,-0.0000000285542630,-0.6532453894615173,0.0364563465118408,0.0000000000000000,1.0000000000000000,-0.0000000437113883,0.0000000000000000,0.6532453894615173,0.0000000330959118,0.7571462392807007,2.9644374847412109,0.0000000000000000,0.0000000000000000,0.0000000000000000,1.0000000000000000
M 0.7071067690849304,-0.0000000309086197,-0.7071067690849304,-0.0796624422073364,0.0000000000000000,1.0000000000000000,-0.0000000437113883,0.0000000000000000,0.7071067690849304,0.0000000309086197,0.7071067690849304,3.2548227310180664,0.0000000000000000,0.0000000000000000,0.0000000000000000,1.0000000000000000
M 0.6532454490661621,-0.0000000330959118,-0.7571461796760559,-0.2168016433715820,0.0000000000000000,1.0000000000000000,-0.0000000437113883,0.0000000000000000,0.7571461796760559,0.0000000285542647,0.6532454490661621,3.5358920097351074,0.0000000000000000,0.0000000000000000,0.0000000000000000,1.0000000000000000
M 0.5963151454925537,-0.0000000350893359,-0.8027504682540894,-0.3729121685028076,0.0000000000000000,1.0000000000000000,-0.0000000437113883,0.0000000000000000,0.8027504682540894,0.0000000260657629,0.5963151454925537,3.8040585517883301,0.0000000000000000,0.0000000000000000,0.0000000000000000,1.0000000000000000
M 0.5371827483177185,-0.0000000368690642,-0.8434658646583557,-0.5452485084533691,0.0000000000000000,1.0000000000000000,-0.0000000437113883,0.0000000000000000,0.8434658646583557,0.0000000234810038,0.5371827483177185,4.0561943054199219,0.0000000000000000,0.0000000000000000,0.0000000000000000,1.0000000000000000
M 0.4767992794513702,-0.0000000384228436,-0.8790122270584106,-0.7304649353027344,0.0000000000000000,1.0000000000000000,-0.0000000437113883,0.0000000000000000,0.8790122270584106,0.0000000208415578,0.4767992794513702,4.2897310256958008,0.0000000000000000,0.0000000000000000,0.0000000000000000,1.0000000000000000
M 0.4161680042743683,-0.0000000397462294,-0.9092877507209778,-0.9247359037399292,0.0000000000000000,1.0000000000000000,-0.0000000437113883,0.0000000000000000,0.9092877507209778,0.0000000181912814,0.4161680042743683,4.5027289390563965,0.0000000000000000,0.0000000000000000,0.0000000000000000,1.0000000000000000
M 0.3563142120838165,-0.0000000408424405,-0.9343661665916443,-1.1238794326782227,0.0000000000000000,1.0000000000000000,-0.0000000437113883,0.0000000000000000,0.9343661665916443,0.0000000155749884,0.3563142120838165,4.6939101219177246,0.0000000000000000,0.0000000000000000,0.0000000000000000,1.0000000000000000
M 0.2982563674449921,-0.0000000417218970,-0.9544857740402222,-1.3234882354736328,0.0000000000000000,1.0000000000000000,-0.0000000437113883,0.0000000000000000,0.9544857740402222,0.0000000130371998,0.2982563674449921,4.8626608848571777,0.0000000000000000,0.0000000000000000,0.0000000000000000,1.0000000000000000
M 0.2429802417755127,-0.0000000424014139,-0.9700312614440918,-1.5190613269805908,0.0000000000000000,1.0000000000000000,-0.0000000437113883,0.0000000000000000,0.9700312614440918,0.0000000106210036,0.2429802417755127,5.0089983940124512,0.0000000000000000,0.0000000000000000,0.0000000000000000,1.0000000000000000
M 0.1914216130971909,-0.0000000429030713,-0.9815078973770142,-1.7061109542846680,0.0000000000000000,1.0000000000000000,-0.0000000437113883,0.0000000000000000,0.9815078973770142,0.0000000083673042,0.1914216130971909,5.1334953308105469,0.0000000000000000,0.0000000000000000,0.0000000000000000,1.0000000000000000
M 0.1444539129734039,-0.0000000432529248,-0.9895115494728088,-1.8802585601806641,0.0000000000000000,1.0000000000000000,-0.0000000437113883,0.0000000000000000,0.9895115494728088,0.0000000063142811,0.1444539129734039,5.2371792793273926,0.0000000000000000,0.0000000000000000,0.0000000000000000,1.0000000000000000
M 0.1028818860650063,-0.0000000434794387,-0.9946935772895813,-2.0373125076293945,0.0000000000000000,1.0000000000000000,-0.0000000437113883,0.0000000000000000,0.9946935772895813,0.0000000044971102,0.1028818860650063,5.3214025497436523,0.0000000000000000,0.0000000000000000,0.0000000000000000,1.0000000000000000
M 0.0674439445137978,-0.0000000436118590,-0.9977230429649353,-2.1733179092407227,0.0000000000000000,1.0000000000000000,-0.0000000437113883,0.0000000000000000,0.9977230429649353,0.0000000029480685,0.0674439445137978,5.3876900672912598,0.0000000000000000,0.0000000000000000,0.0000000000000000,1.0000000000000000
M 0.0388189293444157,-0.0000000436784404,-0.9992462396621704,-2.2845911979675293,0.0000000000000000,1.0000000000000000,-0.0000000437113883,0.0000000000000000,0.9992462396621704,0.0000000016968293,0.0388189293444157,5.4375677108764648,0.0000000000000000,0.0000000000000000,0.0000000000000000,1.0000000000000000
M 0.0176399890333414,-0.0000000437045884,-0.9998444318771362,-2.3677289485931396,0.0000000000000000,1.0000000000000000,-0.0000000437113883,0.0000000000000000,0.9998444318771362,0.0000000007710684,0.0176399890333414,5.4723715782165527,0.0000000000000000,0.0000000000000000,0.0000000000000000,1.0000000000000000
M 0.0045056943781674,-0.0000000437109442,-0.9999898672103882,-2.4196331501007080,0.0000000000000000,1.0000000000000000,-0.0000000437113883,0.0000000000000000,0.9999898672103882,0.0000000001969502,0.0045056943781674,5.4930610656738281,0.0000000000000000,0.0000000000000000,0.0000000000000000,1.0000000000000000
M -0.0000000437113883,-0.0000000437113883,-1.0000000000000000,-2.4374997615814209,0.0000000000000000,1.0000000000000000,-0.0000000437113883,0.0000000000000000,1.0000000000000000,-0.0000000000000019,-0.0000000437113883,5.5000004768371582,0.0000000000000000,0.0000000000000000,0.0000000000000000,1.0000000000000000
O DOOR_1_TOGGLE_EXTERNAL_LCG_IL_CG_door1_mvp_disel
A DOOR_1_TOGGLE_EXTERNAL_LCG_IL_CG_door1_mvp_disel_DOOR_1_TOGGLE_EXTERNAL_LCG_IL_CG_door1_mvp_disel
M 1.0000000000000000,0.0000000000000000,0.0000000000000000,0.0000000000000000,0.0000000000000000,1.0000000000000000,-0.0000000437113883,0.0000000000000000,-0.0000000000000000,0.0000000437113883,1.0000000000000000,-0.0000000000000000,0.0000000000000000,0.0000000000000000,0.0000000000000000,1.0000000000000000
M 1.0000000000000000,0.0000000000000000,0.0000000000000000,0.0000000000000000,0.0000000000000000,1.0000000000000000,-0.0000000437113883,0.0000000000000000,-0.0000000000000000,0.0000000437113883,1.0000000000000000,-0.0000000000000000,0.0000000000000000,0.0000000000000000,0.0000000000000000,1.0000000000000000
M 1.0000000000000000,0.0000000000000000,0.0000000000000000,0.0000000000000000,0.0000000000000000,1.0000000000000000,-0.0000000437113883,0.0000000000000000,-0.0000000000000000,0.0000000437113883,1.0000000000000000,-0.0000000000000000,0.0000000000000000,0.0000000000000000,0.0000000000000000,1.0000000000000000
M 1.0000000000000000,0.0000000000000000,0.0000000000000000,0.0000000000000000,0.0000000000000000,1.0000000000000000,-0.0000000437113883,0.0000000000000000,-0.0000000000000000,0.0000000437113883,1.0000000000000000,-0.0000000000000000,0.0000000000000000,0.0000000000000000,0.0000000000000000,1.0000000000000000
M 1.0000000000000000,0.0000000000000000,0.0000000000000000,0.0000000000000000,0.0000000000000000,1.0000000000000000,-0.0000000437113883,0.0000000000000000,-0.0000000000000000,0.0000000437113883,1.0000000000000000,-0.0000000000000000,0.0000000000000000,0.0000000000000000,0.0000000000000000,1.0000000000000000
M 1.0000000000000000,0.0000000000000000,0.0000000000000000,0.0000000000000000,0.0000000000000000,1.0000000000000000,-0.0000000437113883,0.0000000000000000,-0.0000000000000000,0.0000000437113883,1.0000000000000000,-0.0000000000000000,0.0000000000000000,0.0000000000000000,0.0000000000000000,1.0000000000000000
M 1.0000000000000000,0.0000000000000000,0.0000000000000000,0.0000000000000000,0.0000000000000000,1.0000000000000000,-0.0000000437113883,0.0000000000000000,-0.0000000000000000,0.0000000437113883,1.0000000000000000,-0.0000000000000000,0.0000000000000000,0.0000000000000000,0.0000000000000000,1.0000000000000000
M 1.0000000000000000,0.0000000000000000,0.0000000000000000,0.0000000000000000,0.0000000000000000,1.0000000000000000,-0.0000000437113883,0.0000000000000000,-0.0000000000000000,0.0000000437113883,1.0000000000000000,-0.0000000000000000,0.0000000000000000,0.0000000000000000,0.0000000000000000,1.0000000000000000
M 1.0000000000000000,0.0000000000000000,0.0000000000000000,0.0000000000000000,0.0000000000000000,1.0000000000000000,-0.0000000437113883,0.0000000000000000,-0.0000000000000000,0.0000000437113883,1.0000000000000000,-0.0000000000000000,0.0000000000000000,0.0000000000000000,0.0000000000000000,1.0000000000000000
M 0.9999898672103882,-0.0000000001969658,-0.0045060524716973,0.0068596024066210,0.0000000000000000,1.0000000000000000,-0.0000000437113883,0.0000000000000000,0.0045060524716973,0.0000000437109442,0.9999898672103882,0.0178988929837942,0.0000000000000000,0.0000000000000000,0.0000000000000000,1.0000000000000000
M 0.9998444318771362,-0.0000000007710628,-0.0176398605108261,0.0263935402035713,0.0000000000000000,1.0000000000000000,-0.0000000437113883,0.0000000000000000,0.0176398605108261,0.0000000437045884,0.9998444318771362,0.0702463760972023,0.0000000000000000,0.0000000000000000,0.0000000000000000,1.0000000000000000
M 0.9992462396621704,-0.0000000016968379,-0.0388191267848015,0.0564503669738770,0.0000000000000000,1.0000000000000000,-0.0000000437113883,0.0000000000000000,0.0388191267848015,0.0000000436784404,0.9992462396621704,0.1552175879478455,0.0000000000000000,0.0000000000000000,0.0000000000000000,1.0000000000000000
M 0.9977230429649353,-0.0000000029480671,-0.0674439147114754,0.0942367464303970,0.0000000000000000,1.0000000000000000,-0.0000000437113883,0.0000000000000000,0.0674439147114754,0.0000000436118590,0.9977230429649353,0.2711546719074249,0.0000000000000000,0.0000000000000000,0.0000000000000000,1.0000000000000000
M 0.9946935772895813,-0.0000000044971129,-0.1028819531202316,0.1364782899618149,0.0000000000000000,1.0000000000000000,-0.0000000437113883,0.0000000000000000,0.1028819531202316,0.0000000434794387,0.9946935772895813,0.4164381623268127,0.0000000000000000,0.0000000000000000,0.0000000000000000,1.0000000000000000
M 0.9895114898681641,-0.0000000063142851,-0.1444540023803711,0.1795690506696701,0.0000000000000000,1.0000000000000000,-0.0000000437113883,0.0000000000000000,0.1444540023803711,0.0000000432529212,0.9895114898681641,0.5893623828887939,0.0000000000000000,0.0000000000000000,0.0000000000000000,1.0000000000000000
M 0.9815078973770142,-0.0000000083673086,-0.1914217174053192,0.2197241187095642,0.0000000000000000,1.0000000000000000,-0.0000000437113883,0.0000000000000000,0.1914217174053192,0.0000000429030713,0.9815078973770142,0.7880209684371948,0.0000000000000000,0.0000000000000000,0.0000000000000000,1.0000000000000000
M 0.9700312614440918,-0.0000000106210001,-0.2429801672697067,0.2531250417232513,0.0000000000000000,1.0000000000000000,-0.0000000437113883,0.0000000000000000,0.2429801672697067,0.0000000424014139,0.9700312614440918,1.0102171897888184,0.0000000000000000,0.0000000000000000,0.0000000000000000,1.0000000000000000
M 0.9544857740402222,-0.0000000130371998,-0.2982563674449921,0.2760707139968872,0.0000000000000000,1.0000000000000000,-0.0000000437113883,0.0000000000000000,0.2982563674449921,0.0000000417218970,0.9544857740402222,1.2533986568450928,0.0000000000000000,0.0000000000000000,0.0000000000000000,1.0000000000000000
M 0.9343661069869995,-0.0000000155749973,-0.3563144207000732,0.2851221561431885,0.0000000000000000,1.0000000000000000,-0.0000000437113883,0.0000000000000000,0.3563144207000732,0.0000000408424405,0.9343661069869995,1.5146247148513794,0.0000000000000000,0.0000000000000000,0.0000000000000000,1.0000000000000000
M 0.9092876911163330,-0.0000000181912849,-0.4161680936813354,0.2772431373596191,0.0000000000000000,1.0000000000000000,-0.0000000437113883,0.0000000000000000,0.4161680936813354,0.0000000397462259,0.9092876911163330,1.7905703783035278,0.0000000000000000,0.0000000000000000,0.0000000000000000,1.0000000000000000
M 0.8790122270584106,-0.0000000208415560,-0.4767992198467255,0.2499287724494934,0.0000000000000000,1.0000000000000000,-0.0000000437113883,0.0000000000000000,0.4767992198467255,0.0000000384228436,0.8790122270584106,2.0775594711303711,0.0000000000000000,0.0000000000000000,0.0000000000000000,1.0000000000000000
M 0.8434658050537109,-0.0000000234810056,-0.5371828079223633,0.2013162970542908,0.0000000000000000,1.0000000000000000,-0.0000000437113883,0.0000000000000000,0.5371828079223633,0.0000000368690607,0.8434658050537109,2.3716373443603516,0.0000000000000000,0.0000000000000000,0.0000000000000000,1.0000000000000000
M 0.8027504086494446,-0.0000000260657647,-0.5963152050971985,0.1302736401557922,0.0000000000000000,1.0000000000000000,-0.0000000437113883,0.0000000000000000,0.5963152050971985,0.0000000350893359,0.8027504086494446,2.6686644554138184,0.0000000000000000,0.0000000000000000,0.0000000000000000,1.0000000000000000
M 0.7571462392807007,-0.0000000285542630,-0.6532453894615173,0.0364563465118408,0.0000000000000000,1.0000000000000000,-0.0000000437113883,0.0000000000000000,0.6532453894615173,0.0000000330959118,0.7571462392807007,2.9644374847412109,0.0000000000000000,0.0000000000000000,0.0000000000000000,1.0000000000000000
M 0.7071067690849304,-0.0000000309086197,-0.7071067690849304,-0.0796624422073364,0.0000000000000000,1.0000000000000000,-0.0000000437113883,0.0000000000000000,0.7071067690849304,0.0000000309086197,0.7071067690849304,3.2548227310180664,0.0000000000000000,0.0000000000000000,0.0000000000000000,1.0000000000000000
M 0.6532454490661621,-0.0000000330959118,-0.7571461796760559,-0.2168016433715820,0.0000000000000000,1.0000000000000000,-0.0000000437113883,0.0000000000000000,0.7571461796760559,0.0000000285542647,0.6532454490661621,3.5358920097351074,0.0000000000000000,0.0000000000000000,0.0000000000000000,1.0000000000000000
M 0.5963151454925537,-0.0000000350893359,-0.8027504682540894,-0.3729121685028076,0.0000000000000000,1.0000000000000000,-0.0000000437113883,0.0000000000000000,0.8027504682540894,0.0000000260657629,0.5963151454925537,3.8040585517883301,0.0000000000000000,0.0000000000000000,0.0000000000000000,1.0000000000000000
M 0.5371827483177185,-0.0000000368690642,-0.8434658646583557,-0.5452485084533691,0.0000000000000000,1.0000000000000000,-0.0000000437113883,0.0000000000000000,0.8434658646583557,0.0000000234810038,0.5371827483177185,4.0561943054199219,0.0000000000000000,0.0000000000000000,0.0000000000000000,1.0000000000000000
M 0.4767992794513702,-0.0000000384228436,-0.8790122270584106,-0.7304649353027344,0.0000000000000000,1.0000000000000000,-0.0000000437113883,0.0000000000000000,0.8790122270584106,0.0000000208415578,0.4767992794513702,4.2897310256958008,0.0000000000000000,0.0000000000000000,0.0000000000000000,1.0000000000000000
M 0.4161680042743683,-0.0000000397462294,-0.9092877507209778,-0.9247359037399292,0.0000000000000000,1.0000000000000000,-0.0000000437113883,0.0000000000000000,0.9092877507209778,0.0000000181912814,0.4161680042743683,4.5027289390563965,0.0000000000000000,0.0000000000000000,0.0000000000000000,1.0000000000000000
M 0.3563142120838165,-0.0000000408424405,-0.9343661665916443,-1.1238794326782227,0.0000000000000000,1.0000000000000000,-0.0000000437113883,0.0000000000000000,0.9343661665916443,0.0000000155749884,0.3563142120838165,4.6939101219177246,0.0000000000000000,0.0000000000000000,0.0000000000000000,1.0000000000000000
M 0.2982563674449921,-0.0000000417218970,-0.9544857740402222,-1.3234882354736328,0.0000000000000000,1.0000000000000000,-0.0000000437113883,0.0000000000000000,0.9544857740402222,0.0000000130371998,0.2982563674449921,4.8626608848571777,0.0000000000000000,0.0000000000000000,0.0000000000000000,1.0000000000000000
M 0.2429802417755127,-0.0000000424014139,-0.9700312614440918,-1.5190613269805908,0.0000000000000000,1.0000000000000000,-0.0000000437113883,0.0000000000000000,0.9700312614440918,0.0000000106210036,0.2429802417755127,5.0089983940124512,0.0000000000000000,0.0000000000000000,0.0000000000000000,1.0000000000000000
M 0.1914216130971909,-0.0000000429030713,-0.9815078973770142,-1.7061109542846680,0.0000000000000000,1.0000000000000000,-0.0000000437113883,0.0000000000000000,0.9815078973770142,0.0000000083673042,0.1914216130971909,5.1334953308105469,0.0000000000000000,0.0000000000000000,0.0000000000000000,1.0000000000000000
M 0.1444539129734039,-0.0000000432529248,-0.9895115494728088,-1.8802585601806641,0.0000000000000000,1.0000000000000000,-0.0000000437113883,0.0000000000000000,0.9895115494728088,0.0000000063142811,0.1444539129734039,5.2371792793273926,0.0000000000000000,0.0000000000000000,0.0000000000000000,1.0000000000000000
M 0.1028818860650063,-0.0000000434794387,-0.9946935772895813,-2.0373125076293945,0.0000000000000000,1.0000000000000000,-0.0000000437113883,0.0000000000000000,0.9946935772895813,0.0000000044971102,0.1028818860650063,5.3214025497436523,0.0000000000000000,0.0000000000000000,0.0000000000000000,1.0000000000000000
M 0.0674439445137978,-0.0000000436118590,-0.9977230429649353,-2.1733179092407227,0.0000000000000000,1.0000000000000000,-0.0000000437113883,0.0000000000000000,0.9977230429649353,0.0000000029480685,0.0674439445137978,5.3876900672912598,0.0000000000000000,0.0000000000000000,0.0000000000000000,1.0000000000000000
M 0.0388189293444157,-0.0000000436784404,-0.9992462396621704,-2.2845911979675293,0.0000000000000000,1.0000000000000000,-0.0000000437113883,0.0000000000000000,0.9992462396621704,0.0000000016968293,0.0388189293444157,5.4375677108764648,0.0000000000000000,0.0000000000000000,0.0000000000000000,1.0000000000000000
M 0.0176399890333414,-0.0000000437045884,-0.9998444318771362,-2.3677289485931396,0.0000000000000000,1.0000000000000000,-0.0000000437113883,0.0000000000000000,0.9998444318771362,0.0000000007710684,0.0176399890333414,5.4723715782165527,0.0000000000000000,0.0000000000000000,0.0000000000000000,1.0000000000000000
M 0.0045056943781674,-0.0000000437109442,-0.9999898672103882,-2.4196331501007080,0.0000000000000000,1.0000000000000000,-0.0000000437113883,0.0000000000000000,0.9999898672103882,0.0000000001969502,0.0045056943781674,5.4930610656738281,0.0000000000000000,0.0000000000000000,0.0000000000000000,1.0000000000000000
M -0.0000000437113883,-0.0000000437113883,-1.0000000000000000,-2.4374997615814209,0.0000000000000000,1.0000000000000000,-0.0000000437113883,0.0000000000000000,1.0000000000000000,-0.0000000000000019,-0.0000000437113883,5.5000004768371582,0.0000000000000000,0.0000000000000000,0.0000000000000000,1.0000000000000000
O DOOR_1_ins_INTERIOR_LCG_IL
A DOOR_1_ins_INTERIOR_LCG_IL_DOOR_1_ins_INTERIOR_LCG_IL
M 1.0000000000000000,0.0000000000000000,0.0000000000000000,0.0000000000000000,0.0000000000000000,1.0000000000000000,-0.0000000437113883,0.0000000000000000,-0.0000000000000000,0.0000000437113883,1.0000000000000000,-0.0000000000000000,0.0000000000000000,0.0000000000000000,0.0000000000000000,1.0000000000000000
M 0.9998875260353088,0.0149983596056700,-0.0000000006555991,-0.0366066955029964,-0.0149983596056700,0.9998875260353088,-0.0000000437064713,-0.0686281099915504,-0.0000000000000000,0.0000000437113883,1.0000000000000000,-0.0000000000000000,0.0000000000000000,0.0000000000000000,0.0000000000000000,1.0000000000000000
M 0.9985129833221436,0.0545144975185394,-0.0000000023829043,-0.1380066722631454,-0.0545144975185394,0.9985129833221436,-0.0000000436463878,-0.2468477785587311,-0.0000000000000000,0.0000000437113883,1.0000000000000000,-0.0000000000000000,0.0000000000000000,0.0000000000000000,0.0000000000000000,1.0000000000000000
M 0.9939069747924805,0.1102222129702568,-0.0000000048179660,-0.2932120561599731,-0.1102222129702568,0.9939069747924805,-0.0000000434450520,-0.4916719794273376,-0.0000000000000000,0.0000000437113883,1.0000000000000000,-0.0000000000000000,0.0000000000000000,0.0000000000000000,0.0000000000000000,1.0000000000000000
M 0.9848077297210693,0.1736481636762619,-0.0000000075904021,-0.4876303076744080,-0.1736481636762619,0.9848077297210693,-0.0000000430473115,-0.7611397504806519,-0.0000000000000000,0.0000000437113883,1.0000000000000000,-0.0000000000000000,0.0000000000000000,0.0000000000000000,0.0000000000000000,1.0000000000000000
M 0.9716652631759644,0.2363612353801727,-0.0000000103316777,-0.6989069581031799,-0.2363612353801727,0.9716652631759644,-0.0000000424728377,-1.0176038742065430,-0.0000000000000000,0.0000000437113883,1.0000000000000000,-0.0000000000000000,0.0000000000000000,0.0000000000000000,0.0000000000000000,1.0000000000000000
M 0.9569403529167175,0.2902846634387970,-0.0000000126887461,-0.8963028788566589,-0.2902846634387970,0.9569403529167175,-0.0000000418291926,-1.2298829555511475,-0.0000000000000000,0.0000000437113883,1.0000000000000000,-0.0000000000000000,0.0000000000000000,0.0000000000000000,0.0000000000000000,1.0000000000000000
M 0.9447166919708252,0.3278877735137939,-0.0000000143324295,-1.0429377555847168,-0.3278877735137939,0.9447166919708252,-0.0000000412948786,-1.3732089996337891,-0.0000000000000000,0.0000000437113883,1.0000000000000000,-0.0000000000000000,0.0000000000000000,0.0000000000000000,0.0000000000000000,1.0000000000000000
M 0.9396926164627075,0.3420200943946838,-0.0000000149501727,-1.1000230312347412,-0.3420200943946838,0.9396926164627075,-0.0000000410752676,-1.4260401725769043,-0.0000000000000000,0.0000000437113883,1.0000000000000000,-0.0000000000000000,0.0000000000000000,0.0000000000000000,0.0000000000000000,1.0000000000000000
M 0.9396830797195435,0.3420166373252869,-0.0045060673728585,-1.0931525230407715,-0.3420200943946838,0.9396926164627075,-0.0000000410752676,-1.4260401725769043,0.0042343041859567,0.0015412041684613,0.9999898672103882,0.0129422144964337,0.0000000000000000,0.0000000000000000,0.0000000000000000,1.0000000000000000
M 0.9395464062690735,0.3419668972492218,-0.0176398754119873,-1.0734581947326660,-0.3420200943946838,0.9396926164627075,-0.0000000410752676,-1.4260401725769043,0.0165760461241007,0.0060332305729389,0.9998444318771362,0.0508420877158642,0.0000000000000000,0.0000000000000000,0.0000000000000000,1.0000000000000000
M 0.9389843344688416,0.3417623043060303,-0.0388191416859627,-1.0427428483963013,-0.3420200943946838,0.9396926164627075,-0.0000000410752676,-1.4260401725769043,0.0364780463278294,0.0132769653573632,0.9992462396621704,0.1125156581401825,0.0000000000000000,0.0000000000000000,0.0000000000000000,1.0000000000000000
M 0.9375529885292053,0.3412413299083710,-0.0674439296126366,-1.0032812356948853,-0.3420200943946838,0.9396926164627075,-0.0000000410752676,-1.4260401725769043,0.0633765459060669,0.0230672173202038,0.9977230429649353,0.1969648301601410,0.0000000000000000,0.0000000000000000,0.0000000000000000,1.0000000000000000
M 0.9347062110900879,0.3402051925659180,-0.1028819680213928,-0.9577072262763977,-0.3420200943946838,0.9396926164627075,-0.0000000410752676,-1.4260401725769043,0.0966774150729179,0.0351877398788929,0.9946935772895813,0.3032656610012054,0.0000000000000000,0.0000000000000000,0.0000000000000000,1.0000000000000000
M 0.9298366308212280,0.3384328186511993,-0.1444540172815323,-0.9089158177375793,-0.3420200943946838,0.9396926164627075,-0.0000000410752676,-1.4260401725769043,0.1357423663139343,0.0494062155485153,0.9895114898681641,0.4304597377777100,0.0000000000000000,0.0000000000000000,0.0000000000000000,1.0000000000000000
M 0.9223157167434692,0.3356954157352448,-0.1914217323064804,-0.8599569797515869,-0.3420200943946838,0.9396926164627075,-0.0000000410752676,-1.4260401725769043,0.1798775792121887,0.0654701218008995,0.9815078973770142,0.5774526596069336,0.0000000000000000,0.0000000000000000,0.0000000000000000,1.0000000000000000
M 0.9115312099456787,0.3317701816558838,-0.2429801821708679,-0.8139313459396362,-0.3420200943946838,0.9396926164627075,-0.0000000410752676,-1.4260401725769043,0.2283266633749008,0.0831041410565376,0.9700312614440918,0.7429333329200745,0.0000000000000000,0.0000000000000000,0.0000000000000000,1.0000000000000000
M 0.8969232439994812,0.3264533281326294,-0.2982563674449921,-0.7738853096961975,-0.3420200943946838,0.9396926164627075,-0.0000000410752676,-1.4260401725769043,0.2802692949771881,0.1020097136497498,0.9544857740402222,0.9253097772598267,0.0000000000000000,0.0000000000000000,0.0000000000000000,1.0000000000000000
M 0.8780169486999512,0.3195719420909882,-0.3563144207000732,-0.7427018880844116,-0.3420200943946838,0.9396926164627075,-0.0000000410752676,-1.4260401725769043,0.3348260223865509,0.1218667253851891,0.9343661069869995,1.1226706504821777,0.0000000000000000,0.0000000000000000,0.0000000000000000,1.0000000000000000
M 0.8544509410858154,0.3109946250915527,-0.4161680936813354,-0.7229938507080078,-0.3420200943946838,0.9396926164627075,-0.0000000410752676,-1.4260401725769043,0.3910700976848602,0.1423378884792328,0.9092876911163330,1.3327760696411133,0.0000000000000000,0.0000000000000000,0.0000000000000000,1.0000000000000000
M 0.8260012865066528,0.3006398081779480,-0.4767992198467255,-0.7170048952102661,-0.3420200943946838,0.9396926164627075,-0.0000000410752676,-1.4260401725769043,0.4480447173118591,0.1630749553442001,0.8790122270584106,1.5530693531036377,0.0000000000000000,0.0000000000000000,0.0000000000000000,1.0000000000000000
M 0.7968361973762512,0.2765621244907379,-0.5371828079223633,-0.6783660650253296,-0.3278878033161163,0.9447166919708252,-0.0000000412948786,-1.3732092380523682,0.5074855685234070,0.1761357188224792,0.8434658050537109,1.8113892078399658,0.0000000000000000,0.0000000000000000,0.0000000000000000,1.0000000000000000
M 0.7681842446327209,0.2330260723829269,-0.5963152050971985,-0.5892335772514343,-0.2902846336364746,0.9569403529167175,-0.0000000418291926,-1.2298828363418579,0.5706380605697632,0.1731011718511581,0.8027504086494446,2.1341855525970459,0.0000000000000000,0.0000000000000000,0.0000000000000000,1.0000000000000000
M 0.7356926798820496,0.1789599508047104,-0.6532453894615173,-0.4927184581756592,-0.2363611757755280,0.9716652631759644,-0.0000000424728377,-1.0176036357879639,0.6347358822822571,0.1544018834829330,0.7571462392807007,2.5078802108764648,0.0000000000000000,0.0000000000000000,0.0000000000000000,1.0000000000000000
M 0.6963642239570618,0.1227877512574196,-0.7071067690849304,-0.4244690835475922,-0.1736481487751007,0.9848077297210693,-0.0000000430473115,-0.7611396908760071,0.6963642239570618,0.1227878108620644,0.7071067690849304,2.9100160598754883,0.0000000000000000,0.0000000000000000,0.0000000000000000,1.0000000000000000
M 0.6492652297019958,0.0720020979642868,-0.7571461796760559,-0.4083411991596222,-0.1102221608161926,0.9939069747924805,-0.0000000434450520,-0.4916717410087585,0.7525328397750854,0.0834543183445930,0.6532454490661621,3.3138875961303711,0.0000000000000000,0.0000000000000000,0.0000000000000000,1.0000000000000000
M 0.5954284071922302,0.0325077809393406,-0.8027504682540894,-0.4552075862884521,-0.0545144900679588,0.9985129833221436,-0.0000000436463878,-0.2468477487564087,0.8015567660331726,0.0437615588307381,0.5963151454925537,3.6932737827301025,0.0000000000000000,0.0000000000000000,0.0000000000000000,1.0000000000000000
M 0.5371223092079163,0.0080567859113216,-0.8434658646583557,-0.5649129748344421,-0.0149982906877995,0.9998875260353088,-0.0000000437064713,-0.0686277896165848,0.8433709740638733,0.0126505699008703,0.5371827483177185,4.0253181457519531,0.0000000000000000,0.0000000000000000,0.0000000000000000,1.0000000000000000
M 0.4767992794513702,-0.0000000526325721,-0.8790122270584106,-0.7304646372795105,0.0000000298023259,1.0000000000000000,-0.0000000437113883,0.0000001369044327,0.8790122270584106,-0.0000000053550515,0.4767992794513702,4.2897310256958008,0.0000000000000000,0.0000000000000000,0.0000000000000000,1.0000000000000000
M 0.4161680042743683,-0.0000000521490051,-0.9092877507209778,-0.9247362017631531,0.0000000298023259,1.0000000000000000,-0.0000000437113883,0.0000001369044327,0.9092877507209778,-0.0000000089076089,0.4161680042743683,4.5027289390563965,0.0000000000000000,0.0000000000000000,0.0000000000000000,1.0000000000000000
M 0.3563142120838165,-0.0000000514614342,-0.9343661665916443,-1.1238794326782227,0.0000000298023259,1.0000000000000000,-0.0000000437113883,0.0000001369044327,0.9343661665916443,-0.0000000122712969,0.3563142120838165,4.6939096450805664,0.0000000000000000,0.0000000000000000,0.0000000000000000,1.0000000000000000
M 0.2982563674449921,-0.0000000506106304,-0.9544857740402222,-1.3234883546829224,0.0000000298023259,1.0000000000000000,-0.0000000437113883,0.0000001369044327,0.9544857740402222,-0.0000000154086965,0.2982563674449921,4.8626608848571777,0.0000000000000000,0.0000000000000000,0.0000000000000000,1.0000000000000000
M 0.2429802417755127,-0.0000000496427894,-0.9700312614440918,-1.5190613269805908,0.0000000298023259,1.0000000000000000,-0.0000000437113883,0.0000001369044327,0.9700312614440918,-0.0000000182881834,0.2429802417755127,5.0089983940124512,0.0000000000000000,0.0000000000000000,0.0000000000000000,1.0000000000000000
M 0.1914216130971909,-0.0000000486078804,-0.9815078973770142,-1.7061109542846680,0.0000000298023259,1.0000000000000000,-0.0000000437113883,0.0000001369044327,0.9815078973770142,-0.0000000208839133,0.1914216130971909,5.1334953308105469,0.0000000000000000,0.0000000000000000,0.0000000000000000,1.0000000000000000
M 0.1444539129734039,-0.0000000475579860,-0.9895115494728088,-1.8802584409713745,0.0000000298023259,1.0000000000000000,-0.0000000437113883,0.0000001369044327,0.9895115494728088,-0.0000000231754651,0.1444539129734039,5.2371792793273926,0.0000000000000000,0.0000000000000000,0.0000000000000000,1.0000000000000000
M 0.1028818860650063,-0.0000000465455585,-0.9946935772895813,-2.0373125076293945,0.0000000298023259,1.0000000000000000,-0.0000000437113883,0.0000001369044327,0.9946935772895813,-0.0000000251470720,0.1028818860650063,5.3214025497436523,0.0000000000000000,0.0000000000000000,0.0000000000000000,1.0000000000000000
M 0.0674439445137978,-0.0000000456218459,-0.9977230429649353,-2.1733179092407227,0.0000000298023259,1.0000000000000000,-0.0000000437113883,0.0000001369044327,0.9977230429649353,-0.0000000267863989,0.0674439445137978,5.3876900672912598,0.0000000000000000,0.0000000000000000,0.0000000000000000,1.0000000000000000
M 0.0388189293444157,-0.0000000448353354,-0.9992462396621704,-2.2845911979675293,0.0000000298023259,1.0000000000000000,-0.0000000437113883,0.0000001369044327,0.9992462396621704,-0.0000000280830328,0.0388189293444157,5.4375677108764648,0.0000000000000000,0.0000000000000000,0.0000000000000000,1.0000000000000000
M 0.0176399890333414,-0.0000000442303012,-0.9998444318771362,-2.3677291870117188,0.0000000298023259,1.0000000000000000,-0.0000000437113883,0.0000001369044327,0.9998444318771362,-0.0000000290266211,0.0176399890333414,5.4723720550537109,0.0000000000000000,0.0000000000000000,0.0000000000000000,1.0000000000000000
M 0.0045056943781674,-0.0000000438452261,-0.9999898672103882,-2.4196329116821289,0.0000000298023259,1.0000000000000000,-0.0000000437113883,0.0000001369044327,0.9999898672103882,-0.0000000296050739,0.0045056943781674,5.4930610656738281,0.0000000000000000,0.0000000000000000,0.0000000000000000,1.0000000000000000
M -0.0000000437113883,-0.0000000437113883,-1.0000000000000000,-2.4374995231628418,0.0000000298023259,1.0000000000000000,-0.0000000437113883,0.0000001369044327,1.0000000000000000,-0.0000000298023295,-0.0000000437113883,5.5000004768371582,0.0000000000000000,0.0000000000000000,0.0000000000000000,1.0000000000000000
O DOOR_1_out
A DOOR_1_out_DOOR_1_out
M 1.0000000000000000,0.0000000000000000,0.0000000000000000,0.0000000000000000,0.0000000000000000,1.0000000000000000,-0.0000000437113883,0.0000000000000000,-0.0000000000000000,0.0000000437113883,1.0000000000000000,-0.0000000000000000,0.0000000000000000,0.0000000000000000,0.0000000000000000,1.0000000000000000
M 0.9998875260353088,0.0149983596056700,-0.0000000006555991,-0.0366066955029964,-0.0149983596056700,0.9998875260353088,-0.0000000437064713,-0.0686281099915504,-0.0000000000000000,0.0000000437113883,1.0000000000000000,-0.0000000000000000,0.0000000000000000,0.0000000000000000,0.0000000000000000,1.0000000000000000
M 0.9985129833221436,0.0545144975185394,-0.0000000023829043,-0.1380066722631454,-0.0545144975185394,0.9985129833221436,-0.0000000436463878,-0.2468477785587311,-0.0000000000000000,0.0000000437113883,1.0000000000000000,-0.0000000000000000,0.0000000000000000,0.0000000000000000,0.0000000000000000,1.0000000000000000
M 0.9939069747924805,0.1102222129702568,-0.0000000048179660,-0.2932120561599731,-0.1102222129702568,0.9939069747924805,-0.0000000434450520,-0.4916719794273376,-0.0000000000000000,0.0000000437113883,1.0000000000000000,-0.0000000000000000,0.0000000000000000,0.0000000000000000,0.0000000000000000,1.0000000000000000
