O DOOR_7_TOGGLE_INTERIOR_LCG_IL_CG_door7_mvp_disel
A DOOR_7_TOGGLE_INTERIOR_LCG_IL_CG_door7_mvp_disel_DOOR_7_TOGGLE_INTERIOR_LCG_IL_CG_door7_mvp_disel
M 1.0000000000000000,0.0000000000000000,0.0000000000000000,-0.0000000797213033,0.0000000000000000,1.0000000000000000,-0.0000000437113883,0.0000000000000000,-0.0000000000000000,0.0000000437113883,1.0000000000000000,0.0000000086995442,0.0000000000000000,0.0000000000000000,0.0000000000000000,1.0000000000000000
M 1.0000000000000000,0.0000000000000000,0.0000000000000000,-0.0000000797213033,0.0000000000000000,1.0000000000000000,-0.0000000437113883,0.0000000000000000,-0.0000000000000000,0.0000000437113883,1.0000000000000000,0.0000000086995442,0.0000000000000000,0.0000000000000000,0.0000000000000000,1.0000000000000000
M 1.0000000000000000,0.0000000000000000,0.0000000000000000,-0.0000000797213033,0.0000000000000000,1.0000000000000000,-0.0000000437113883,0.0000000000000000,-0.0000000000000000,0.0000000437113883,1.0000000000000000,0.0000000086995442,0.0000000000000000,0.0000000000000000,0.0000000000000000,1.0000000000000000
M 1.0000000000000000,0.0000000000000000,0.0000000000000000,-0.0000000797213033,0.0000000000000000,1.0000000000000000,-0.0000000437113883,0.0000000000000000,-0.0000000000000000,0.0000000437113883,1.0000000000000000,0.0000000086995442,0.0000000000000000,0.0000000000000000,0.0000000000000000,1.0000000000000000
M 1.0000000000000000,0.0000000000000000,0.0000000000000000,-0.0000000797213033,0.0000000000000000,1.0000000000000000,-0.0000000437113883,0.0000000000000000,-0.0000000000000000,0.0000000437113883,1.0000000000000000,0.0000000086995442,0.0000000000000000,0.0000000000000000,0.0000000000000000,1.0000000000000000
M 1.0000000000000000,0.0000000000000000,0.0000000000000000,-0.0000000797213033,0.0000000000000000,1.0000000000000000,-0.0000000437113883,0.0000000000000000,-0.0000000000000000,0.0000000437113883,1.0000000000000000,0.0000000086995442,0.0000000000000000,0.0000000000000000,0.0000000000000000,1.0000000000000000
M 1.0000000000000000,0.0000000000000000,0.0000000000000000,-0.0000000797213033,0.0000000000000000,1.0000000000000000,-0.0000000437113883,0.0000000000000000,-0.0000000000000000,0.0000000437113883,1.0000000000000000,0.0000000086995442,0.0000000000000000,0.0000000000000000,0.0000000000000000,1.0000000000000000
M 1.0000000000000000,0.0000000000000000,0.0000000000000000,-0.0000000797213033,0.0000000000000000,1.0000000000000000,-0.0000000437113883,0.0000000000000000,-0.0000000000000000,0.0000000437113883,1.0000000000000000,0.0000000086995442,0.0000000000000000,0.0000000000000000,0.0000000000000000,1.0000000000000000
M 1.0000000000000000,0.0000000000000000,0.0000000000000000,-0.0000000797213033,0.0000000000000000,1.0000000000000000,-0.0000000437113883,0.0000000000000000,-0.0000000000000000,0.0000000437113883,1.0000000000000000,0.0000000086995442,0.0000000000000000,0.0000000000000000,0.0000000000000000,1.0000000000000000
M 0.9999874830245972,-0.0000000002188528,-0.0050067692063749,-0.0013750859070569,0.0000000000000000,1.0000000000000000,-0.0000000437113883,0.0000000000000000,0.0050067692063749,0.0000000437108412,0.9999874830245972,-0.0133027397096157,0.0000000000000000,0.0000000000000000,0.0000000000000000,1.0000000000000000
M 0.9998078942298889,-0.0000000008567263,-0.0195996128022671,-0.0050022257491946,0.0000000000000000,1.0000000000000000,-0.0000000437113883,0.0000000000000000,0.0195996128022671,0.0000000437029897,0.9998078942298889,-0.0521154999732971,0.0000000000000000,0.0000000000000000,0.0000000000000000,1.0000000000000000
M 0.9990695118904114,-0.0000000018852568,-0.0431296490132809,-0.0096585443243384,0.0000000000000000,1.0000000000000000,-0.0000000437113883,0.0000000000000000,0.0431296490132809,0.0000000436707168,0.9990695118904114,-0.1148248314857483,0.0000000000000000,0.0000000000000000,0.0000000000000000,1.0000000000000000
M 0.9971891641616821,-0.0000000032750551,-0.0749245285987854,-0.0136064141988754,0.0000000000000000,1.0000000000000000,-0.0000000437113883,0.0000000000000000,0.0749245285987854,0.0000000435885212,0.9971891641616821,-0.1998088210821152,0.0000000000000000,0.0000000000000000,0.0000000000000000,1.0000000000000000
M 0.9934502243995667,-0.0000000049947104,-0.1142656505107880,-0.0147394835948944,0.0000000000000000,1.0000000000000000,-0.0000000437113883,0.0000000000000000,0.1142656505107880,0.0000000434250893,0.9934502243995667,-0.3053602874279022,0.0000000000000000,0.0000000000000000,0.0000000000000000,1.0000000000000000
M 0.9870565533638000,-0.0000000070101018,-0.1603724360466003,-0.0107239186763763,0.0000000000000000,1.0000000000000000,-0.0000000437113883,0.0000000000000000,0.1603724360466003,0.0000000431456115,0.9870565533638000,-0.4296296536922455,0.0000000000000000,0.0000000000000000,0.0000000000000000,1.0000000000000000
M 0.9771867990493774,-0.0000000092834904,-0.2123815119266510,0.0008651129901409,0.0000000000000000,1.0000000000000000,-0.0000000437113883,0.0000000000000000,0.2123815119266510,0.0000000427141913,0.9771867990493774,-0.5705546140670776,0.0000000000000000,0.0000000000000000,0.0000000000000000,1.0000000000000000
M 0.9630451202392578,-0.0000000117732268,-0.2693400382995605,0.0224094092845917,0.0000000000000000,1.0000000000000000,-0.0000000437113883,0.0000000000000000,0.2693400382995605,0.0000000420960404,0.9630451202392578,-0.7258280515670776,0.0000000000000000,0.0000000000000000,0.0000000000000000,1.0000000000000000
M 0.9439104795455933,-0.0000000144335690,-0.3302015662193298,0.0561185106635094,0.0000000000000000,1.0000000000000000,-0.0000000437113883,0.0000000000000000,0.3302015662193298,0.0000000412596357,0.9439104795455933,-0.8928731679916382,0.0000000000000000,0.0000000000000000,0.0000000000000000,1.0000000000000000
M 0.9191809296607971,-0.0000000172150969,-0.3938355147838593,0.1039092019200325,0.0000000000000000,1.0000000000000000,-0.0000000437113883,0.0000000000000000,0.3938355147838593,0.0000000401786728,0.9191809296607971,-1.0688560009002686,0.0000000000000000,0.0000000000000000,0.0000000000000000,1.0000000000000000
M 0.8884134888648987,-0.0000000200654551,-0.4590440988540649,0.1672954559326172,0.0000000000000000,1.0000000000000000,-0.0000000437113883,0.0000000000000000,0.4590440988540649,0.0000000388337860,0.8884134888648987,-1.2507195472717285,0.0000000000000000,0.0000000000000000,0.0000000000000000,1.0000000000000000
M 0.8513552546501160,-0.0000000229305392,-0.5245895981788635,0.2472967505455017,0.0000000000000000,1.0000000000000000,-0.0000000437113883,0.0000000000000000,0.5245895981788635,0.0000000372139191,0.8513552546501160,-1.4352475404739380,0.0000000000000000,0.0000000000000000,0.0000000000000000,1.0000000000000000
M 0.8079662919044495,-0.0000000257560036,-0.5892286896705627,0.3443688750267029,0.0000000000000000,1.0000000000000000,-0.0000000437113883,0.0000000000000000,0.5892286896705627,0.0000000353173277,0.8079662919044495,-1.6191482543945312,0.0000000000000000,0.0000000000000000,0.0000000000000000,1.0000000000000000
M 0.7584320902824402,-0.0000000284889872,-0.6517520546913147,0.4583593606948853,0.0000000000000000,1.0000000000000000,-0.0000000437113883,0.0000000000000000,0.6517520546913147,0.0000000331521193,0.7584320902824402,-1.7991575002670288,0.0000000000000000,0.0000000000000000,0.0000000000000000,1.0000000000000000
M 0.7031638026237488,-0.0000000310800132,-0.7110278606414795,0.5884944796562195,0.0000000000000000,1.0000000000000000,-0.0000000437113883,0.0000000000000000,0.7110278606414795,0.0000000307362669,0.7031638026237488,-1.9721529483795166,0.0000000000000000,0.0000000000000000,0.0000000000000000,1.0000000000000000
M 0.6427875757217407,-0.0000000334848700,-0.7660444974899292,0.7333954572677612,0.0000000000000000,1.0000000000000000,-0.0000000437113883,0.0000000000000000,0.7660444974899292,0.0000000280971371,0.6427875757217407,-2.1352715492248535,0.0000000000000000,0.0000000000000000,0.0000000000000000,1.0000000000000000
M 0.5781224966049194,-0.0000000356663037,-0.8159499168395996,0.8911260962486267,0.0000000000000000,1.0000000000000000,-0.0000000437113883,0.0000000000000000,0.8159499168395996,0.0000000252705377,0.5781224966049194,-2.2860200405120850,0.0000000000000000,0.0000000000000000,0.0000000000000000,1.0000000000000000
M 0.5101502537727356,-0.0000000375955231,-0.8600853085517883,1.0592644214630127,0.0000000000000000,1.0000000000000000,-0.0000000437113883,0.0000000000000000,0.8600853085517883,0.0000000222993766,0.5101502537727356,-2.4223718643188477,0.0000000000000000,0.0000000000000000,0.0000000000000000,1.0000000000000000
M 0.4399751722812653,-0.0000000392532620,-0.8980099558830261,1.2350006103515625,0.0000000000000000,1.0000000000000000,-0.0000000437113883,0.0000000000000000,0.8980099558830261,0.0000000192319263,0.4399751722812653,-2.5428459644317627,0.0000000000000000,0.0000000000000000,0.0000000000000000,1.0000000000000000
M 0.3687837123870850,-0.0000000406304004,-0.9295151829719543,1.4152419567108154,0.0000000000000000,1.0000000000000000,-0.0000000437113883,0.0000000000000000,0.9295151829719543,0.0000000161200475,0.3687837123870850,-2.6465544700622559,0.0000000000000000,0.0000000000000000,0.0000000000000000,1.0000000000000000
M 0.2977986931800842,-0.0000000417281463,-0.9546287059783936,1.5967328548431396,0.0000000000000000,1.0000000000000000,-0.0000000437113883,0.0000000000000000,0.9546287059783936,0.0000000130171944,0.2977986931800842,-2.7332267761230469,0.0000000000000000,0.0000000000000000,0.0000000000000000,1.0000000000000000
M 0.2282380610704422,-0.0000000425576410,-0.9736053347587585,1.7761660814285278,0.0000000000000000,1.0000000000000000,-0.0000000437113883,0.0000000000000000,0.9736053347587585,0.0000000099766027,0.2282380610704422,-2.8031973838806152,0.0000000000000000,0.0000000000000000,0.0000000000000000,1.0000000000000000
M 0.1612767130136490,-0.0000000431391740,-0.9869092702865601,1.9502904415130615,0.0000000000000000,1.0000000000000000,-0.0000000437113883,0.0000000000000000,0.9869092702865601,0.0000000070496289,0.1612767130136490,-2.8573687076568604,0.0000000000000000,0.0000000000000000,0.0000000000000000,1.0000000000000000
M 0.0980170220136642,-0.0000000435009042,-0.9951847195625305,2.1159965991973877,0.0000000000000000,1.0000000000000000,-0.0000000437113883,0.0000000000000000,0.9951847195625305,0.0000000042844599,0.0980170220136642,-2.8971421718597412,0.0000000000000000,0.0000000000000000,0.0000000000000000,1.0000000000000000
M 0.0394684821367264,-0.0000000436773284,-0.9992207884788513,2.2703809738159180,0.0000000000000000,1.0000000000000000,-0.0000000437113883,0.0000000000000000,0.9992207884788513,0.0000000017252222,0.0394684821367264,-2.9243299961090088,0.0000000000000000,0.0000000000000000,0.0000000000000000,1.0000000000000000
M -0.0134645644575357,-0.0000000437074270,-0.9999093413352966,2.4107906818389893,0.0000000000000000,1.0000000000000000,-0.0000000437113883,0.0000000000000000,0.9999093413352966,-0.0000000005885548,-0.0134645644575357,-2.9410462379455566,0.0000000000000000,0.0000000000000000,0.0000000000000000,1.0000000000000000
M -0.0599810071289539,-0.0000000436326850,-0.9981994628906250,2.5348310470581055,0.0000000000000000,1.0000000000000000,-0.0000000437113883,0.0000000000000000,0.9981994628906250,-0.0000000026218532,-0.0599810071289539,-2.9495871067047119,0.0000000000000000,0.0000000000000000,0.0000000000000000,1.0000000000000000
M -0.0993739590048790,-0.0000000434950245,-0.9950501322746277,2.6403541564941406,0.0000000000000000,1.0000000000000000,-0.0000000437113883,0.0000000000000000,0.9950501322746277,-0.0000000043437738,-0.0993739590048790,-2.9523010253906250,0.0000000000000000,0.0000000000000000,0.0000000000000000,1.0000000000000000
M -0.1310123205184937,-0.0000000433346301,-0.9913807511329651,2.7254257202148438,0.0000000000000000,1.0000000000000000,-0.0000000437113883,0.0000000000000000,0.9913807511329651,-0.0000000057267302,-0.1310123205184937,-2.9514524936676025,0.0000000000000000,0.0000000000000000,0.0000000000000000,1.0000000000000000
M -0.1543128490447998,-0.0000000431878178,-0.9880220890045166,2.7882623672485352,0.0000000000000000,1.0000000000000000,-0.0000000437113883,0.0000000000000000,0.9880220890045166,-0.0000000067452288,-0.1543128490447998,-2.9490840435028076,0.0000000000000000,0.0000000000000000,0.0000000000000000,1.0000000000000000
M -0.1687154173851013,-0.0000000430847749,-0.9856647849082947,2.8271820545196533,0.0000000000000000,1.0000000000000000,-0.0000000437113883,0.0000000000000000,0.9856647849082947,-0.0000000073747852,-0.1687154173851013,-2.9468734264373779,0.0000000000000000,0.0000000000000000,0.0000000000000000,1.0000000000000000
M -0.1736481785774231,-0.0000000430473115,-0.9848077297210693,2.8405258655548096,0.0000000000000000,1.0000000000000000,-0.0000000437113883,0.0000000000000000,0.9848077297210693,-0.0000000075904030,-0.1736481785774231,-2.9459841251373291,0.0000000000000000,0.0000000000000000,0.0000000000000000,1.0000000000000000
O DOOR_7_INTERIOR_LCG_IL
A DOOR_7_INTERIOR_LCG_IL_DOOR_7_INTERIOR_LCG_IL
M 1.0000000000000000,0.0000000000000000,0.0000000000000000,0.0000001189531815,0.0000000000000000,1.0000000000000000,-0.0000000437113883,0.0000000000000000,-0.0000000000000000,0.0000000437113883,1.0000000000000000,-0.0000000062020717,0.0000000000000000,0.0000000000000000,0.0000000000000000,1.0000000000000000
M 1.0000000000000000,0.0000000000000000,0.0000000000000000,0.0000001189531815,0.0000000000000000,1.0000000000000000,-0.0000000437113883,0.0000000000000000,-0.0000000000000000,0.0000000437113883,1.0000000000000000,-0.0000000062020717,0.0000000000000000,0.0000000000000000,0.0000000000000000,1.0000000000000000
M 1.0000000000000000,-0.0000000201294110,-0.0000000001946310,0.0000001687145641,0.0000000201294110,0.9998130798339844,0.0193347632884979,-0.0059946305118501,-0.0000000001946319,-0.0193347632884979,0.9998130798339844,0.0477634929120541,0.0000000000000000,0.0000000000000000,0.0000000000000000,1.0000000000000000
M 1.0000000000000000,-0.0000000719890991,-0.0000000024918987,0.0000002975328925,0.0000000719890991,0.9976064562797546,0.0691472962498665,-0.0171794872730970,-0.0000000024919018,-0.0691472962498665,0.9976064562797546,0.1714101433753967,0.0000000000000000,0.0000000000000000,0.0000000000000000,1.0000000000000000
M 1.0000000000000000,-0.0000001752368632,0.0000002263619905,0.0000004737557902,0.0000001425841134,0.9905771613121033,0.1369555890560150,-0.0224641151726246,-0.0000002482286163,-0.1369555890560150,0.9905771613121033,0.3411105275154114,0.0000000000000000,0.0000000000000000,0.0000000000000000,1.0000000000000000
M 1.0000000000000000,-0.0000002688277618,0.0000002098593228,0.0000007104811743,0.0000002187357211,0.9776796698570251,0.2101011276245117,-0.0150365829467773,-0.0000002616561687,-0.2101011276245117,0.9776796698570251,0.5259932279586792,0.0000000000000000,0.0000000000000000,0.0000000000000000,1.0000000000000000
M 1.0000000000000000,-0.0000003534333075,0.0000001886367187,0.0000009266465213,0.0000002875763130,0.9610931873321533,0.2762242555618286,0.0038524642586708,-0.0000002789244036,-0.2762242555618286,0.9610931873321533,0.6948180198669434,0.0000000000000000,0.0000000000000000,0.0000000000000000,1.0000000000000000
M 1.0000000000000000,-0.0000004142910655,0.0000001694909457,0.0000010834705790,0.0000003370941499,0.9461298584938049,0.3237873911857605,0.0249338001012802,-0.0000002945026836,-0.3237873911857605,0.9461298584938049,0.8172966837882996,0.0000000000000000,0.0000000000000000,0.0000000000000000,1.0000000000000000
M 1.0000000000000000,-0.0000004425789086,0.0000001594495558,0.0000011567580032,0.0000003613531590,0.9396926164627075,0.3420201539993286,0.0347484424710274,-0.0000003012044090,-0.3420201539993286,0.9396926164627075,0.8644881248474121,0.0000000000000000,0.0000000000000000,0.0000000000000000,1.0000000000000000
M 0.9999874830245972,0.0017119733383879,-0.0047046649269760,-0.0057022990658879,0.0000003613531590,0.9396926164627075,0.3420201539993286,0.0347484424710274,0.0050064679235220,-0.3420158624649048,0.9396808743476868,0.8511744737625122,0.0000000000000000,0.0000000000000000,0.0000000000000000,1.0000000000000000
M 0.9998078942298889,0.0067030200734735,-0.0184174533933401,-0.0219446532428265,0.0000003613531590,0.9396926164627075,0.3420201539993286,0.0347484424710274,0.0195993110537529,-0.3419544398784637,0.9395120739936829,0.8122065067291260,0.0000000000000000,0.0000000000000000,0.0000000000000000,1.0000000000000000
M 0.9990695118904114,0.0147506855428219,-0.0405282303690910,-0.0469424426555634,0.0000003613531590,0.9396926164627075,0.3420201539993286,0.0347484424710274,0.0431291088461876,-0.3417019248008728,0.9388182163238525,0.7488595843315125,0.0000000000000000,0.0000000000000000,0.0000000000000000,1.0000000000000000
M 0.9971892237663269,0.0256252549588680,-0.0704058632254601,-0.0783764123916626,0.0000003613531590,0.9396926164627075,0.3420201539993286,0.0347484424710274,0.0749242305755615,-0.3410588204860687,0.9370513558387756,0.6622494459152222,0.0000000000000000,0.0000000000000000,0.0000000000000000,1.0000000000000000
M 0.9934502243995667,0.0390807166695595,-0.1073744297027588,-0.1135195717215538,0.0000003613531590,0.9396926164627075,0.3420201539993286,0.0347484424710274,0.1142653450369835,-0.3397800624370575,0.9335378408432007,0.5534657835960388,0.0000000000000000,0.0000000000000000,0.0000000000000000,1.0000000000000000
M 0.9870565533638000,0.0548501685261726,-0.1507006287574768,-0.1493629962205887,0.0000003613531590,0.9396926164627075,0.3420201539993286,0.0347484424710274,0.1603721380233765,-0.3375932872295380,0.9275297522544861,0.4236691594123840,0.0000000000000000,0.0000000000000000,0.0000000000000000,1.0000000000000000
M 0.9771869182586670,0.0726382434368134,-0.1995729655027390,-0.1827351301908493,0.0000003613531590,0.9396926164627075,0.3420201539993286,0.0347484424710274,0.2123809754848480,-0.3342176973819733,0.9182552695274353,0.2742127180099487,0.0000000000000000,0.0000000000000000,0.0000000000000000,1.0000000000000000
M 0.9630452394485474,0.0921192988753319,-0.2530966997146606,-0.2104307115077972,0.0000003613531590,0.9396926164627075,0.3420201539993286,0.0347484424710274,0.2693397700786591,-0.3293809592723846,0.9049664139747620,0.1067134141921997,0.0000000000000000,0.0000000000000000,0.0000000000000000,1.0000000000000000
M 0.9439106583595276,0.1129350960254669,-0.3102876245975494,-0.2293356657028198,0.0000003613531590,0.9396926164627075,0.3420201539993286,0.0347484424710274,0.3302010595798492,-0.3228365778923035,0.8869858384132385,-0.0768727958202362,0.0000000000000000,0.0000000000000000,0.0000000000000000,1.0000000000000000
M 0.9191810488700867,0.1346992850303650,-0.3700841665267944,-0.2365555763244629,0.0000003613531590,0.9396926164627075,0.3420201539993286,0.0347484424710274,0.3938352465629578,-0.3143785893917084,0.8637475967407227,-0.2742346227169037,0.0000000000000000,0.0000000000000000,0.0000000000000000,1.0000000000000000
M 0.8884137272834778,0.1570018678903580,-0.4313600361347198,-0.2295418828725815,0.0000003613531590,0.9396926164627075,0.3420201539993286,0.0347484424710274,0.4590436220169067,-0.3038555681705475,0.8348357677459717,-0.4826954007148743,0.0000000000000000,0.0000000000000000,0.0000000000000000,1.0000000000000000
M 0.8513554930686951,0.1794197708368301,-0.4929526448249817,-0.2062037885189056,0.0000003613531590,0.9396926164627075,0.3420201539993286,0.0347484424710274,0.5245891213417053,-0.2911809086799622,0.8000124692916870,-0.6992599368095398,0.0000000000000000,0.0000000000000000,0.0000000000000000,1.0000000000000000
M 0.8079665899276733,0.1932005286216736,-0.5566538572311401,-0.1434364914894104,0.0000003466400926,0.9447166323661804,0.3278878629207611,0.0272035002708435,0.5892282128334045,-0.2649226188659668,0.7632994055747986,-0.9502543210983276,0.0000000000000000,0.0000000000000000,0.0000000000000000,1.0000000000000000
M 0.7584324479103088,0.1891932785511017,-0.6236875653266907,-0.0179645419120789,0.0000003074914900,0.9569403529167175,0.2902846634387970,0.0099524939432740,0.6517516970634460,-0.2201614826917648,0.7257745862007141,-1.2448661327362061,0.0000000000000000,0.0000000000000000,0.0000000000000000,1.0000000000000000
M 0.7031641602516174,0.1680591404438019,-0.6908807754516602,0.1671029776334763,0.0000002513519348,0.9716652631759644,0.2363611906766891,-0.0078631257638335,0.7110275030136108,-0.1662008911371231,0.6832401752471924,-1.5554205179214478,0.0000000000000000,0.0000000000000000,0.0000000000000000,1.0000000000000000
M 0.6427881717681885,0.1330220252275467,-0.7544060945510864,0.4014593958854675,0.0000001860615981,0.9848077297210693,0.1736481636762619,-0.0187505371868610,0.7660440206527710,-0.1116191223263741,0.6330227255821228,-1.8567430973052979,0.0000000000000000,0.0000000000000000,0.0000000000000000,1.0000000000000000
M 0.5781230926513672,0.0899356529116631,-0.8109778761863708,0.6678811311721802,0.0000001200289574,0.9939069747924805,0.1102221608161926,-0.0194112285971642,0.8159494996070862,-0.0637220814824104,0.5746005773544312,-2.1278445720672607,0.0000000000000000,0.0000000000000000,0.0000000000000000,1.0000000000000000
M 0.5101508498191833,0.0468870475888252,-0.8588060140609741,0.9435915946960449,0.0000000620318517,0.9985129833221436,0.0545144751667976,-0.0116322422400117,0.8600849509239197,-0.0278106611222029,0.5093922615051270,-2.3537619113922119,0.0000000000000000,0.0000000000000000,0.0000000000000000,1.0000000000000000
M 0.4399758279323578,0.0134686417877674,-0.8979086279869080,1.2022573947906494,0.0000000208917150,0.9998875260353088,0.0149983363226056,-0.0014417213387787,0.8980096578598022,-0.0065989242866635,0.4399263560771942,-2.5268034934997559,0.0000000000000000,0.0000000000000000,0.0000000000000000,1.0000000000000000
M 0.3687843978404999,-0.0000000528893622,-0.9295148849487305,1.4158034324645996,0.0000000332414913,1.0000000000000000,-0.0000000437114238,0.0034362387377769,0.9295148849487305,-0.0000000147783705,0.3687843978404999,-2.6467773914337158,0.0000000000000000,0.0000000000000000,0.0000000000000000,1.0000000000000000
M 0.2977993786334991,-0.0000000516274632,-0.9546284675598145,1.5973094701766968,0.0000000332414913,1.0000000000000000,-0.0000000437114238,0.0034362387377769,0.9546284675598145,-0.0000000187160403,0.2977993786334991,-2.7334065437316895,0.0000000000000000,0.0000000000000000,0.0000000000000000,1.0000000000000000
M 0.2282387614250183,-0.0000000501446635,-0.9736051559448242,1.7767541408538818,0.0000000332414913,1.0000000000000000,-0.0000000437114238,0.0034362387377769,0.9736051559448242,-0.0000000223874448,0.2282387614250183,-2.8033351898193359,0.0000000000000000,0.0000000000000000,0.0000000000000000,1.0000000000000000
M 0.1612774133682251,-0.0000000485003078,-0.9869091510772705,1.9508866071701050,0.0000000332414913,1.0000000000000000,-0.0000000437114238,0.0034362387377769,0.9869091510772705,-0.0000000257566661,0.1612774133682251,-2.8574659824371338,0.0000000000000000,0.0000000000000000,0.0000000000000000,1.0000000000000000
M 0.0980177372694016,-0.0000000467591939,-0.9951846599578857,2.1165976524353027,0.0000000332414913,1.0000000000000000,-0.0000000437114238,0.0034362387377769,0.9951846599578857,-0.0000000287969257,0.0980177372694016,-2.8972012996673584,0.0000000000000000,0.0000000000000000,0.0000000000000000,1.0000000000000000
M 0.0394691973924637,-0.0000000449893776,-0.9992207884788513,2.2709844112396240,0.0000000332414913,1.0000000000000000,-0.0000000437114238,0.0034362387377769,0.9992207884788513,-0.0000000314903303,0.0394691973924637,-2.9243538379669189,0.0000000000000000,0.0000000000000000,0.0000000000000000,1.0000000000000000
M -0.0134638492017984,-0.0000000432599023,-0.9999093413352966,2.4113945960998535,0.0000000332414913,1.0000000000000000,-0.0000000437114238,0.0034362387377769,0.9999093413352966,-0.0000000338270034,-0.0134638492017984,-2.9410381317138672,0.0000000000000000,0.0000000000000000,0.0000000000000000,1.0000000000000000
M -0.0599802918732166,-0.0000000416388879,-0.9981995224952698,2.5354340076446533,0.0000000332414913,1.0000000000000000,-0.0000000437114238,0.0034362387377769,0.9981995224952698,-0.0000000358034633,-0.0599802918732166,-2.9495508670806885,0.0000000000000000,0.0000000000000000,0.0000000000000000,1.0000000000000000
M -0.0993732437491417,-0.0000000401917433,-0.9950501918792725,2.6409552097320557,0.0000000332414913,1.0000000000000000,-0.0000000437114238,0.0034362387377769,0.9950501918792725,-0.0000000374207012,-0.0993732437491417,-2.9522411823272705,0.0000000000000000,0.0000000000000000,0.0000000000000000,1.0000000000000000
M -0.1310116052627563,-0.0000000389796462,-0.9913808703422546,2.7260243892669678,0.0000000332414913,1.0000000000000000,-0.0000000437114238,0.0034362387377769,0.9913808703422546,-0.0000000386816836,-0.1310116052627563,-2.9513735771179199,0.0000000000000000,0.0000000000000000,0.0000000000000000,1.0000000000000000
M -0.1543121486902237,-0.0000000380582890,-0.9880222082138062,2.7888591289520264,0.0000000332414913,1.0000000000000000,-0.0000000437114238,0.0034362387377769,0.9880222082138062,-0.0000000395885351,-0.1543121486902237,-2.9489908218383789,0.0000000000000000,0.0000000000000000,0.0000000000000000,1.0000000000000000
M -0.1687147170305252,-0.0000000374764895,-0.9856649041175842,2.8277773857116699,0.0000000332414913,1.0000000000000000,-0.0000000437114238,0.0034362387377769,0.9856649041175842,-0.0000000401397315,-0.1687147170305252,-2.9467713832855225,0.0000000000000000,0.0000000000000000,0.0000000000000000,1.0000000000000000
M -0.1736474782228470,-0.0000000372750506,-0.9848078489303589,2.8411207199096680,0.0000000332414913,1.0000000000000000,-0.0000000437114238,0.0034362387377769,0.9848078489303589,-0.0000000403268601,-0.1736474782228470,-2.9458792209625244,0.0000000000000000,0.0000000000000000,0.0000000000000000,1.0000000000000000
