O DOOR_2_TOGGLE_INTERIOR_LCG_IL_CG_door2_mvp_disel
A DOOR_2_TOGGLE_INTERIOR_LCG_IL_CG_door2_mvp_disel_DOOR_2_TOGGLE_INTERIOR_LCG_IL_mvp_disel
M 1.0000000000000000,0.0000000000000000,0.0000000000000000,0.0000000000000000,0.0000000000000000,1.0000000000000000,-0.0000000437113883,0.0000001156061629,-0.0000000000000000,0.0000000437113883,1.0000000000000000,-0.0000000543924443,0.0000000000000000,0.0000000000000000,0.0000000000000000,1.0000000000000000
M 1.0000000000000000,0.0000000000000000,0.0000000000000000,0.0000000000000000,0.0000000000000000,1.0000000000000000,-0.0000000437113883,0.0000001156061629,-0.0000000000000000,0.0000000437113883,1.0000000000000000,-0.0000000543924443,0.0000000000000000,0.0000000000000000,0.0000000000000000,1.0000000000000000
M 1.0000000000000000,0.0000000000000000,0.0000000000000000,0.0000000000000000,0.0000000000000000,1.0000000000000000,-0.0000000437113883,0.0000001156061629,-0.0000000000000000,0.0000000437113883,1.0000000000000000,-0.0000000543924443,0.0000000000000000,0.0000000000000000,0.0000000000000000,1.0000000000000000
M 1.0000000000000000,0.0000000000000000,0.0000000000000000,0.0000000000000000,0.0000000000000000,1.0000000000000000,-0.0000000437113883,0.0000001156061629,-0.0000000000000000,0.0000000437113883,1.0000000000000000,-0.0000000543924443,0.0000000000000000,0.0000000000000000,0.0000000000000000,1.0000000000000000
M 1.0000000000000000,0.0000000000000000,0.0000000000000000,0.0000000000000000,0.0000000000000000,1.0000000000000000,-0.0000000437113883,0.0000001156061629,-0.0000000000000000,0.0000000437113883,1.0000000000000000,-0.0000000543924443,0.0000000000000000,0.0000000000000000,0.0000000000000000,1.0000000000000000
M 1.0000000000000000,0.0000000000000000,0.0000000000000000,0.0000000000000000,0.0000000000000000,1.0000000000000000,-0.0000000437113883,0.0000001156061629,-0.0000000000000000,0.0000000437113883,1.0000000000000000,-0.0000000543924443,0.0000000000000000,0.0000000000000000,0.0000000000000000,1.0000000000000000
M 1.0000000000000000,0.0000000000000000,0.0000000000000000,0.0000000000000000,0.0000000000000000,1.0000000000000000,-0.0000000437113883,0.0000001156061629,-0.0000000000000000,0.0000000437113883,1.0000000000000000,-0.0000000543924443,0.0000000000000000,0.0000000000000000,0.0000000000000000,1.0000000000000000
M 1.0000000000000000,0.0000000000000000,0.0000000000000000,0.0000000000000000,0.0000000000000000,1.0000000000000000,-0.0000000437113883,0.0000001156061629,-0.0000000000000000,0.0000000437113883,1.0000000000000000,-0.0000000543924443,0.0000000000000000,0.0000000000000000,0.0000000000000000,1.0000000000000000
M 1.0000000000000000,0.0000000000000000,0.0000000000000000,0.0000000000000000,0.0000000000000000,1.0000000000000000,-0.0000000437113883,0.0000001156061629,-0.0000000000000000,0.0000000437113883,1.0000000000000000,-0.0000000543924443,0.0000000000000000,0.0000000000000000,0.0000000000000000,1.0000000000000000
M 0.9999898672103882,0.0000000001969658,0.0045060524716973,0.0069509153254330,0.0000000000000000,1.0000000000000000,-0.0000000437113883,0.0000001156061629,-0.0045060524716973,0.0000000437109442,0.9999898672103882,0.0226555261760950,0.0000000000000000,0.0000000000000000,0.0000000000000000,1.0000000000000000
M 0.9998444318771362,0.0000000007710629,0.0176398605108261,0.0277935303747654,0.0000000000000000,1.0000000000000000,-0.0000000437113883,0.0000001156061629,-0.0176398605108261,0.0000000437045884,0.9998444318771362,0.0885123163461685,0.0000000000000000,0.0000000000000000,0.0000000000000000,1.0000000000000000
M 0.9992462396621704,0.0000000016968379,0.0388191267848015,0.0632340759038925,0.0000000000000000,1.0000000000000000,-0.0000000437113883,0.0000001156061629,-0.0388191267848015,0.0000000436784404,0.9992462396621704,0.1941544860601425,0.0000000000000000,0.0000000000000000,0.0000000000000000,1.0000000000000000
M 0.9977230429649353,0.0000000029480671,0.0674439147114754,0.1147295236587524,0.0000000000000000,1.0000000000000000,-0.0000000437113883,0.0000001156061629,-0.0674439147114754,0.0000000436118590,0.9977230429649353,0.3358404934406281,0.0000000000000000,0.0000000000000000,0.0000000000000000,1.0000000000000000
M 0.9946935772895813,0.0000000044971129,0.1028819531202316,0.1842361241579056,0.0000000000000000,1.0000000000000000,-0.0000000437113883,0.0000001156061629,-0.1028819531202316,0.0000000434794387,0.9946935772895813,0.5094993710517883,0.0000000000000000,0.0000000000000000,0.0000000000000000,1.0000000000000000
M 0.9895114898681641,0.0000000063142851,0.1444540023803711,0.2739653587341309,0.0000000000000000,1.0000000000000000,-0.0000000437113883,0.0000001156061629,-0.1444540023803711,0.0000000432529212,0.9895114898681641,0.7107235789299011,0.0000000000000000,0.0000000000000000,0.0000000000000000,1.0000000000000000
M 0.9815078973770142,0.0000000083673095,0.1914217174053192,0.3861531019210815,0.0000000000000000,1.0000000000000000,-0.0000000437113883,0.0000001156061629,-0.1914217174053192,0.0000000429030713,0.9815078973770142,0.9347744584083557,0.0000000000000000,0.0000000000000000,0.0000000000000000,1.0000000000000000
M 0.9700312614440918,0.0000000106210001,0.2429801672697067,0.5228435993194580,0.0000000000000000,1.0000000000000000,-0.0000000437113883,0.0000001156061629,-0.2429801672697067,0.0000000424014210,0.9700312614440918,1.1766042709350586,0.0000000000000000,0.0000000000000000,0.0000000000000000,1.0000000000000000
M 0.9544857740402222,0.0000000130371998,0.2982563674449921,0.6856985092163086,0.0000000000000000,1.0000000000000000,-0.0000000437113883,0.0000001156061629,-0.2982563674449921,0.0000000417218970,0.9544857740402222,1.4309085607528687,0.0000000000000000,0.0000000000000000,0.0000000000000000,1.0000000000000000
M 0.9343661069869995,0.0000000155749991,0.3563144207000732,0.8758271932601929,0.0000000000000000,1.0000000000000000,-0.0000000437113883,0.0000001156061629,-0.3563144207000732,0.0000000408424405,0.9343661069869995,1.6922049522399902,0.0000000000000000,0.0000000000000000,0.0000000000000000,1.0000000000000000
M 0.9092876911163330,0.0000000181912849,0.4161680936813354,1.0936535596847534,0.0000000000000000,1.0000000000000000,-0.0000000437113883,0.0000001156061629,-0.4161680936813354,0.0000000397462259,0.9092876911163330,1.9549422264099121,0.0000000000000000,0.0000000000000000,0.0000000000000000,1.0000000000000000
M 0.8790122270584106,0.0000000208415596,0.4767992198467255,1.3388186693191528,0.0000000000000000,1.0000000000000000,-0.0000000437113883,0.0000001156061629,-0.4767992198467255,0.0000000384228436,0.8790122270584106,2.2136332988739014,0.0000000000000000,0.0000000000000000,0.0000000000000000,1.0000000000000000
M 0.8434658050537109,0.0000000234810020,0.5371828079223633,1.6101241111755371,0.0000000000000000,1.0000000000000000,-0.0000000437113883,0.0000001156061629,-0.5371828079223633,0.0000000368690607,0.8434658050537109,2.4630081653594971,0.0000000000000000,0.0000000000000000,0.0000000000000000,1.0000000000000000
M 0.8027504086494446,0.0000000260657647,0.5963152050971985,1.9055198431015015,0.0000000000000000,1.0000000000000000,-0.0000000437113883,0.0000001156061629,-0.5963152050971985,0.0000000350893359,0.8027504086494446,2.6981723308563232,0.0000000000000000,0.0000000000000000,0.0000000000000000,1.0000000000000000
M 0.7571462392807007,0.0000000285542630,0.6532453894615173,2.2221403121948242,0.0000000000000000,1.0000000000000000,-0.0000000437113883,0.0000001156061629,-0.6532453894615173,0.0000000330959153,0.7571462392807007,2.9147710800170898,0.0000000000000000,0.0000000000000000,0.0000000000000000,1.0000000000000000
M 0.7071067690849304,0.0000000309086161,0.7071067690849304,2.5563764572143555,0.0000000000000000,1.0000000000000000,-0.0000000437113883,0.0000001156061629,-0.7071067690849304,0.0000000309086197,0.7071067690849304,3.1091382503509521,0.0000000000000000,0.0000000000000000,0.0000000000000000,1.0000000000000000
M 0.6532454490661621,0.0000000330959118,0.7571461796760559,2.9039890766143799,0.0000000000000000,1.0000000000000000,-0.0000000437113883,0.0000001156061629,-0.7571461796760559,0.0000000285542647,0.6532454490661621,3.2784237861633301,0.0000000000000000,0.0000000000000000,0.0000000000000000,1.0000000000000000
M 0.5963151454925537,0.0000000350893430,0.8027504682540894,3.2602512836456299,0.0000000000000000,1.0000000000000000,-0.0000000437113883,0.0000001156061629,-0.8027504682540894,0.0000000260657664,0.5963151454925537,3.4206957817077637,0.0000000000000000,0.0000000000000000,0.0000000000000000,1.0000000000000000
M 0.5371827483177185,0.0000000368690642,0.8434658646583557,3.6201066970825195,0.0000000000000000,1.0000000000000000,-0.0000000437113883,0.0000001156061629,-0.8434658646583557,0.0000000234810038,0.5371827483177185,3.5349986553192139,0.0000000000000000,0.0000000000000000,0.0000000000000000,1.0000000000000000
M 0.4767992794513702,0.0000000384228436,0.8790122270584106,3.9783411026000977,0.0000000000000000,1.0000000000000000,-0.0000000437113883,0.0000001156061629,-0.8790122270584106,0.0000000208415578,0.4767992794513702,3.6213788986206055,0.0000000000000000,0.0000000000000000,0.0000000000000000,1.0000000000000000
M 0.4161680042743683,0.0000000397462294,0.9092877507209778,4.3297514915466309,0.0000000000000000,1.0000000000000000,-0.0000000437113883,0.0000001156061629,-0.9092877507209778,0.0000000181912849,0.4161680042743683,3.6808609962463379,0.0000000000000000,0.0000000000000000,0.0000000000000000,1.0000000000000000
M 0.3563142120838165,0.0000000408424405,0.9343661665916443,4.6692924499511719,0.0000000000000000,1.0000000000000000,-0.0000000437113883,0.0000001156061629,-0.9343661665916443,0.0000000155749884,0.3563142120838165,3.7153856754302979,0.0000000000000000,0.0000000000000000,0.0000000000000000,1.0000000000000000
M 0.2982563674449921,0.0000000417218970,0.9544857740402222,4.9922041893005371,0.0000000000000000,1.0000000000000000,-0.0000000437113883,0.0000001156061629,-0.9544857740402222,0.0000000130372015,0.2982563674449921,3.7277114391326904,0.0000000000000000,0.0000000000000000,0.0000000000000000,1.0000000000000000
M 0.2429802417755127,0.0000000424014210,0.9700312614440918,5.2941160202026367,0.0000000000000000,1.0000000000000000,-0.0000000437113883,0.0000001156061629,-0.9700312614440918,0.0000000106210036,0.2429802417755127,3.7212831974029541,0.0000000000000000,0.0000000000000000,0.0000000000000000,1.0000000000000000
M 0.1914216130971909,0.0000000429030713,0.9815078973770142,5.5710940361022949,0.0000000000000000,1.0000000000000000,-0.0000000437113883,0.0000001156061629,-0.9815078973770142,0.0000000083673051,0.1914216130971909,3.7000756263732910,0.0000000000000000,0.0000000000000000,0.0000000000000000,1.0000000000000000
M 0.1444539129734039,0.0000000432529248,0.9895115494728088,5.8196558952331543,0.0000000000000000,1.0000000000000000,-0.0000000437113883,0.0000001156061629,-0.9895115494728088,0.0000000063142820,0.1444539129734039,3.6684246063232422,0.0000000000000000,0.0000000000000000,0.0000000000000000,1.0000000000000000
M 0.1028818860650063,0.0000000434794387,0.9946935772895813,6.0367503166198730,0.0000000000000000,1.0000000000000000,-0.0000000437113883,0.0000001156061629,-0.9946935772895813,0.0000000044971102,0.1028818860650063,3.6308395862579346,0.0000000000000000,0.0000000000000000,0.0000000000000000,1.0000000000000000
M 0.0674439445137978,0.0000000436118590,0.9977230429649353,6.2196860313415527,0.0000000000000000,1.0000000000000000,-0.0000000437113883,0.0000001156061629,-0.9977230429649353,0.0000000029480685,0.0674439445137978,3.5918173789978027,0.0000000000000000,0.0000000000000000,0.0000000000000000,1.0000000000000000
M 0.0388189293444157,0.0000000436784404,0.9992462396621704,6.3660383224487305,0.0000000000000000,1.0000000000000000,-0.0000000437113883,0.0000001156061629,-0.9992462396621704,0.0000000016968293,0.0388189293444157,3.5556490421295166,0.0000000000000000,0.0000000000000000,0.0000000000000000,1.0000000000000000
M 0.0176399890333414,0.0000000437045955,0.9998444318771362,6.4735107421875000,0.0000000000000000,1.0000000000000000,-0.0000000437113883,0.0000001156061629,-0.9998444318771362,0.0000000007710684,0.0176399890333414,3.5262284278869629,0.0000000000000000,0.0000000000000000,0.0000000000000000,1.0000000000000000
M 0.0045056943781674,0.0000000437109442,0.9999898672103882,6.5398154258728027,0.0000000000000000,1.0000000000000000,-0.0000000437113883,0.0000001156061629,-0.9999898672103882,0.0000000001969502,0.0045056943781674,3.5068480968475342,0.0000000000000000,0.0000000000000000,0.0000000000000000,1.0000000000000000
M -0.0000000437113883,0.0000000437113883,1.0000000000000000,6.5625004768371582,0.0000000000000000,1.0000000000000000,-0.0000000437113883,0.0000001156061629,-1.0000000000000000,-0.0000000000000019,-0.0000000437113883,3.4999997615814209,0.0000000000000000,0.0000000000000000,0.0000000000000000,1.0000000000000000
O DOOR_2_TOGGLE_EXTERNAL_LCG_IL_CG_door2_mvp_disel
A DOOR_2_TOGGLE_EXTERNAL_LCG_IL_CG_door2_mvp_disel_DOOR_2_TOGGLE_EXTERNAL_mvp_disel
M 1.0000000000000000,0.0000000000000000,0.0000000000000000,0.0000000000000000,0.0000000000000000,1.0000000000000000,-0.0000000437113883,0.0000001156061629,-0.0000000000000000,0.0000000437113883,1.0000000000000000,-0.0000000543924443,0.0000000000000000,0.0000000000000000,0.0000000000000000,1.0000000000000000
M 1.0000000000000000,0.0000000000000000,0.0000000000000000,0.0000000000000000,0.0000000000000000,1.0000000000000000,-0.0000000437113883,0.0000001156061629,-0.0000000000000000,0.0000000437113883,1.0000000000000000,-0.0000000543924443,0.0000000000000000,0.0000000000000000,0.0000000000000000,1.0000000000000000
M 1.0000000000000000,0.0000000000000000,0.0000000000000000,0.0000000000000000,0.0000000000000000,1.0000000000000000,-0.0000000437113883,0.0000001156061629,-0.0000000000000000,0.0000000437113883,1.0000000000000000,-0.0000000543924443,0.0000000000000000,0.0000000000000000,0.0000000000000000,1.0000000000000000
M 1.0000000000000000,0.0000000000000000,0.0000000000000000,0.0000000000000000,0.0000000000000000,1.0000000000000000,-0.0000000437113883,0.0000001156061629,-0.0000000000000000,0.0000000437113883,1.0000000000000000,-0.0000000543924443,0.0000000000000000,0.0000000000000000,0.0000000000000000,1.0000000000000000
M 1.0000000000000000,0.0000000000000000,0.0000000000000000,0.0000000000000000,0.0000000000000000,1.0000000000000000,-0.0000000437113883,0.0000001156061629,-0.0000000000000000,0.0000000437113883,1.0000000000000000,-0.0000000543924443,0.0000000000000000,0.0000000000000000,0.0000000000000000,1.0000000000000000
M 1.0000000000000000,0.0000000000000000,0.0000000000000000,0.0000000000000000,0.0000000000000000,1.0000000000000000,-0.0000000437113883,0.0000001156061629,-0.0000000000000000,0.0000000437113883,1.0000000000000000,-0.0000000543924443,0.0000000000000000,0.0000000000000000,0.0000000000000000,1.0000000000000000
M 1.0000000000000000,0.0000000000000000,0.0000000000000000,0.0000000000000000,0.0000000000000000,1.0000000000000000,-0.0000000437113883,0.0000001156061629,-0.0000000000000000,0.0000000437113883,1.0000000000000000,-0.0000000543924443,0.0000000000000000,0.0000000000000000,0.0000000000000000,1.0000000000000000
M 1.0000000000000000,0.0000000000000000,0.0000000000000000,0.0000000000000000,0.0000000000000000,1.0000000000000000,-0.0000000437113883,0.0000001156061629,-0.0000000000000000,0.0000000437113883,1.0000000000000000,-0.0000000543924443,0.0000000000000000,0.0000000000000000,0.0000000000000000,1.0000000000000000
M 1.0000000000000000,0.0000000000000000,0.0000000000000000,0.0000000000000000,0.0000000000000000,1.0000000000000000,-0.0000000437113883,0.0000001156061629,-0.0000000000000000,0.0000000437113883,1.0000000000000000,-0.0000000543924443,0.0000000000000000,0.0000000000000000,0.0000000000000000,1.0000000000000000
M 0.9999898672103882,0.0000000001969658,0.0045060524716973,0.0069509153254330,0.0000000000000000,1.0000000000000000,-0.0000000437113883,0.0000001156061629,-0.0045060524716973,0.0000000437109442,0.9999898672103882,0.0226555261760950,0.0000000000000000,0.0000000000000000,0.0000000000000000,1.0000000000000000
M 0.9998444318771362,0.0000000007710629,0.0176398605108261,0.0277935303747654,0.0000000000000000,1.0000000000000000,-0.0000000437113883,0.0000001156061629,-0.0176398605108261,0.0000000437045884,0.9998444318771362,0.0885123163461685,0.0000000000000000,0.0000000000000000,0.0000000000000000,1.0000000000000000
M 0.9992462396621704,0.0000000016968379,0.0388191267848015,0.0632340759038925,0.0000000000000000,1.0000000000000000,-0.0000000437113883,0.0000001156061629,-0.0388191267848015,0.0000000436784404,0.9992462396621704,0.1941544860601425,0.0000000000000000,0.0000000000000000,0.0000000000000000,1.0000000000000000
M 0.9977230429649353,0.0000000029480671,0.0674439147114754,0.1147295236587524,0.0000000000000000,1.0000000000000000,-0.0000000437113883,0.0000001156061629,-0.0674439147114754,0.0000000436118590,0.9977230429649353,0.3358404934406281,0.0000000000000000,0.0000000000000000,0.0000000000000000,1.0000000000000000
M 0.9946935772895813,0.0000000044971129,0.1028819531202316,0.1842361241579056,0.0000000000000000,1.0000000000000000,-0.0000000437113883,0.0000001156061629,-0.1028819531202316,0.0000000434794387,0.9946935772895813,0.5094993710517883,0.0000000000000000,0.0000000000000000,0.0000000000000000,1.0000000000000000
M 0.9895114898681641,0.0000000063142851,0.1444540023803711,0.2739653587341309,0.0000000000000000,1.0000000000000000,-0.0000000437113883,0.0000001156061629,-0.1444540023803711,0.0000000432529212,0.9895114898681641,0.7107235789299011,0.0000000000000000,0.0000000000000000,0.0000000000000000,1.0000000000000000
M 0.9815078973770142,0.0000000083673095,0.1914217174053192,0.3861531019210815,0.0000000000000000,1.0000000000000000,-0.0000000437113883,0.0000001156061629,-0.1914217174053192,0.0000000429030713,0.9815078973770142,0.9347744584083557,0.0000000000000000,0.0000000000000000,0.0000000000000000,1.0000000000000000
M 0.9700312614440918,0.0000000106210001,0.2429801672697067,0.5228435993194580,0.0000000000000000,1.0000000000000000,-0.0000000437113883,0.0000001156061629,-0.2429801672697067,0.0000000424014210,0.9700312614440918,1.1766042709350586,0.0000000000000000,0.0000000000000000,0.0000000000000000,1.0000000000000000
M 0.9544857740402222,0.0000000130371998,0.2982563674449921,0.6856985092163086,0.0000000000000000,1.0000000000000000,-0.0000000437113883,0.0000001156061629,-0.2982563674449921,0.0000000417218970,0.9544857740402222,1.4309085607528687,0.0000000000000000,0.0000000000000000,0.0000000000000000,1.0000000000000000
M 0.9343661069869995,0.0000000155749991,0.3563144207000732,0.8758271932601929,0.0000000000000000,1.0000000000000000,-0.0000000437113883,0.0000001156061629,-0.3563144207000732,0.0000000408424405,0.9343661069869995,1.6922049522399902,0.0000000000000000,0.0000000000000000,0.0000000000000000,1.0000000000000000
M 0.9092876911163330,0.0000000181912849,0.4161680936813354,1.0936535596847534,0.0000000000000000,1.0000000000000000,-0.0000000437113883,0.0000001156061629,-0.4161680936813354,0.0000000397462259,0.9092876911163330,1.9549422264099121,0.0000000000000000,0.0000000000000000,0.0000000000000000,1.0000000000000000
M 0.8790122270584106,0.0000000208415596,0.4767992198467255,1.3388186693191528,0.0000000000000000,1.0000000000000000,-0.0000000437113883,0.0000001156061629,-0.4767992198467255,0.0000000384228436,0.8790122270584106,2.2136332988739014,0.0000000000000000,0.0000000000000000,0.0000000000000000,1.0000000000000000
M 0.8434658050537109,0.0000000234810020,0.5371828079223633,1.6101241111755371,0.0000000000000000,1.0000000000000000,-0.0000000437113883,0.0000001156061629,-0.5371828079223633,0.0000000368690607,0.8434658050537109,2.4630081653594971,0.0000000000000000,0.0000000000000000,0.0000000000000000,1.0000000000000000
M 0.8027504086494446,0.0000000260657647,0.5963152050971985,1.9055198431015015,0.0000000000000000,1.0000000000000000,-0.0000000437113883,0.0000001156061629,-0.5963152050971985,0.0000000350893359,0.8027504086494446,2.6981723308563232,0.0000000000000000,0.0000000000000000,0.0000000000000000,1.0000000000000000
M 0.7571462392807007,0.0000000285542630,0.6532453894615173,2.2221403121948242,0.0000000000000000,1.0000000000000000,-0.0000000437113883,0.0000001156061629,-0.6532453894615173,0.0000000330959153,0.7571462392807007,2.9147710800170898,0.0000000000000000,0.0000000000000000,0.0000000000000000,1.0000000000000000
M 0.7071067690849304,0.0000000309086161,0.7071067690849304,2.5563764572143555,0.0000000000000000,1.0000000000000000,-0.0000000437113883,0.0000001156061629,-0.7071067690849304,0.0000000309086197,0.7071067690849304,3.1091382503509521,0.0000000000000000,0.0000000000000000,0.0000000000000000,1.0000000000000000
M 0.6532454490661621,0.0000000330959118,0.7571461796760559,2.9039890766143799,0.0000000000000000,1.0000000000000000,-0.0000000437113883,0.0000001156061629,-0.7571461796760559,0.0000000285542647,0.6532454490661621,3.2784237861633301,0.0000000000000000,0.0000000000000000,0.0000000000000000,1.0000000000000000
M 0.5963151454925537,0.0000000350893430,0.8027504682540894,3.2602512836456299,0.0000000000000000,1.0000000000000000,-0.0000000437113883,0.0000001156061629,-0.8027504682540894,0.0000000260657664,0.5963151454925537,3.4206957817077637,0.0000000000000000,0.0000000000000000,0.0000000000000000,1.0000000000000000
M 0.5371827483177185,0.0000000368690642,0.8434658646583557,3.6201066970825195,0.0000000000000000,1.0000000000000000,-0.0000000437113883,0.0000001156061629,-0.8434658646583557,0.0000000234810038,0.5371827483177185,3.5349986553192139,0.0000000000000000,0.0000000000000000,0.0000000000000000,1.0000000000000000
M 0.4767992794513702,0.0000000384228436,0.8790122270584106,3.9783411026000977,0.0000000000000000,1.0000000000000000,-0.0000000437113883,0.0000001156061629,-0.8790122270584106,0.0000000208415578,0.4767992794513702,3.6213788986206055,0.0000000000000000,0.0000000000000000,0.0000000000000000,1.0000000000000000
M 0.4161680042743683,0.0000000397462294,0.9092877507209778,4.3297514915466309,0.0000000000000000,1.0000000000000000,-0.0000000437113883,0.0000001156061629,-0.9092877507209778,0.0000000181912849,0.4161680042743683,3.6808609962463379,0.0000000000000000,0.0000000000000000,0.0000000000000000,1.0000000000000000
M 0.3563142120838165,0.0000000408424405,0.9343661665916443,4.6692924499511719,0.0000000000000000,1.0000000000000000,-0.0000000437113883,0.0000001156061629,-0.9343661665916443,0.0000000155749884,0.3563142120838165,3.7153856754302979,0.0000000000000000,0.0000000000000000,0.0000000000000000,1.0000000000000000
M 0.2982563674449921,0.0000000417218970,0.9544857740402222,4.9922041893005371,0.0000000000000000,1.0000000000000000,-0.0000000437113883,0.0000001156061629,-0.9544857740402222,0.0000000130372015,0.2982563674449921,3.7277114391326904,0.0000000000000000,0.0000000000000000,0.0000000000000000,1.0000000000000000
M 0.2429802417755127,0.0000000424014210,0.9700312614440918,5.2941160202026367,0.0000000000000000,1.0000000000000000,-0.0000000437113883,0.0000001156061629,-0.9700312614440918,0.0000000106210036,0.2429802417755127,3.7212831974029541,0.0000000000000000,0.0000000000000000,0.0000000000000000,1.0000000000000000
M 0.1914216130971909,0.0000000429030713,0.9815078973770142,5.5710940361022949,0.0000000000000000,1.0000000000000000,-0.0000000437113883,0.0000001156061629,-0.9815078973770142,0.0000000083673051,0.1914216130971909,3.7000756263732910,0.0000000000000000,0.0000000000000000,0.0000000000000000,1.0000000000000000
M 0.1444539129734039,0.0000000432529248,0.9895115494728088,5.8196558952331543,0.0000000000000000,1.0000000000000000,-0.0000000437113883,0.0000001156061629,-0.9895115494728088,0.0000000063142820,0.1444539129734039,3.6684246063232422,0.0000000000000000,0.0000000000000000,0.0000000000000000,1.0000000000000000
M 0.1028818860650063,0.0000000434794387,0.9946935772895813,6.0367503166198730,0.0000000000000000,1.0000000000000000,-0.0000000437113883,0.0000001156061629,-0.9946935772895813,0.0000000044971102,0.1028818860650063,3.6308395862579346,0.0000000000000000,0.0000000000000000,0.0000000000000000,1.0000000000000000
M 0.0674439445137978,0.0000000436118590,0.9977230429649353,6.2196860313415527,0.0000000000000000,1.0000000000000000,-0.0000000437113883,0.0000001156061629,-0.9977230429649353,0.0000000029480685,0.0674439445137978,3.5918173789978027,0.0000000000000000,0.0000000000000000,0.0000000000000000,1.0000000000000000
M 0.0388189293444157,0.0000000436784404,0.9992462396621704,6.3660383224487305,0.0000000000000000,1.0000000000000000,-0.0000000437113883,0.0000001156061629,-0.9992462396621704,0.0000000016968293,0.0388189293444157,3.5556490421295166,0.0000000000000000,0.0000000000000000,0.0000000000000000,1.0000000000000000
M 0.0176399890333414,0.0000000437045955,0.9998444318771362,6.4735107421875000,0.0000000000000000,1.0000000000000000,-0.0000000437113883,0.0000001156061629,-0.9998444318771362,0.0000000007710684,0.0176399890333414,3.5262284278869629,0.0000000000000000,0.0000000000000000,0.0000000000000000,1.0000000000000000
M 0.0045056943781674,0.0000000437109442,0.9999898672103882,6.5398154258728027,0.0000000000000000,1.0000000000000000,-0.0000000437113883,0.0000001156061629,-0.9999898672103882,0.0000000001969502,0.0045056943781674,3.5068480968475342,0.0000000000000000,0.0000000000000000,0.0000000000000000,1.0000000000000000
M -0.0000000437113883,0.0000000437113883,1.0000000000000000,6.5625004768371582,0.0000000000000000,1.0000000000000000,-0.0000000437113883,0.0000001156061629,-1.0000000000000000,-0.0000000000000019,-0.0000000437113883,3.4999997615814209,0.0000000000000000,0.0000000000000000,0.0000000000000000,1.0000000000000000
O DOOR_2_out
A DOOR_2_out_DOOR_2
M 1.0000000000000000,0.0000000000000000,0.0000000000000000,0.0000000000000000,0.0000000000000000,1.0000000000000000,-0.0000000437113883,-0.0000001133751795,-0.0000000000000000,0.0000000437113883,1.0000000000000000,-0.0000000567517162,0.0000000000000000,0.0000000000000000,0.0000000000000000,1.0000000000000000
M 1.0000000000000000,0.0000000000000000,0.0000000000000000,0.0000000000000000,0.0000000000000000,1.0000000000000000,-0.0000000437113883,-0.0000001133751795,-0.0000000000000000,0.0000000437113883,1.0000000000000000,-0.0000000567517162,0.0000000000000000,0.0000000000000000,0.0000000000000000,1.0000000000000000
M 0.9998130798339844,0.0193348005414009,-0.0000000008451509,-0.0457008704543114,-0.0193348005414009,0.9998130798339844,-0.0000000437032170,0.0856437459588051,-0.0000000000000000,0.0000000437113883,1.0000000000000000,-0.0000000567517162,0.0000000000000000,0.0000000000000000,0.0000000000000000,1.0000000000000000
M 0.9976064562797546,0.0691473186016083,-0.0000000030225253,-0.1558390706777573,-0.0691473186016083,0.9976064562797546,-0.0000000436067715,0.3104397356510162,-0.0000000000000000,0.0000000437113883,1.0000000000000000,-0.0000000567517162,0.0000000000000000,0.0000000000000000,0.0000000000000000,1.0000000000000000
M 0.9905771613121033,0.1369556039571762,-0.0000000059865206,-0.2880302965641022,-0.1369556039571762,0.9905771613121033,-0.0000000432995044,0.6261340975761414,-0.0000000000000000,0.0000000437113883,1.0000000000000000,-0.0000000567517162,0.0000000000000000,0.0000000000000000,0.0000000000000000,1.0000000000000000
M 0.9776796698570251,0.2101010978221893,-0.0000000091838110,-0.4072067439556122,-0.2101010978221893,0.9776796698570251,-0.0000000427357350,0.9794661402702332,-0.0000000000000000,0.0000000437113883,1.0000000000000000,-0.0000000567517162,0.0000000000000000,0.0000000000000000,0.0000000000000000,1.0000000000000000
M 0.9610932469367981,0.2762241959571838,-0.0000000120741435,-0.4932316243648529,-0.2762241959571838,0.9610932469367981,-0.0000000420107256,1.3107321262359619,-0.0000000000000000,0.0000000437113883,1.0000000000000000,-0.0000000567517162,0.0000000000000000,0.0000000000000000,0.0000000000000000,1.0000000000000000
M 0.9461298584938049,0.3237873315811157,-0.0000000141531942,-0.5417481064796448,-0.3237873315811157,0.9461298584938049,-0.0000000413566497,1.5563129186630249,-0.0000000000000000,0.0000000437113883,1.0000000000000000,-0.0000000567517162,0.0000000000000000,0.0000000000000000,0.0000000000000000,1.0000000000000000
M 0.9396926164627075,0.3420200943946838,-0.0000000149501727,-0.5572565197944641,-0.3420200943946838,0.9396926164627075,-0.0000000410752676,1.6521406173706055,-0.0000000000000000,0.0000000437113883,1.0000000000000000,-0.0000000567517162,0.0000000000000000,0.0000000000000000,0.0000000000000000,1.0000000000000000
M 0.9396830797195435,0.3420166373252869,0.0045060375705361,-0.5503000617027283,-0.3420200943946838,0.9396926164627075,-0.0000000410752676,1.6521406173706055,-0.0042343041859567,-0.0015411168569699,0.9999898672103882,0.0251664668321609,0.0000000000000000,0.0000000000000000,0.0000000000000000,1.0000000000000000
M 0.9395464062690735,0.3419668972492218,0.0176398456096649,-0.5293764472007751,-0.3420200943946838,0.9396926164627075,-0.0000000410752676,1.6521406173706055,-0.0165760461241007,-0.0060331430286169,0.9998444318771362,0.0983421579003334,0.0000000000000000,0.0000000000000000,0.0000000000000000,1.0000000000000000
M 0.9389843344688416,0.3417623043060303,0.0388191118836403,-0.4936028122901917,-0.3420200943946838,0.9396926164627075,-0.0000000410752676,1.6521406173706055,-0.0364780463278294,-0.0132768778130412,0.9992462396621704,0.2157866954803467,0.0000000000000000,0.0000000000000000,0.0000000000000000,1.0000000000000000
M 0.9375529885292053,0.3412413299083710,0.0674438998103142,-0.4412582218647003,-0.3420200943946838,0.9396926164627075,-0.0000000410752676,1.6521406173706055,-0.0633765459060669,-0.0230671316385269,0.9977230429649353,0.3734239041805267,0.0000000000000000,0.0000000000000000,0.0000000000000000,1.0000000000000000
M 0.9347062110900879,0.3402051925659180,0.1028819382190704,-0.3700633943080902,-0.3420200943946838,0.9396926164627075,-0.0000000410752676,1.6521406173706055,-0.0966774150729179,-0.0351876504719257,0.9946935772895813,0.5668308138847351,0.0000000000000000,0.0000000000000000,0.0000000000000000,1.0000000000000000
M 0.9298366308212280,0.3384328186511993,0.1444539874792099,-0.2774465680122375,-0.3420200943946838,0.9396926164627075,-0.0000000410752676,1.6521406173706055,-0.1357423663139343,-0.0494061261415482,0.9895114898681641,0.7912213802337646,0.0000000000000000,0.0000000000000000,0.0000000000000000,1.0000000000000000
M 0.9223157167434692,0.3356954157352448,0.1914217025041580,-0.1607985198497772,-0.3420200943946838,0.9396926164627075,-0.0000000410752676,1.6521406173706055,-0.1798775792121887,-0.0654700323939323,0.9815078973770142,1.0414456129074097,0.0000000000000000,0.0000000000000000,0.0000000000000000,1.0000000000000000
M 0.9115312099456787,0.3317701816558838,0.2429801523685455,-0.0177127718925476,-0.3420200943946838,0.9396926164627075,-0.0000000410752676,1.6521406173706055,-0.2283266633749008,-0.0831040516495705,0.9700312614440918,1.3120064735412598,0.0000000000000000,0.0000000000000000,0.0000000000000000,1.0000000000000000
M 0.8969232439994812,0.3264533281326294,0.2982563674449921,0.1538048386573792,-0.3420200943946838,0.9396926164627075,-0.0000000410752676,1.6521406173706055,-0.2802692949771881,-0.1020096242427826,0.9544857740402222,1.5971136093139648,0.0000000000000000,0.0000000000000000,0.0000000000000000,1.0000000000000000
M 0.8780169486999512,0.3195720016956329,0.3563144207000732,0.3551453351974487,-0.3420200943946838,0.9396926164627075,-0.0000000410752676,1.6521406173706055,-0.3348260223865509,-0.1218666508793831,0.9343661069869995,1.8907632827758789,0.0000000000000000,0.0000000000000000,0.0000000000000000,1.0000000000000000
M 0.8544509410858154,0.3109946846961975,0.4161680936813354,0.5869469642639160,-0.3420200943946838,0.9396926164627075,-0.0000000410752676,1.6521406173706055,-0.3910700976848602,-0.1423377990722656,0.9092876911163330,2.1868548393249512,0.0000000000000000,0.0000000000000000,0.0000000000000000,1.0000000000000000
M 0.8260012865066528,0.3006398677825928,0.4767992198467255,0.8489834666252136,-0.3420200943946838,0.9396926164627075,-0.0000000410752676,1.6521406173706055,-0.4480447173118591,-0.1630748659372330,0.8790122270584106,2.4793329238891602,0.0000000000000000,0.0000000000000000,0.0000000000000000,1.0000000000000000
M 0.7968361973762512,0.2765621840953827,0.5371828079223633,1.1501080989837646,-0.3278878033161163,0.9447166919708252,-0.0000000412948857,1.5777809619903564,-0.5074855685234070,-0.1761356592178345,0.8434658050537109,2.7559812068939209,0.0000000000000000,0.0000000000000000,0.0000000000000000,1.0000000000000000
M 0.7681842446327209,0.2330261319875717,0.5963152050971985,1.4971079826354980,-0.2902846336364746,0.9569403529167175,-0.0000000418291997,1.3826787471771240,-0.5706380605697632,-0.1731011122465134,0.8027504086494446,3.0015571117401123,0.0000000000000000,0.0000000000000000,0.0000000000000000,1.0000000000000000
M 0.7356926798820496,0.1789600104093552,0.6532453894615173,1.8860478401184082,-0.2363611757755280,0.9716652631759644,-0.0000000424728448,1.1096469163894653,-0.6347358822822571,-0.1544018238782883,0.7571462392807007,3.2047429084777832,0.0000000000000000,0.0000000000000000,0.0000000000000000,1.0000000000000000
M 0.6963642239570618,0.1227878108620644,0.7071067690849304,2.3082525730133057,-0.1736481487751007,0.9848077297210693,-0.0000000430473115,0.8016934990882874,-0.6963642239570618,-0.1227877512574196,0.7071067690849304,3.3572616577148438,0.0000000000000000,0.0000000000000000,0.0000000000000000,1.0000000000000000
M 0.6492652297019958,0.0720021575689316,0.7571461796760559,2.7482714653015137,-0.1102221608161926,0.9939069747924805,-0.0000000434450520,0.5003275871276855,-0.7525328397750854,-0.0834542587399483,0.6532454490661621,3.4589083194732666,0.0000000000000000,0.0000000000000000,0.0000000000000000,1.0000000000000000
M 0.5954284071922302,0.0325078479945660,0.8027504682540894,3.1859366893768311,-0.0545144900679588,0.9985129833221436,-0.0000000436463878,0.2437825351953506,-0.8015567660331726,-0.0437615066766739,0.5963151454925537,3.5207369327545166,0.0000000000000000,0.0000000000000000,0.0000000000000000,1.0000000000000000
M 0.5371223092079163,0.0080568604171276,0.8434658646583557,3.6009864807128906,-0.0149982906877995,0.9998875260353088,-0.0000000437064713,0.0663567110896111,-0.8433709740638733,-0.0126505233347416,0.5371827483177185,3.5650203227996826,0.0000000000000000,0.0000000000000000,0.0000000000000000,1.0000000000000000
M 0.4767992794513702,0.0000000242131186,0.8790122270584106,3.9783413410186768,0.0000000298023259,1.0000000000000000,-0.0000000437113883,-0.0000002446916767,-0.8790122270584106,0.0000000470381671,0.4767992794513702,3.6213788986206055,0.0000000000000000,0.0000000000000000,0.0000000000000000,1.0000000000000000
M 0.4161680042743683,0.0000000273434573,0.9092877507209778,4.3297519683837891,0.0000000298023259,1.0000000000000000,-0.0000000437113883,-0.0000002446916767,-0.9092877507209778,0.0000000452901752,0.4161680042743683,3.6808612346649170,0.0000000000000000,0.0000000000000000,0.0000000000000000,1.0000000000000000
M 0.3563142120838165,0.0000000302234504,0.9343661665916443,4.6692924499511719,0.0000000298023259,1.0000000000000000,-0.0000000437113883,-0.0000002446916767,-0.9343661665916443,0.0000000434212737,0.3563142120838165,3.7153854370117188,0.0000000000000000,0.0000000000000000,0.0000000000000000,1.0000000000000000
M 0.2982563674449921,0.0000000328331637,0.9544857740402222,4.9922041893005371,0.0000000298023259,1.0000000000000000,-0.0000000437113883,-0.0000002446916767,-0.9544857740402222,0.0000000414830978,0.2982563674449921,3.7277114391326904,0.0000000000000000,0.0000000000000000,0.0000000000000000,1.0000000000000000
M 0.2429802417755127,0.0000000351600455,0.9700312614440918,5.2941160202026367,0.0000000298023259,1.0000000000000000,-0.0000000437113883,-0.0000002446916767,-0.9700312614440918,0.0000000395301925,0.2429802417755127,3.7212827205657959,0.0000000000000000,0.0000000000000000,0.0000000000000000,1.0000000000000000
M 0.1914216130971909,0.0000000371982587,0.9815078973770142,5.5710940361022949,0.0000000298023259,1.0000000000000000,-0.0000000437113883,-0.0000002446916767,-0.9815078973770142,0.0000000376185234,0.1914216130971909,3.7000758647918701,0.0000000000000000,0.0000000000000000,0.0000000000000000,1.0000000000000000
M 0.1444539129734039,0.0000000389478600,0.9895115494728088,5.8196554183959961,0.0000000298023259,1.0000000000000000,-0.0000000437113883,-0.0000002446916767,-0.9895115494728088,0.0000000358040282,0.1444539129734039,3.6684248447418213,0.0000000000000000,0.0000000000000000,0.0000000000000000,1.0000000000000000
M 0.1028818860650063,0.0000000404133189,0.9946935772895813,6.0367503166198730,0.0000000298023259,1.0000000000000000,-0.0000000437113883,-0.0000002446916767,-0.9946935772895813,0.0000000341412907,0.1028818860650063,3.6308393478393555,0.0000000000000000,0.0000000000000000,0.0000000000000000,1.0000000000000000
M 0.0674439445137978,0.0000000416018757,0.9977230429649353,6.2196860313415527,0.0000000298023259,1.0000000000000000,-0.0000000437113883,-0.0000002446916767,-0.9977230429649353,0.0000000326825358,0.0674439445137978,3.5918173789978027,0.0000000000000000,0.0000000000000000,0.0000000000000000,1.0000000000000000
M 0.0388189293444157,0.0000000425215489,0.9992462396621704,6.3660383224487305,0.0000000298023259,1.0000000000000000,-0.0000000437113883,-0.0000002446916767,-0.9992462396621704,0.0000000314766915,0.0388189293444157,3.5556488037109375,0.0000000000000000,0.0000000000000000,0.0000000000000000,1.0000000000000000
M 0.0176399890333414,0.0000000431788862,0.9998444318771362,6.4735107421875000,0.0000000298023259,1.0000000000000000,-0.0000000437113883,-0.0000002446916767,-0.9998444318771362,0.0000000305687564,0.0176399890333414,3.5262281894683838,0.0000000000000000,0.0000000000000000,0.0000000000000000,1.0000000000000000
M 0.0045056943781674,0.0000000435766658,0.9999898672103882,6.5398154258728027,0.0000000298023259,1.0000000000000000,-0.0000000437113883,-0.0000002446916767,-0.9999898672103882,0.0000000299989757,0.0045056943781674,3.5068480968475342,0.0000000000000000,0.0000000000000000,0.0000000000000000,1.0000000000000000
M -0.0000000437113883,0.0000000437113883,1.0000000000000000,6.5625004768371582,0.0000000298023259,1.0000000000000000,-0.0000000437113883,-0.0000002446916767,-1.0000000000000000,0.0000000298023224,-0.0000000437113883,3.4999992847442627,0.0000000000000000,0.0000000000000000,0.0000000000000000,1.0000000000000000
O DOOR_2_ins_INTERIOR_LCG_IL
A DOOR_2_ins_INTERIOR_LCG_IL_DOOR_2_INTERIOR_LCG_IL
M 1.0000000000000000,0.0000000000000000,0.0000000000000000,0.0000000000000000,0.0000000000000000,1.0000000000000000,-0.0000000437113883,0.0000001061689261,-0.0000000000000000,0.0000000437113883,1.0000000000000000,-0.0000000567517588,0.0000000000000000,0.0000000000000000,0.0000000000000000,1.0000000000000000
M 1.0000000000000000,0.0000000000000000,0.0000000000000000,0.0000000000000000,0.0000000000000000,1.0000000000000000,-0.0000000437113883,0.0000001061689261,-0.0000000000000000,0.0000000437113883,1.0000000000000000,-0.0000000567517588,0.0000000000000000,0.0000000000000000,0.0000000000000000,1.0000000000000000
M 0.9998130798339844,0.0193348005414009,-0.0000000008451509,-0.0457008630037308,-0.0193348005414009,0.9998130798339844,-0.0000000437032170,0.0856437236070633,-0.0000000000000000,0.0000000437113883,1.0000000000000000,-0.0000000567517588,0.0000000000000000,0.0000000000000000,0.0000000000000000,1.0000000000000000
M 0.9976064562797546,0.0691473186016083,-0.0000000030225253,-0.1558390557765961,-0.0691473186016083,0.9976064562797546,-0.0000000436067715,0.3104399740695953,-0.0000000000000000,0.0000000437113883,1.0000000000000000,-0.0000000567517588,0.0000000000000000,0.0000000000000000,0.0000000000000000,1.0000000000000000
M 0.9905771613121033,0.1369556039571762,-0.0000000059865206,-0.2880302667617798,-0.1369556039571762,0.9905771613121033,-0.0000000432995044,0.6261343359947205,-0.0000000000000000,0.0000000437113883,1.0000000000000000,-0.0000000567517588,0.0000000000000000,0.0000000000000000,0.0000000000000000,1.0000000000000000
