O DOOR_5_TOGGLE_INTERIOR_LCG_IL_CG_door5_mvp_disel
A DOOR_5_TOGGLE_INTERIOR_LCG_IL_CG_door5_mvp_disel_DOOR_5_TOGGLE_INTERIOR_LCG_IL_CG_door5_mvp_disel
M 1.0000000000000000,0.0000000000000000,0.0000000000000000,0.0000000916418728,0.0000000000000000,1.0000000000000000,-0.0000000437113883,0.0000000000000000,-0.0000000000000000,0.0000000437113883,1.0000000000000000,-0.0000000077047844,0.0000000000000000,0.0000000000000000,0.0000000000000000,1.0000000000000000
M 1.0000000000000000,0.0000000000000000,0.0000000000000000,0.0000000916418728,0.0000000000000000,1.0000000000000000,-0.0000000437113883,0.0000000000000000,-0.0000000000000000,0.0000000437113883,1.0000000000000000,-0.0000000077047844,0.0000000000000000,0.0000000000000000,0.0000000000000000,1.0000000000000000
M 1.0000000000000000,0.0000000000000000,0.0000000000000000,0.0000000916418728,0.0000000000000000,1.0000000000000000,-0.0000000437113883,0.0000000000000000,-0.0000000000000000,0.0000000437113883,1.0000000000000000,-0.0000000077047844,0.0000000000000000,0.0000000000000000,0.0000000000000000,1.0000000000000000
M 1.0000000000000000,0.0000000000000000,0.0000000000000000,0.0000000916418728,0.0000000000000000,1.0000000000000000,-0.0000000437113883,0.0000000000000000,-0.0000000000000000,0.0000000437113883,1.0000000000000000,-0.0000000077047844,0.0000000000000000,0.0000000000000000,0.0000000000000000,1.0000000000000000
M 1.0000000000000000,0.0000000000000000,0.0000000000000000,0.0000000916418728,0.0000000000000000,1.0000000000000000,-0.0000000437113883,0.0000000000000000,-0.0000000000000000,0.0000000437113883,1.0000000000000000,-0.0000000077047844,0.0000000000000000,0.0000000000000000,0.0000000000000000,1.0000000000000000
M 1.0000000000000000,0.0000000000000000,0.0000000000000000,0.0000000916418728,0.0000000000000000,1.0000000000000000,-0.0000000437113883,0.0000000000000000,-0.0000000000000000,0.0000000437113883,1.0000000000000000,-0.0000000077047844,0.0000000000000000,0.0000000000000000,0.0000000000000000,1.0000000000000000
M 1.0000000000000000,0.0000000000000000,0.0000000000000000,0.0000000916418728,0.0000000000000000,1.0000000000000000,-0.0000000437113883,0.0000000000000000,-0.0000000000000000,0.0000000437113883,1.0000000000000000,-0.0000000077047844,0.0000000000000000,0.0000000000000000,0.0000000000000000,1.0000000000000000
M 1.0000000000000000,0.0000000000000000,0.0000000000000000,0.0000000916418728,0.0000000000000000,1.0000000000000000,-0.0000000437113883,0.0000000000000000,-0.0000000000000000,0.0000000437113883,1.0000000000000000,-0.0000000077047844,0.0000000000000000,0.0000000000000000,0.0000000000000000,1.0000000000000000
M 1.0000000000000000,0.0000000000000000,0.0000000000000000,0.0000000916418728,0.0000000000000000,1.0000000000000000,-0.0000000437113883,0.0000000000000000,-0.0000000000000000,0.0000000437113883,1.0000000000000000,-0.0000000077047844,0.0000000000000000,0.0000000000000000,0.0000000000000000,1.0000000000000000
M 0.9999898672103882,-0.0000000001969677,-0.0045060962438583,-0.0012896453263238,0.0000000000000000,1.0000000000000000,-0.0000000437113883,0.0000000000000000,0.0045060962438583,0.0000000437109442,0.9999898672103882,0.0099950321018696,0.0000000000000000,0.0000000000000000,0.0000000000000000,1.0000000000000000
M 0.9998444318771362,-0.0000000007710652,-0.0176399145275354,-0.0053063095547259,0.0000000000000000,1.0000000000000000,-0.0000000437113883,0.0000000000000000,0.0176399145275354,0.0000000437045884,0.9998444318771362,0.0390948019921780,0.0000000000000000,0.0000000000000000,0.0000000000000000,1.0000000000000000
M 0.9992462396621704,-0.0000000016968364,-0.0388190932571888,-0.0125901652500033,0.0000000000000000,1.0000000000000000,-0.0000000437113883,0.0000000000000000,0.0388190932571888,0.0000000436784404,0.9992462396621704,0.0859178751707077,0.0000000000000000,0.0000000000000000,0.0000000000000000,1.0000000000000000
M 0.9977231025695801,-0.0000000029480656,-0.0674438774585724,-0.0240201409906149,0.0000000000000000,1.0000000000000000,-0.0000000437113883,0.0000000000000000,0.0674438774585724,0.0000000436118626,0.9977231025695801,0.1490007340908051,0.0000000000000000,0.0000000000000000,0.0000000000000000,1.0000000000000000
M 0.9946935176849365,-0.0000000044971227,-0.1028821766376495,-0.0407087877392769,0.0000000000000000,1.0000000000000000,-0.0000000437113883,0.0000000000000000,0.1028821766376495,0.0000000434794352,0.9946935176849365,0.2267774045467377,0.0000000000000000,0.0000000000000000,0.0000000000000000,1.0000000000000000
M 0.9895114898681641,-0.0000000063142829,-0.1444539576768875,-0.0638984590768814,0.0000000000000000,1.0000000000000000,-0.0000000437113883,0.0000000000000000,0.1444539576768875,0.0000000432529212,0.9895114898681641,0.3175573647022247,0.0000000000000000,0.0000000000000000,0.0000000000000000,1.0000000000000000
M 0.9815078973770142,-0.0000000083673113,-0.1914217621088028,-0.0948659032583237,0.0000000000000000,1.0000000000000000,-0.0000000437113883,0.0000000000000000,0.1914217621088028,0.0000000429030713,0.9815078973770142,0.4195162355899811,0.0000000000000000,0.0000000000000000,0.0000000000000000,1.0000000000000000
M 0.9700312614440918,-0.0000000106210001,-0.2429801523685455,-0.1348303556442261,0.0000000000000000,1.0000000000000000,-0.0000000437113883,0.0000000000000000,0.2429801523685455,0.0000000424014139,0.9700312614440918,0.5306836366653442,0.0000000000000000,0.0000000000000000,0.0000000000000000,1.0000000000000000
M 0.9544857144355774,-0.0000000130372051,-0.2982564866542816,-0.1848682016134262,0.0000000000000000,1.0000000000000000,-0.0000000437113883,0.0000000000000000,0.2982564866542816,0.0000000417218970,0.9544857144355774,0.6489559412002563,0.0000000000000000,0.0000000000000000,0.0000000000000000,1.0000000000000000
M 0.9343661665916443,-0.0000000155749920,-0.3563142716884613,-0.2458370774984360,0.0000000000000000,1.0000000000000000,-0.0000000437113883,0.0000000000000000,0.3563142716884613,0.0000000408424405,0.9343661665916443,0.7721130847930908,0.0000000000000000,0.0000000000000000,0.0000000000000000,1.0000000000000000
M 0.9092876911163330,-0.0000000181912885,-0.4161681532859802,-0.3183136284351349,0.0000000000000000,1.0000000000000000,-0.0000000437113883,0.0000000000000000,0.4161681532859802,0.0000000397462259,0.9092876911163330,0.8978606462478638,0.0000000000000000,0.0000000000000000,0.0000000000000000,1.0000000000000000
M 0.8790122270584106,-0.0000000208415560,-0.4767992198467255,-0.4025394320487976,0.0000000000000000,1.0000000000000000,-0.0000000437113883,0.0000000000000000,0.4767992198467255,0.0000000384228436,0.8790122270584106,1.0238709449768066,0.0000000000000000,0.0000000000000000,0.0000000000000000,1.0000000000000000
M 0.8434658050537109,-0.0000000234810109,-0.5371829271316528,-0.4983907938003540,0.0000000000000000,1.0000000000000000,-0.0000000437113883,0.0000000000000000,0.5371829271316528,0.0000000368690607,0.8434658050537109,1.1478499174118042,0.0000000000000000,0.0000000000000000,0.0000000000000000,1.0000000000000000
M 0.8027504682540894,-0.0000000260657611,-0.5963150858879089,-0.6053587198257446,0.0000000000000000,1.0000000000000000,-0.0000000437113883,0.0000000000000000,0.5963150858879089,0.0000000350893359,0.8027504682540894,1.2675986289978027,0.0000000000000000,0.0000000000000000,0.0000000000000000,1.0000000000000000
M 0.7571461200714111,-0.0000000285542683,-0.6532455086708069,-0.7225546836853027,0.0000000000000000,1.0000000000000000,-0.0000000437113883,0.0000000000000000,0.6532455086708069,0.0000000330959082,0.7571461200714111,1.3810868263244629,0.0000000000000000,0.0000000000000000,0.0000000000000000,1.0000000000000000
M 0.7071067094802856,-0.0000000309086197,-0.7071068286895752,-0.8487280011177063,0.0000000000000000,1.0000000000000000,-0.0000000437113883,0.0000000000000000,0.7071068286895752,0.0000000309086161,0.7071067094802856,1.4865181446075439,0.0000000000000000,0.0000000000000000,0.0000000000000000,1.0000000000000000
M 0.6532453894615173,-0.0000000330959153,-0.7571462988853455,-0.9823062419891357,0.0000000000000000,1.0000000000000000,-0.0000000437113883,0.0000000000000000,0.7571462988853455,0.0000000285542630,0.6532453894615173,1.5823949575424194,0.0000000000000000,0.0000000000000000,0.0000000000000000,1.0000000000000000
M 0.5963152050971985,-0.0000000350893359,-0.8027504086494446,-1.1214461326599121,0.0000000000000000,1.0000000000000000,-0.0000000437113883,0.0000000000000000,0.8027504086494446,0.0000000260657647,0.5963152050971985,1.6675677299499512,0.0000000000000000,0.0000000000000000,0.0000000000000000,1.0000000000000000
M 0.5371827483177185,-0.0000000368690642,-0.8434658646583557,-1.2640972137451172,0.0000000000000000,1.0000000000000000,-0.0000000437113883,0.0000000000000000,0.8434658646583557,0.0000000234810038,0.5371827483177185,1.7412743568420410,0.0000000000000000,0.0000000000000000,0.0000000000000000,1.0000000000000000
M 0.4767992794513702,-0.0000000384228436,-0.8790122270584106,-1.4080703258514404,0.0000000000000000,1.0000000000000000,-0.0000000437113883,0.0000000000000000,0.8790122270584106,0.0000000208415578,0.4767992794513702,1.8031601905822754,0.0000000000000000,0.0000000000000000,0.0000000000000000,1.0000000000000000
M 0.4161680042743683,-0.0000000397462294,-0.9092877507209778,-1.5511109828948975,0.0000000000000000,1.0000000000000000,-0.0000000437113883,0.0000000000000000,0.9092877507209778,0.0000000181912814,0.4161680042743683,1.8532818555831909,0.0000000000000000,0.0000000000000000,0.0000000000000000,1.0000000000000000
M 0.3563142418861389,-0.0000000408424405,-0.9343661665916443,-1.6909646987915039,0.0000000000000000,1.0000000000000000,-0.0000000437113883,0.0000000000000000,0.9343661665916443,0.0000000155749902,0.3563142418861389,1.8920907974243164,0.0000000000000000,0.0000000000000000,0.0000000000000000,1.0000000000000000
M 0.2982563674449921,-0.0000000417219006,-0.9544858336448669,-1.8254392147064209,0.0000000000000000,1.0000000000000000,-0.0000000437113883,0.0000000000000000,0.9544858336448669,0.0000000130371998,0.2982563674449921,1.9204027652740479,0.0000000000000000,0.0000000000000000,0.0000000000000000,1.0000000000000000
M 0.2429802417755127,-0.0000000424014104,-0.9700312018394470,-1.9524551630020142,0.0000000000000000,1.0000000000000000,-0.0000000437113883,0.0000000000000000,0.9700312018394470,0.0000000106210036,0.2429802417755127,1.9393478631973267,0.0000000000000000,0.0000000000000000,0.0000000000000000,1.0000000000000000
M 0.1914216130971909,-0.0000000429030713,-0.9815078973770142,-2.0700786113739014,0.0000000000000000,1.0000000000000000,-0.0000000437113883,0.0000000000000000,0.9815078973770142,0.0000000083673042,0.1914216130971909,1.9503111839294434,0.0000000000000000,0.0000000000000000,0.0000000000000000,1.0000000000000000
M 0.1444539129734039,-0.0000000432529248,-0.9895115494728088,-2.1765391826629639,0.0000000000000000,1.0000000000000000,-0.0000000437113883,0.0000000000000000,0.9895115494728088,0.0000000063142811,0.1444539129734039,1.9548598527908325,0.0000000000000000,0.0000000000000000,0.0000000000000000,1.0000000000000000
M 0.1028818860650063,-0.0000000434794387,-0.9946935772895813,-2.2702345848083496,0.0000000000000000,1.0000000000000000,-0.0000000437113883,0.0000000000000000,0.9946935772895813,0.0000000044971102,0.1028818860650063,1.9546653032302856,0.0000000000000000,0.0000000000000000,0.0000000000000000,1.0000000000000000
M 0.0674439445137978,-0.0000000436118590,-0.9977230429649353,-2.3497145175933838,0.0000000000000000,1.0000000000000000,-0.0000000437113883,0.0000000000000000,0.9977230429649353,0.0000000029480685,0.0674439445137978,1.9514201879501343,0.0000000000000000,0.0000000000000000,0.0000000000000000,1.0000000000000000
M 0.0388189330697060,-0.0000000436784404,-0.9992462396621704,-2.4136548042297363,0.0000000000000000,1.0000000000000000,-0.0000000437113883,0.0000000000000000,0.9992462396621704,0.0000000016968295,0.0388189330697060,1.9467490911483765,0.0000000000000000,0.0000000000000000,0.0000000000000000,1.0000000000000000
M 0.0176399890333414,-0.0000000437045848,-0.9998443722724915,-2.4608137607574463,0.0000000000000000,1.0000000000000000,-0.0000000437113883,0.0000000000000000,0.9998443722724915,0.0000000007710684,0.0176399890333414,1.9421198368072510,0.0000000000000000,0.0000000000000000,0.0000000000000000,1.0000000000000000
M 0.0045056943781674,-0.0000000437109442,-0.9999898672103882,-2.4899961948394775,0.0000000000000000,1.0000000000000000,-0.0000000437113883,0.0000000000000000,0.9999898672103882,0.0000000001969502,0.0045056943781674,1.9387487173080444,0.0000000000000000,0.0000000000000000,0.0000000000000000,1.0000000000000000
M -0.0000000437113954,-0.0000000437113883,-1.0000000000000000,-2.4999961853027344,0.0000000000000000,1.0000000000000000,-0.0000000437113883,0.0000000000000000,1.0000000000000000,-0.0000000000000019,-0.0000000437113954,1.9375039339065552,0.0000000000000000,0.0000000000000000,0.0000000000000000,1.0000000000000000
O DOOR_5_INTERIOR_LCG_IL
A DOOR_5_INTERIOR_LCG_IL_DOOR_5_INTERIOR_LCG_IL
M 1.0000000000000000,0.0000000000000000,0.0000000000000000,-0.0000001120089834,0.0000000000000000,1.0000000000000000,-0.0000000437113883,0.0000000000000000,-0.0000000000000000,0.0000000437113883,1.0000000000000000,-0.0000000077047844,0.0000000000000000,0.0000000000000000,0.0000000000000000,1.0000000000000000
M 1.0000000000000000,0.0000000000000000,0.0000000000000000,-0.0000001120089834,0.0000000000000000,1.0000000000000000,-0.0000000437113883,0.0000000000000000,-0.0000000000000000,0.0000000437113883,1.0000000000000000,-0.0000000077047844,0.0000000000000000,0.0000000000000000,0.0000000000000000,1.0000000000000000
M 1.0000000000000000,-0.0000000063000778,-0.0000000000609074,-0.0000000964347251,0.0000000063000778,0.9998130798339844,0.0193347577005625,-0.0061848191544414,-0.0000000000609077,-0.0193347577005625,0.9998130798339844,0.0477970354259014,0.0000000000000000,0.0000000000000000,0.0000000000000000,1.0000000000000000
M 1.0000000000000000,-0.0000000225310561,-0.0000000007799191,-0.0000000561173366,0.0000000225310561,0.9976064562797546,0.0691472738981247,-0.0178606398403645,-0.0000000007799201,-0.0691472738981247,0.9976064562797546,0.1715302169322968,0.0000000000000000,0.0000000000000000,0.0000000000000000,1.0000000000000000
M 1.0000000000000000,-0.0000000772785498,0.0000002331016731,-0.0000000013569661,0.0000000446257999,0.9905771613121033,0.1369555592536926,-0.0238161757588387,-0.0000002414889195,-0.1369555592536926,0.9905771613121033,0.3413477241992950,0.0000000000000000,0.0000000000000000,0.0000000000000000,1.0000000000000000
M 1.0000000000000000,-0.0000001185516254,0.0000002258241238,0.0000001030376211,0.0000000684596273,0.9776796698570251,0.2101010531187057,-0.0171196013689041,-0.0000002456914672,-0.2101010531187057,0.9776796698570251,0.5263592004776001,0.0000000000000000,0.0000000000000000,0.0000000000000000,1.0000000000000000
M 1.0000000000000000,-0.0000001558622387,0.0000002164650255,0.0000001983654272,0.0000000900052726,0.9610932469367981,0.2762241661548615,0.0010980516672134,-0.0000002510959973,-0.2762241661548615,0.9610932469367981,0.6953022480010986,0.0000000000000000,0.0000000000000000,0.0000000000000000,1.0000000000000000
M 1.0000000000000000,-0.0000001827002052,0.0000002080218593,0.0000002675240296,0.0000001055033110,0.9461298584938049,0.3237873017787933,0.0216891318559647,-0.0000002559717132,-0.3237873017787933,0.9461298584938049,0.8178674578666687,0.0000000000000000,0.0000000000000000,0.0000000000000000,1.0000000000000000
M 1.0000000000000000,-0.0000000882648408,0.0000002425057346,0.0000000225327739,-0.0000000000000142,0.9396926164627075,0.3420200645923615,0.0313131064176559,-0.0000002580692069,-0.3420200645923615,0.9396926164627075,0.8650923967361450,0.0000000000000000,0.0000000000000000,0.0000000000000000,1.0000000000000000
M 0.9999898672103882,0.0015410869382322,-0.0042341025546193,-0.0051877964287996,-0.0000000000000142,0.9396926164627075,0.3420200645923615,0.0313131064176559,0.0045058382675052,-0.3420166075229645,0.9396830797195435,0.8750786781311035,0.0000000000000000,0.0000000000000000,0.0000000000000000,1.0000000000000000
M 0.9998444318771362,0.0060331160202622,-0.0165758561342955,-0.0205663107335567,-0.0000000000000142,0.9396926164627075,0.3420200645923615,0.0313131064176559,0.0176396556198597,-0.3419668674468994,0.9395464062690735,0.9040526747703552,0.0000000000000000,0.0000000000000000,0.0000000000000000,1.0000000000000000
M 0.9992462396621704,0.0132768191397190,-0.0364777743816376,-0.0461723729968071,-0.0000000000000142,0.9396926164627075,0.3420200645923615,0.0313131064176559,0.0388188362121582,-0.3417622745037079,0.9389843344688416,0.9503582715988159,0.0000000000000000,0.0000000000000000,0.0000000000000000,1.0000000000000000
M 0.9977231621742249,0.0230670720338821,-0.0633762776851654,-0.0823654159903526,-0.0000000000000142,0.9396926164627075,0.3420200645923615,0.0313131064176559,0.0674436166882515,-0.3412413299083710,0.9375531077384949,1.0121233463287354,0.0000000000000000,0.0000000000000000,0.0000000000000000,1.0000000000000000
M 0.9946935176849365,0.0351876802742481,-0.0966773852705956,-0.1297111511230469,-0.0000000000000142,0.9396926164627075,0.3420200645923615,0.0313131064176559,0.1028819233179092,-0.3402051329612732,0.9347061514854431,1.0872792005538940,0.0000000000000000,0.0000000000000000,0.0000000000000000,1.0000000000000000
M 0.9895114898681641,0.0494060628116131,-0.1357420831918716,-0.1888647824525833,-0.0000000000000142,0.9396926164627075,0.3420200645923615,0.0313131064176559,0.1444537043571472,-0.3384327888488770,0.9298366308212280,1.1735762357711792,0.0000000000000000,0.0000000000000000,0.0000000000000000,1.0000000000000000
M 0.9815079569816589,0.0654699951410294,-0.1798773854970932,-0.2604629397392273,-0.0000000000000142,0.9396926164627075,0.3420200645923615,0.0313131064176559,0.1914215087890625,-0.3356954157352448,0.9223157763481140,1.2686111927032471,0.0000000000000000,0.0000000000000000,0.0000000000000000,1.0000000000000000
M 0.9700313210487366,0.0831040069460869,-0.2283264100551605,-0.3450308740139008,-0.0000000000000142,0.9396926164627075,0.3420200645923615,0.0313131064176559,0.2429798990488052,-0.3317701816558838,0.9115312695503235,1.3698503971099854,0.0000000000000000,0.0000000000000000,0.0000000000000000,1.0000000000000000
M 0.9544857740402222,0.1020096167922020,-0.2802691757678986,-0.4428874850273132,-0.0000000000000142,0.9396926164627075,0.3420200645923615,0.0313131064176559,0.2982562482357025,-0.3264532983303070,0.8969232439994812,1.4746742248535156,0.0000000000000000,0.0000000000000000,0.0000000000000000,1.0000000000000000
M 0.9343662261962891,0.1218665465712547,-0.3348256647586823,-0.5540817975997925,-0.0000000000000142,0.9396926164627075,0.3420200645923615,0.0313131064176559,0.3563140332698822,-0.3195720016956329,0.8780170679092407,1.5804262161254883,0.0000000000000000,0.0000000000000000,0.0000000000000000,1.0000000000000000
M 0.9092878103256226,0.1423377841711044,-0.3910699188709259,-0.6783376932144165,-0.0000000000000142,0.9396926164627075,0.3420200645923615,0.0313131064176559,0.4161679148674011,-0.3109946548938751,0.8544510602951050,1.6844785213470459,0.0000000000000000,0.0000000000000000,0.0000000000000000,1.0000000000000000
M 0.8790124058723450,0.1630748212337494,-0.4480445086956024,-0.8150147199630737,-0.0000000000000142,0.9396926164627075,0.3420200645923615,0.0313131064176559,0.4767989814281464,-0.3006398379802704,0.8260014057159424,1.7842977046966553,0.0000000000000000,0.0000000000000000,0.0000000000000000,1.0000000000000000
M 0.8434659242630005,0.1761356443166733,-0.5074855089187622,-0.9434340000152588,0.0000000039763606,0.9447166919708252,0.3278877735137939,0.0237678904086351,0.5371826887130737,-0.2765621840953827,0.7968363165855408,1.8466414213180542,0.0000000000000000,0.0000000000000000,0.0000000000000000,1.0000000000000000
M 0.8027506470680237,0.1731010079383850,-0.5706377029418945,-1.0415283441543579,0.0000000143470018,0.9569403529167175,0.2902846038341522,0.0065170312300324,0.5963148474693298,-0.2330261468887329,0.7681844830513000,1.8547635078430176,0.0000000000000000,0.0000000000000000,0.0000000000000000,1.0000000000000000
M 0.7571462988853455,0.1544017940759659,-0.6347357630729675,-1.1100966930389404,0.0000000287611677,0.9716652631759644,0.2363611310720444,-0.0112986965104938,0.6532453298568726,-0.1789599806070328,0.7356926798820496,1.8302686214447021,0.0000000000000000,0.0000000000000000,0.0000000000000000,1.0000000000000000
M 0.7071070671081543,0.1227876693010330,-0.6963639855384827,-1.1555522680282593,0.0000000449920314,0.9848077297210693,0.1736481040716171,-0.0221862494945526,0.7071064710617065,-0.1227878332138062,0.6963644623756409,1.7933424711227417,0.0000000000000000,0.0000000000000000,0.0000000000000000,1.0000000000000000
M 0.6532457470893860,0.0834541991353035,-0.7525326609611511,-1.1899192333221436,0.0000000609905726,0.9939069747924805,0.1102221161127090,-0.0228470861911774,0.7571460008621216,-0.0720021799206734,0.6492655277252197,1.7615177631378174,0.0000000000000000,0.0000000000000000,0.0000000000000000,1.0000000000000000
M 0.5963156223297119,0.0437614358961582,-0.8015564084053040,-1.2298918962478638,0.0000000748233830,0.9985129833221436,0.0545144453644753,-0.0150682292878628,0.8027501106262207,-0.0325078740715981,0.5954288840293884,1.7481256723403931,0.0000000000000000,0.0000000000000000,0.0000000000000000,1.0000000000000000
M 0.5371831059455872,0.0126504600048065,-0.8433707356452942,-1.2953600883483887,0.0000000845706793,0.9998875260353088,0.0149982469156384,-0.0048777745105326,0.8434656262397766,-0.0080568771809340,0.5371226668357849,1.7611848115921021,0.0000000000000000,0.0000000000000000,0.0000000000000000,1.0000000000000000
M 0.4767996966838837,-0.0000001067041211,-0.8790120482444763,-1.4080694913864136,0.0000000882648550,1.0000000000000000,-0.0000000735137462,0.0000002060823050,0.8790120482444763,-0.0000000425345377,0.4767996966838837,1.8031597137451172,0.0000000000000000,0.0000000000000000,0.0000000000000000,1.0000000000000000
M 0.4161684215068817,-0.0000001035781736,-0.9092875123023987,-1.5511101484298706,0.0000000882648550,1.0000000000000000,-0.0000000735137462,0.0000002060823050,0.9092875123023987,-0.0000000496640382,0.4161684215068817,1.8532812595367432,0.0000000000000000,0.0000000000000000,0.0000000000000000,1.0000000000000000
M 0.3563146889209747,-0.0000001001388057,-0.9343659877777100,-1.6909637451171875,0.0000000882648550,1.0000000000000000,-0.0000000735137462,0.0000002060823050,0.9343659877777100,-0.0000000562776492,0.3563146889209747,1.8920902013778687,0.0000000000000000,0.0000000000000000,0.0000000000000000,1.0000000000000000
M 0.2982568442821503,-0.0000000964934159,-0.9544857144355774,-1.8254382610321045,0.0000000882648550,1.0000000000000000,-0.0000000735137462,0.0000002060823050,0.9544857144355774,-0.0000000623215612,0.2982568442821503,1.9204022884368896,0.0000000000000000,0.0000000000000000,0.0000000000000000,1.0000000000000000
M 0.2429807037115097,-0.0000000927572756,-0.9700310826301575,-1.9524539709091187,0.0000000882648550,1.0000000000000000,-0.0000000735137462,0.0000002060823050,0.9700310826301575,-0.0000000677572274,0.2429807037115097,1.9393473863601685,0.0000000000000000,0.0000000000000000,0.0000000000000000,1.0000000000000000
M 0.1914220899343491,-0.0000000890501539,-0.9815077781677246,-2.0700774192810059,0.0000000882648550,1.0000000000000000,-0.0000000735137462,0.0000002060823050,0.9815077781677246,-0.0000000725604963,0.1914220899343491,1.9503109455108643,0.0000000000000000,0.0000000000000000,0.0000000000000000,1.0000000000000000
M 0.1444543749094009,-0.0000000854929425,-0.9895114898681641,-2.1765379905700684,0.0000000882648550,1.0000000000000000,-0.0000000735137462,0.0000002060823050,0.9895114898681641,-0.0000000767197079,0.1444543749094009,1.9548596143722534,0.0000000000000000,0.0000000000000000,0.0000000000000000,1.0000000000000000
M 0.1028823554515839,-0.0000000822045436,-0.9946935772895813,-2.2702336311340332,0.0000000882648550,1.0000000000000000,-0.0000000735137462,0.0000002060823050,0.9946935772895813,-0.0000000802332139,0.1028823554515839,1.9546649456024170,0.0000000000000000,0.0000000000000000,0.0000000000000000,1.0000000000000000
M 0.0674444139003754,-0.0000000792993262,-0.9977229833602905,-2.3497133255004883,0.0000000882648550,1.0000000000000000,-0.0000000735137462,0.0000002060823050,0.9977229833602905,-0.0000000831057818,0.0674444139003754,1.9514201879501343,0.0000000000000000,0.0000000000000000,0.0000000000000000,1.0000000000000000
M 0.0388194099068642,-0.0000000768847173,-0.9992461800575256,-2.4136538505554199,0.0000000882648550,1.0000000000000000,-0.0000000735137462,0.0000002060823050,0.9992461800575256,-0.0000000853445670,0.0388194099068642,1.9467490911483765,0.0000000000000000,0.0000000000000000,0.0000000000000000,1.0000000000000000
M 0.0176404658704996,-0.0000000750593330,-0.9998443722724915,-2.4608125686645508,0.0000000882648550,1.0000000000000000,-0.0000000735137462,0.0000002060823050,0.9998443722724915,-0.0000000869543015,0.0176404658704996,1.9421197175979614,0.0000000000000000,0.0000000000000000,0.0000000000000000,1.0000000000000000
M 0.0045061712153256,-0.0000000739107335,-0.9999898672103882,-2.4899952411651611,0.0000000882648550,1.0000000000000000,-0.0000000735137462,0.0000002060823050,0.9999898672103882,-0.0000000879326976,0.0045061712153256,1.9387484788894653,0.0000000000000000,0.0000000000000000,0.0000000000000000,1.0000000000000000
M 0.0000004331257628,-0.0000000735137817,-1.0000000000000000,-2.4999952316284180,0.0000000882648550,1.0000000000000000,-0.0000000735137462,0.0000002060823050,1.0000000000000000,-0.0000000882648195,0.0000004331257628,1.9375038146972656,0.0000000000000000,0.0000000000000000,0.0000000000000000,1.0000000000000000
