O DOOR_6_TOGGLE_INTERIOR_LCG_IL_CG_door6_mvp_disel
A DOOR_6_TOGGLE_INTERIOR_LCG_IL_CG_door6_mvp_disel_DOOR_6_TOGGLE_INTERIOR_LCG_IL_CG_door6_mvp_disel
M 1.0000000000000000,0.0000000000000000,0.0000000000000000,-0.0000000275677081,0.0000000000000000,1.0000000000000000,-0.0000000437113883,0.0000000000000000,-0.0000000000000000,0.0000000437113883,1.0000000000000000,-0.0000000057106746,0.0000000000000000,0.0000000000000000,0.0000000000000000,1.0000000000000000
M 1.0000000000000000,0.0000000000000000,0.0000000000000000,-0.0000000275677081,0.0000000000000000,1.0000000000000000,-0.0000000437113883,0.0000000000000000,-0.0000000000000000,0.0000000437113883,1.0000000000000000,-0.0000000057106746,0.0000000000000000,0.0000000000000000,0.0000000000000000,1.0000000000000000
M 1.0000000000000000,0.0000000000000000,0.0000000000000000,-0.0000000275677081,0.0000000000000000,1.0000000000000000,-0.0000000437113883,0.0000000000000000,-0.0000000000000000,0.0000000437113883,1.0000000000000000,-0.0000000057106746,0.0000000000000000,0.0000000000000000,0.0000000000000000,1.0000000000000000
M 1.0000000000000000,0.0000000000000000,0.0000000000000000,-0.0000000275677081,0.0000000000000000,1.0000000000000000,-0.0000000437113883,0.0000000000000000,-0.0000000000000000,0.0000000437113883,1.0000000000000000,-0.0000000057106746,0.0000000000000000,0.0000000000000000,0.0000000000000000,1.0000000000000000
M 1.0000000000000000,0.0000000000000000,0.0000000000000000,-0.0000000275677081,0.0000000000000000,1.0000000000000000,-0.0000000437113883,0.0000000000000000,-0.0000000000000000,0.0000000437113883,1.0000000000000000,-0.0000000057106746,0.0000000000000000,0.0000000000000000,0.0000000000000000,1.0000000000000000
M 1.0000000000000000,0.0000000000000000,0.0000000000000000,-0.0000000275677081,0.0000000000000000,1.0000000000000000,-0.0000000437113883,0.0000000000000000,-0.0000000000000000,0.0000000437113883,1.0000000000000000,-0.0000000057106746,0.0000000000000000,0.0000000000000000,0.0000000000000000,1.0000000000000000
M 1.0000000000000000,0.0000000000000000,0.0000000000000000,-0.0000000275677081,0.0000000000000000,1.0000000000000000,-0.0000000437113883,0.0000000000000000,-0.0000000000000000,0.0000000437113883,1.0000000000000000,-0.0000000057106746,0.0000000000000000,0.0000000000000000,0.0000000000000000,1.0000000000000000
M 1.0000000000000000,0.0000000000000000,0.0000000000000000,-0.0000000275677081,0.0000000000000000,1.0000000000000000,-0.0000000437113883,0.0000000000000000,-0.0000000000000000,0.0000000437113883,1.0000000000000000,-0.0000000057106746,0.0000000000000000,0.0000000000000000,0.0000000000000000,1.0000000000000000
M 1.0000000000000000,0.0000000000000000,0.0000000000000000,-0.0000000275677081,0.0000000000000000,1.0000000000000000,-0.0000000437113883,0.0000000000000000,-0.0000000000000000,0.0000000437113883,1.0000000000000000,-0.0000000057106746,0.0000000000000000,0.0000000000000000,0.0000000000000000,1.0000000000000000
M 0.9999788403511047,-0.0000000002845079,-0.0065087815746665,-0.0018193310825154,0.0000000000000000,1.0000000000000000,-0.0000000437113883,0.0000000000000000,0.0065087815746665,0.0000000437104646,0.9999788403511047,-0.0034637569915503,0.0000000000000000,0.0000000000000000,0.0000000000000000,1.0000000000000000
M 0.9996753931045532,-0.0000000011136888,-0.0254782289266586,-0.0069932416081429,0.0000000000000000,1.0000000000000000,-0.0000000437113883,0.0000000000000000,0.0254782289266586,0.0000000436971987,0.9996753931045532,-0.0136266024783254,0.0000000000000000,0.0000000000000000,0.0000000000000000,1.0000000000000000
M 0.9984276294708252,-0.0000000024503146,-0.0560566633939743,-0.0149304419755936,0.0000000000000000,1.0000000000000000,-0.0000000437113883,0.0000000000000000,0.0560566633939743,0.0000000436426575,0.9984276294708252,-0.0302223525941372,0.0000000000000000,0.0000000000000000,0.0000000000000000,1.0000000000000000
M 0.9952512979507446,-0.0000000042548036,-0.0973385646939278,-0.0248534027487040,0.0000000000000000,1.0000000000000000,-0.0000000437113883,0.0000000000000000,0.0973385646939278,0.0000000435038174,0.9952512979507446,-0.0530466586351395,0.0000000000000000,0.0000000000000000,0.0000000000000000,1.0000000000000000
M 0.9889391660690308,-0.0000000064833356,-0.1483214348554611,-0.0358387753367424,0.0000000000000000,1.0000000000000000,-0.0000000437113883,0.0000000000000000,0.1483214348554611,0.0000000432279030,0.9889391660690308,-0.0819065794348717,0.0000000000000000,0.0000000000000000,0.0000000000000000,1.0000000000000000
M 0.9781582355499268,-0.0000000090859169,-0.2078615576028824,-0.0468568503856659,0.0000000000000000,1.0000000000000000,-0.0000000437113883,0.0000000000000000,0.2078615576028824,0.0000000427566533,0.9781582355499268,-0.1165693774819374,0.0000000000000000,0.0000000000000000,0.0000000000000000,1.0000000000000000
M 0.9615471363067627,-0.0000000120048913,-0.2746399044990540,-0.0568134039640427,0.0000000000000000,1.0000000000000000,-0.0000000437113883,0.0000000000000000,0.2746399044990540,0.0000000420305604,0.9615471363067627,-0.1567171514034271,0.0000000000000000,0.0000000000000000,0.0000000000000000,1.0000000000000000
M 0.9378132820129395,-0.0000000151739759,-0.3471401035785675,-0.0645951554179192,0.0000000000000000,1.0000000000000000,-0.0000000437113883,0.0000000000000000,0.3471401035785675,0.0000000409931218,0.9378132820129395,-0.2019079774618149,0.0000000000000000,0.0000000000000000,0.0000000000000000,1.0000000000000000
M 0.9058254361152649,-0.0000000185183833,-0.4236512184143066,-0.0691200792789459,0.0000000000000000,1.0000000000000000,-0.0000000437113883,0.0000000000000000,0.4236512184143066,0.0000000395948874,0.9058254361152649,-0.2515509724617004,0.0000000000000000,0.0000000000000000,0.0000000000000000,1.0000000000000000
M 0.8647014498710632,-0.0000000219556249,-0.5022861361503601,-0.0693887323141098,0.0000000000000000,1.0000000000000000,-0.0000000437113883,0.0000000000000000,0.5022861361503601,0.0000000377972995,0.8647014498710632,-0.3048917055130005,0.0000000000000000,0.0000000000000000,0.0000000000000000,1.0000000000000000
M 0.8138815760612488,-0.0000000253976626,-0.5810307860374451,-0.0645373016595840,0.0000000000000000,1.0000000000000000,-0.0000000437113883,0.0000000000000000,0.5810307860374451,0.0000000355758942,0.8138815760612488,-0.3610177338123322,0.0000000000000000,0.0000000000000000,0.0000000000000000,1.0000000000000000
M 0.7531867027282715,-0.0000000287536466,-0.6578067541122437,-0.0538861155509949,0.0000000000000000,1.0000000000000000,-0.0000000437113883,0.0000000000000000,0.6578067541122437,0.0000000329228378,0.7531867027282715,-0.4188751578330994,0.0000000000000000,0.0000000000000000,0.0000000000000000,1.0000000000000000
M 0.6828532814979553,-0.0000000319335989,-0.7305555939674377,-0.0369818061590195,0.0000000000000000,1.0000000000000000,-0.0000000437113883,0.0000000000000000,0.7305555939674377,0.0000000298484650,0.6828532814979553,-0.4773039817810059,0.0000000000000000,0.0000000000000000,0.0000000000000000,1.0000000000000000
M 0.6035423278808594,-0.0000000348524409,-0.7973309159278870,-0.0136281549930573,0.0000000000000000,1.0000000000000000,-0.0000000437113883,0.0000000000000000,0.7973309159278870,0.0000000263816737,0.6035423278808594,-0.5350843071937561,0.0000000000000000,0.0000000000000000,0.0000000000000000,1.0000000000000000
M 0.5163211822509766,-0.0000000374342157,-0.8563950061798096,0.0160965323448181,0.0000000000000000,1.0000000000000000,-0.0000000437113883,0.0000000000000000,0.8563950061798096,0.0000000225691164,0.5163211822509766,-0.5909926891326904,0.0000000000000000,0.0000000000000000,0.0000000000000000,1.0000000000000000
M 0.4226182401180267,-0.0000000396159692,-0.9063077569007874,0.0518384575843811,0.0000000000000000,1.0000000000000000,-0.0000000437113883,0.0000000000000000,0.9063077569007874,0.0000000184732301,0.4226182401180267,-0.6438624262809753,0.0000000000000000,0.0000000000000000,0.0000000000000000,1.0000000000000000
M 0.3241515159606934,-0.0000000413511998,-0.9460051655769348,0.0929841697216034,0.0000000000000000,1.0000000000000000,-0.0000000437113883,0.0000000000000000,0.9460051655769348,0.0000000141691130,0.3241515159606934,-0.6926450729370117,0.0000000000000000,0.0000000000000000,0.0000000000000000,1.0000000000000000
M 0.2228415161371231,-0.0000000426122497,-0.9748546481132507,0.1386913061141968,0.0000000000000000,1.0000000000000000,-0.0000000437113883,0.0000000000000000,0.9748546481132507,0.0000000097407122,0.2228415161371231,-0.7364644408226013,0.0000000000000000,0.0000000000000000,0.0000000000000000,1.0000000000000000
M 0.1207083985209465,-0.0000000433917720,-0.9926880002021790,0.1879339516162872,0.0000000000000000,1.0000000000000000,-0.0000000437113883,0.0000000000000000,0.9926880002021790,0.0000000052763318,0.1207083985209465,-0.7746629118919373,0.0000000000000000,0.0000000000000000,0.0000000000000000,1.0000000000000000
M 0.0197700057178736,-0.0000000437028440,-0.9998045563697815,0.2395559549331665,0.0000000000000000,1.0000000000000000,-0.0000000437113883,0.0000000000000000,0.9998045563697815,0.0000000008641744,0.0197700057178736,-0.8068321347236633,0.0000000000000000,0.0000000000000000,0.0000000000000000,1.0000000000000000
M -0.0780576020479202,-0.0000000435780194,-0.9969488978385925,0.2923300266265869,0.0000000000000000,1.0000000000000000,-0.0000000437113883,0.0000000000000000,0.9969488978385925,-0.0000000034120062,-0.0780576020479202,-0.8328287005424500,0.0000000000000000,0.0000000000000000,0.0000000000000000,1.0000000000000000
M -0.1710460484027863,-0.0000000430672173,-0.9852630496025085,0.3450167477130890,0.0000000000000000,1.0000000000000000,-0.0000000437113883,0.0000000000000000,0.9852630496025085,-0.0000000074766602,-0.1710460484027863,-0.8527733087539673,0.0000000000000000,0.0000000000000000,0.0000000000000000,1.0000000000000000
M -0.2577179670333862,-0.0000000422348272,-0.9662202000617981,0.3964169323444366,0.0000000000000000,1.0000000000000000,-0.0000000437113883,0.0000000000000000,0.9662202000617981,-0.0000000112652101,-0.2577179670333862,-0.8670328855514526,0.0000000000000000,0.0000000000000000,0.0000000000000000,1.0000000000000000
M -0.3368898928165436,-0.0000000411561984,-0.9415440559387207,0.4454171061515808,0.0000000000000000,1.0000000000000000,-0.0000000437113883,0.0000000000000000,0.9415440559387207,-0.0000000147259245,-0.3368898928165436,-0.8761904835700989,0.0000000000000000,0.0000000000000000,0.0000000000000000,1.0000000000000000
M -0.4076844751834869,-0.0000000399138678,-0.9131228923797607,0.4910200536251068,0.0000000000000000,1.0000000000000000,-0.0000000437113883,0.0000000000000000,0.9131228923797607,-0.0000000178204544,-0.4076844751834869,-0.8810024261474609,0.0000000000000000,0.0000000000000000,0.0000000000000000,1.0000000000000000
M -0.4695168435573578,-0.0000000385938108,-0.8829234838485718,0.5323619842529297,0.0000000000000000,1.0000000000000000,-0.0000000437113883,0.0000000000000000,0.8829234838485718,-0.0000000205232329,-0.4695168435573578,-0.8823491334915161,0.0000000000000000,0.0000000000000000,0.0000000000000000,1.0000000000000000
M -0.5220568776130676,-0.0000000372819073,-0.8529106378555298,0.5687148571014404,0.0000000000000000,1.0000000000000000,-0.0000000437113883,0.0000000000000000,0.8529106378555298,-0.0000000228198314,-0.5220568776130676,-0.8811814785003662,0.0000000000000000,0.0000000000000000,0.0000000000000000,1.0000000000000000
M -0.5651693940162659,-0.0000000360607970,-0.8249748945236206,0.5994752049446106,0.0000000000000000,1.0000000000000000,-0.0000000437113883,0.0000000000000000,0.8249748945236206,-0.0000000247043381,-0.5651693940162659,-0.8784658312797546,0.0000000000000000,0.0000000000000000,0.0000000000000000,1.0000000000000000
M -0.5988348126411438,-0.0000000350072504,-0.8008725643157959,0.6241387128829956,0.0000000000000000,1.0000000000000000,-0.0000000437113883,0.0000000000000000,0.8008725643157959,-0.0000000261759006,-0.5988348126411438,-0.8751297593116760,0.0000000000000000,0.0000000000000000,0.0000000000000000,1.0000000000000000
M -0.6230614781379700,-0.0000000341898598,-0.7821728587150574,0.6422683000564575,0.0000000000000000,1.0000000000000000,-0.0000000437113883,0.0000000000000000,0.7821728587150574,-0.0000000272348828,-0.6230614781379700,-0.8720091581344604,0.0000000000000000,0.0000000000000000,0.0000000000000000,1.0000000000000000
M -0.6377879977226257,-0.0000000336670354,-0.7702119946479797,0.6534557342529297,0.0000000000000000,1.0000000000000000,-0.0000000437113883,0.0000000000000000,0.7702119946479797,-0.0000000278785990,-0.6377879977226257,-0.8697967529296875,0.0000000000000000,0.0000000000000000,0.0000000000000000,1.0000000000000000
M -0.6427876353263855,-0.0000000334848629,-0.7660443782806396,0.6572839021682739,0.0000000000000000,1.0000000000000000,-0.0000000437113883,0.0000000000000000,0.7660443782806396,-0.0000000280971406,-0.6427876353263855,-0.8689888715744019,0.0000000000000000,0.0000000000000000,0.0000000000000000,1.0000000000000000
O DOOR_6_INTERIOR_LCG_IL
A DOOR_6_INTERIOR_LCG_IL_DOOR_6_INTERIOR_LCG_IL
M 1.0000000000000000,0.0000000000000000,0.0000000000000000,0.0000000072000148,0.0000000000000000,1.0000000000000000,-0.0000000437113883,0.0000000000000000,-0.0000000000000000,0.0000000437113883,1.0000000000000000,-0.0000000057107314,0.0000000000000000,0.0000000000000000,0.0000000000000000,1.0000000000000000
M 1.0000000000000000,0.0000000000000000,0.0000000000000000,0.0000000072000148,0.0000000000000000,1.0000000000000000,-0.0000000437113883,0.0000000000000000,-0.0000000000000000,0.0000000437113883,1.0000000000000000,-0.0000000057107314,0.0000000000000000,0.0000000000000000,0.0000000000000000,1.0000000000000000
M 1.0000000000000000,-0.0000000063000778,-0.0000000000609074,0.0000000227742714,0.0000000063000778,0.9998130798339844,0.0193347577005625,-0.0061848363839090,-0.0000000000609077,-0.0193347577005625,0.9998130798339844,0.0477970354259014,0.0000000000000000,0.0000000000000000,0.0000000000000000,1.0000000000000000
M 1.0000000000000000,-0.0000000225310561,-0.0000000007799191,0.0000000630916617,0.0000000225310561,0.9976064562797546,0.0691472738981247,-0.0178607013076544,-0.0000000007799201,-0.0691472738981247,0.9976064562797546,0.1715302318334579,0.0000000000000000,0.0000000000000000,0.0000000000000000,1.0000000000000000
M 1.0000000000000000,-0.0000000772785498,0.0000002331016731,0.0000001178518261,0.0000000446257999,0.9905771613121033,0.1369555592536926,-0.0238162949681282,-0.0000002414889195,-0.1369555592536926,0.9905771613121033,0.3413483798503876,0.0000000000000000,0.0000000000000000,0.0000000000000000,1.0000000000000000
M 1.0000000000000000,-0.0000001185516254,0.0000002258241238,0.0000002222464133,0.0000000684596273,0.9776796698570251,0.2101010531187057,-0.0171197876334190,-0.0000002456914672,-0.2101010531187057,0.9776796698570251,0.5263599157333374,0.0000000000000000,0.0000000000000000,0.0000000000000000,1.0000000000000000
M 1.0000000000000000,-0.0000001558622387,0.0000002164650255,0.0000003175742336,0.0000000900052726,0.9610932469367981,0.2762241661548615,0.0010978057980537,-0.0000002510959973,-0.2762241661548615,0.9610932469367981,0.6953029632568359,0.0000000000000000,0.0000000000000000,0.0000000000000000,1.0000000000000000
M 1.0000000000000000,-0.0000001827002052,0.0000002080218593,0.0000003867328360,0.0000001055033110,0.9461298584938049,0.3237873017787933,0.0216888412833214,-0.0000002559717132,-0.3237873017787933,0.9461298584938049,0.8178681731224060,0.0000000000000000,0.0000000000000000,0.0000000000000000,1.0000000000000000
M 1.0000000000000000,-0.0000000882648408,0.0000002425057346,0.0000001417415518,-0.0000000000000142,0.9396926164627075,0.3420200645923615,0.0313131064176559,-0.0000002580692069,-0.3420200645923615,0.9396926164627075,0.8650931119918823,0.0000000000000000,0.0000000000000000,0.0000000000000000,1.0000000000000000
M 0.9999788403511047,0.0022260455880314,-0.0061160116456449,-0.0074498914182186,-0.0000000000000142,0.9396926164627075,0.3420200645923615,0.0313131064176559,0.0065085235983133,-0.3420128226280212,0.9396727085113525,0.8616110682487488,0.0000000000000000,0.0000000000000000,0.0000000000000000,1.0000000000000000
M 0.9996753931045532,0.0087139764800668,-0.0239414609968662,-0.0290341321378946,-0.0000000000000142,0.9396926164627075,0.3420200645923615,0.0313131064176559,0.0254779700189829,-0.3419090509414673,0.9393875598907471,0.8511857390403748,0.0000000000000000,0.0000000000000000,0.0000000000000000,1.0000000000000000
M 0.9984276890754700,0.0191724151372910,-0.0526757910847664,-0.0634245127439499,-0.0000000000000142,0.9396926164627075,0.3420200645923615,0.0313131064176559,0.0560564063489437,-0.3414822816848755,0.9382151365280151,0.8335105180740356,0.0000000000000000,0.0000000000000000,0.0000000000000000,1.0000000000000000
M 0.9952512979507446,0.0332916527986526,-0.0914680957794189,-0.1090602129697800,-0.0000000000000142,0.9396926164627075,0.3420200645923615,0.0313131064176559,0.0973383113741875,-0.3403959274291992,0.9352303147315979,0.8079383969306946,0.0000000000000000,0.0000000000000000,0.0000000000000000,1.0000000000000000
M 0.9889391660690308,0.0507288165390491,-0.1393763124942780,-0.1641504466533661,-0.0000000000000142,0.9396926164627075,0.3420200645923615,0.0313131064176559,0.1483211815357208,-0.3382370471954346,0.9292988181114197,0.7736179232597351,0.0000000000000000,0.0000000000000000,0.0000000000000000,1.0000000000000000
M 0.9781582951545715,0.0710927322506905,-0.1953257322311401,-0.2266763448715210,-0.0000000000000142,0.9396926164627075,0.3420200645923615,0.0313131064176559,0.2078613042831421,-0.3345497846603394,0.9191681146621704,0.7296286821365356,0.0000000000000000,0.0000000000000000,0.0000000000000000,1.0000000000000000
M 0.9615472555160522,0.0939322710037231,-0.2580768764019012,-0.2944023609161377,-0.0000000000000142,0.9396926164627075,0.3420200645923615,0.0313131064176559,0.2746396660804749,-0.3288684487342834,0.9035587906837463,0.6751107573509216,0.0000000000000000,0.0000000000000000,0.0000000000000000,1.0000000000000000
M 0.9378133416175842,0.1187287941575050,-0.3262047469615936,-0.3649035692214966,-0.0000000000000142,0.9396926164627075,0.3420200645923615,0.0313131064176559,0.3471398651599884,-0.3207509815692902,0.8812562823295593,0.6093878746032715,0.0000000000000000,0.0000000000000000,0.0000000000000000,1.0000000000000000
M 0.9058255553245544,0.1448971331119537,-0.3981017172336578,-0.4356176555156708,-0.0000000000000142,0.9396926164627075,0.3420200645923615,0.0313131064176559,0.4236509799957275,-0.3098104894161224,0.8511976003646851,0.5320723652839661,0.0000000000000000,0.0000000000000000,0.0000000000000000,1.0000000000000000
M 0.8647015690803528,0.1717918664216995,-0.4719943702220917,-0.5039129257202148,-0.0000000000000142,0.9396926164627075,0.3420200645923615,0.0313131064176559,0.5022858977317810,-0.2957452833652496,0.8125537037849426,0.4431556165218353,0.0000000000000000,0.0000000000000000,0.0000000000000000,1.0000000000000000
M 0.8138817548751831,0.1987241059541702,-0.5459901094436646,-0.5671828985214233,-0.0000000000000142,0.9396926164627075,0.3420200645923615,0.0313131064176559,0.5810305476188660,-0.2783638834953308,0.7647987008094788,0.3430657684803009,0.0000000000000000,0.0000000000000000,0.0000000000000000,1.0000000000000000
M 0.7531868815422058,0.2249830365180969,-0.6181359887123108,-0.6229500770568848,-0.0000000000000142,0.9396926164627075,0.3420200645923615,0.0313131064176559,0.6578065752983093,-0.2576050162315369,0.7077640891075134,0.2327015846967697,0.0000000000000000,0.0000000000000000,0.0000000000000000,1.0000000000000000
M 0.6828534603118896,0.2395401746034622,-0.6901679039001465,-0.6422302126884460,-0.0000000046048996,0.9447166919708252,0.3278877735137939,0.0237678885459900,0.7305554747581482,-0.2238992899656296,0.6451030969619751,0.0884242951869965,0.0000000000000000,0.0000000000000000,0.0000000000000000,1.0000000000000000
M 0.6035425662994385,0.2314528524875641,-0.7629979252815247,-0.5968296527862549,-0.0000000168575625,0.9569403529167175,0.2902846038341522,0.0065170074813068,0.7973307371139526,-0.1751990765333176,0.5775542259216309,-0.0936278849840164,0.0000000000000000,0.0000000000000000,0.0000000000000000,1.0000000000000000
M 0.5163213610649109,0.2024184763431549,-0.8321291804313660,-0.4919657111167908,-0.0000000344280622,0.9716652631759644,0.2363611161708832,-0.0112987384200096,0.8563948869705200,-0.1220382750034332,0.5016915202140808,-0.2846815884113312,0.0000000000000000,0.0000000000000000,0.0000000000000000,1.0000000000000000
M 0.4226186573505402,0.1573785841464996,-0.8925387263298035,-0.3414233922958374,-0.0000000548625678,0.9848077893257141,0.1736480742692947,-0.0221863090991974,0.9063075184822083,-0.0733868777751923,0.4161981940269470,-0.4604815542697906,0.0000000000000000,0.0000000000000000,0.0000000000000000,1.0000000000000000
M 0.3241519629955292,0.1042706519365311,-0.9402410387992859,-0.1664157807826996,-0.0000000755293854,0.9939069747924805,0.1102220714092255,-0.0228471681475639,0.9460050463676453,-0.0357286296784878,0.3221769332885742,-0.6037611365318298,0.0000000000000000,0.0000000000000000,0.0000000000000000,1.0000000000000000
M 0.2228419929742813,0.0531436204910278,-0.9734048843383789,0.0069942846894264,-0.0000000936812512,0.9985129833221436,0.0545143857598305,-0.0150683242827654,0.9748545289039612,-0.0121480030938983,0.2225106209516525,-0.7063602209091187,0.0000000000000000,0.0000000000000000,0.0000000000000000,1.0000000000000000
M 0.1207088753581047,0.0148885911330581,-0.9925763010978699,0.1511389911174774,-0.0000001065572448,0.9998875260353088,0.0149982469156384,-0.0048779053613544,0.9926879405975342,-0.0018103156471625,0.1206953004002571,-0.7701891660690308,0.0000000000000000,0.0000000000000000,0.0000000000000000,1.0000000000000000
M 0.0197704825550318,-0.0000001309932287,-0.9998045563697815,0.2395559251308441,-0.0000001061731538,1.0000000000000000,-0.0000001331183341,0.0000000871384742,0.9998045563697815,0.0000001087842207,0.0197704825550318,-0.8068325519561768,0.0000000000000000,0.0000000000000000,0.0000000000000000,1.0000000000000000
M -0.0780571326613426,-0.0000001409997594,-0.9969489574432373,0.2923300266265869,-0.0000001061731538,1.0000000000000000,-0.0000001331183341,0.0000000871384742,0.9969489574432373,0.0000000954583825,-0.0780571326613426,-0.8328290581703186,0.0000000000000000,0.0000000000000000,0.0000000000000000,1.0000000000000000
M -0.1710455864667892,-0.0000001493170316,-0.9852631092071533,0.3450168073177338,-0.0000001061731538,1.0000000000000000,-0.0000001331183341,0.0000000871384742,0.9852631092071533,0.0000000818391896,-0.1710455864667892,-0.8527737259864807,0.0000000000000000,0.0000000000000000,0.0000000000000000,1.0000000000000000
M -0.2577175199985504,-0.0000001559843099,-0.9662203192710876,0.3964169919490814,-0.0000001061731538,1.0000000000000000,-0.0000001331183341,0.0000000871384742,0.9662203192710876,0.0000000682797321,-0.2577175199985504,-0.8670333027839661,0.0000000000000000,0.0000000000000000,0.0000000000000000,1.0000000000000000
M -0.3368894457817078,-0.0000001611054188,-0.9415442347526550,0.4454172253608704,-0.0000001061731538,1.0000000000000000,-0.0000001331183341,0.0000000871384742,0.9415442347526550,0.0000000551205588,-0.3368894457817078,-0.8761909008026123,0.0000000000000000,0.0000000000000000,0.0000000000000000,1.0000000000000000
M -0.4076840281486511,-0.0000001648385251,-0.9131230711936951,0.4910202026367188,-0.0000001061731538,1.0000000000000000,-0.0000001331183341,0.0000000871384742,0.9131230711936951,0.0000000426789413,-0.4076840281486511,-0.8810027837753296,0.0000000000000000,0.0000000000000000,0.0000000000000000,1.0000000000000000
M -0.4695164263248444,-0.0000001673833765,-0.8829236626625061,0.5323621630668640,-0.0000001061731538,1.0000000000000000,-0.0000001331183341,0.0000000871384742,0.8829236626625061,0.0000000312415480,-0.4695164263248444,-0.8823494911193848,0.0000000000000000,0.0000000000000000,0.0000000000000000,1.0000000000000000
M -0.5220565199851990,-0.0000001689664657,-0.8529108762741089,0.5687150955200195,-0.0000001061731538,1.0000000000000000,-0.0000001331183341,0.0000000871384742,0.8529108762741089,0.0000000210609485,-0.5220565199851990,-0.8811818361282349,0.0000000000000000,0.0000000000000000,0.0000000000000000,1.0000000000000000
M -0.5651690363883972,-0.0000001698250855,-0.8249751925468445,0.5994754433631897,-0.0000001061731538,1.0000000000000000,-0.0000001331183341,0.0000000871384742,0.8249751925468445,0.0000000123558586,-0.5651690363883972,-0.8784662485122681,0.0000000000000000,0.0000000000000000,0.0000000000000000,1.0000000000000000
M -0.5988343954086304,-0.0000001701910008,-0.8008728623390198,0.6241389513015747,-0.0000001061731538,1.0000000000000000,-0.0000001331183341,0.0000000871384742,0.8008728623390198,0.0000000053153570,-0.5988343954086304,-0.8751301765441895,0.0000000000000000,0.0000000000000000,0.0000000000000000,1.0000000000000000
M -0.6230610609054565,-0.0000001702739496,-0.7821731567382812,0.6422684788703918,-0.0000001061731538,1.0000000000000000,-0.0000001331183341,0.0000000871384742,0.7821731567382812,0.0000000001049347,-0.6230610609054565,-0.8720095157623291,0.0000000000000000,0.0000000000000000,0.0000000000000000,1.0000000000000000
M -0.6377876400947571,-0.0000001702453005,-0.7702123522758484,0.6534559726715088,-0.0000001061731538,1.0000000000000000,-0.0000001331183341,0.0000000871384742,0.7702123522758484,-0.0000000031253631,-0.6377876400947571,-0.8697971105575562,0.0000000000000000,0.0000000000000000,0.0000000000000000,1.0000000000000000
M -0.6427872776985168,-0.0000001702213552,-0.7660446763038635,0.6572841405868530,-0.0000001061731538,1.0000000000000000,-0.0000001331183341,0.0000000871384742,0.7660446763038635,-0.0000000042333905,-0.6427872776985168,-0.8689892292022705,0.0000000000000000,0.0000000000000000,0.0000000000000000,1.0000000000000000
