O Section_DOOR_12_TOGGLE_CG_DoorConn_CONNECTING_mvp_vl80c
A Section_DOOR_12_CG_DoorConn_CONNECTING_mvp_vl80c_Section_DOOR_12_CG_DoorConn_CONNECTING_mvp_vl80c
M 1.0000000000000000,0.0000000000000000,0.0000000000000000,0.0000000000000000,0.0000000000000000,1.0000000000000000,-0.0000000437113883,0.0000000259524420,-0.0000000000000000,0.0000000437113883,1.0000000000000000,-0.0000000145310111,0.0000000000000000,0.0000000000000000,0.0000000000000000,1.0000000000000000
M 1.0000000000000000,0.0000000000000000,0.0000000000000000,0.0000000000000000,0.0000000000000000,1.0000000000000000,-0.0000000437113883,0.0000000259524420,-0.0000000000000000,0.0000000437113883,1.0000000000000000,-0.0000000145310111,0.0000000000000000,0.0000000000000000,0.0000000000000000,1.0000000000000000
M 1.0000000000000000,0.0000000000000000,0.0000000000000000,0.0000000000000000,0.0000000000000000,1.0000000000000000,-0.0000000437113883,0.0000000259524420,-0.0000000000000000,0.0000000437113883,1.0000000000000000,-0.0000000145310111,0.0000000000000000,0.0000000000000000,0.0000000000000000,1.0000000000000000
M 1.0000000000000000,0.0000000000000000,0.0000000000000000,0.0000000000000000,0.0000000000000000,1.0000000000000000,-0.0000000437113883,0.0000000259524420,-0.0000000000000000,0.0000000437113883,1.0000000000000000,-0.0000000145310111,0.0000000000000000,0.0000000000000000,0.0000000000000000,1.0000000000000000
M 1.0000000000000000,0.0000000000000000,0.0000000000000000,0.0000000000000000,0.0000000000000000,1.0000000000000000,-0.0000000437113883,0.0000000259524420,-0.0000000000000000,0.0000000437113883,1.0000000000000000,-0.0000000145310111,0.0000000000000000,0.0000000000000000,0.0000000000000000,1.0000000000000000
M 1.0000000000000000,0.0000000000000000,0.0000000000000000,0.0000000000000000,0.0000000000000000,1.0000000000000000,-0.0000000437113883,0.0000000259524420,-0.0000000000000000,0.0000000437113883,1.0000000000000000,-0.0000000145310111,0.0000000000000000,0.0000000000000000,0.0000000000000000,1.0000000000000000
M 1.0000000000000000,0.0000000000000000,0.0000000000000000,0.0000000000000000,0.0000000000000000,1.0000000000000000,-0.0000000437113883,0.0000000259524420,-0.0000000000000000,0.0000000437113883,1.0000000000000000,-0.0000000145310111,0.0000000000000000,0.0000000000000000,0.0000000000000000,1.0000000000000000
M 1.0000000000000000,0.0000000000000000,0.0000000000000000,0.0000000000000000,0.0000000000000000,1.0000000000000000,-0.0000000437113883,0.0000000259524420,-0.0000000000000000,0.0000000437113883,1.0000000000000000,-0.0000000145310111,0.0000000000000000,0.0000000000000000,0.0000000000000000,1.0000000000000000
M 1.0000000000000000,0.0000000000000000,0.0000000000000000,0.0000000000000000,0.0000000000000000,1.0000000000000000,-0.0000000437113883,0.0000000259524420,-0.0000000000000000,0.0000000437113883,1.0000000000000000,-0.0000000145310111,0.0000000000000000,0.0000000000000000,0.0000000000000000,1.0000000000000000
M 1.0000000000000000,0.0000000000000000,0.0000000000000000,0.0000000000000000,0.0000000000000000,1.0000000000000000,-0.0000000437113883,0.0000000259524420,-0.0000000000000000,0.0000000437113883,1.0000000000000000,-0.0000000145310111,0.0000000000000000,0.0000000000000000,0.0000000000000000,1.0000000000000000
M 1.0000000000000000,0.0000000000000000,0.0000000000000000,0.0000000000000000,0.0000000000000000,1.0000000000000000,-0.0000000437113883,0.0000000259524420,-0.0000000000000000,0.0000000437113883,1.0000000000000000,-0.0000000145310111,0.0000000000000000,0.0000000000000000,0.0000000000000000,1.0000000000000000
M 1.0000000000000000,0.0000000000000000,0.0000000000000000,0.0000000000000000,0.0000000000000000,1.0000000000000000,-0.0000000437113883,0.0000000259524420,-0.0000000000000000,0.0000000437113883,1.0000000000000000,-0.0000000145310111,0.0000000000000000,0.0000000000000000,0.0000000000000000,1.0000000000000000
M 1.0000000000000000,0.0000000000000000,0.0000000000000000,0.0000000000000000,0.0000000000000000,1.0000000000000000,-0.0000000437113883,0.0000000259524420,-0.0000000000000000,0.0000000437113883,1.0000000000000000,-0.0000000145310111,0.0000000000000000,0.0000000000000000,0.0000000000000000,1.0000000000000000
M 1.0000000000000000,0.0000000000000000,0.0000000000000000,0.0000000000000000,0.0000000000000000,1.0000000000000000,-0.0000000437113883,0.0000000259524420,-0.0000000000000000,0.0000000437113883,1.0000000000000000,-0.0000000145310111,0.0000000000000000,0.0000000000000000,0.0000000000000000,1.0000000000000000
M 1.0000000000000000,0.0000000000000000,0.0000000000000000,0.0000000000000000,0.0000000000000000,1.0000000000000000,-0.0000000437113883,0.0000000259524420,-0.0000000000000000,0.0000000437113883,1.0000000000000000,-0.0000000145310111,0.0000000000000000,0.0000000000000000,0.0000000000000000,1.0000000000000000
M 1.0000000000000000,0.0000000000000000,0.0000000000000000,0.0000000000000000,0.0000000000000000,1.0000000000000000,-0.0000000437113883,0.0000000259524420,-0.0000000000000000,0.0000000437113883,1.0000000000000000,-0.0000000145310111,0.0000000000000000,0.0000000000000000,0.0000000000000000,1.0000000000000000
M 1.0000000000000000,0.0000000000000000,0.0000000000000000,0.0000000000000000,0.0000000000000000,1.0000000000000000,-0.0000000437113883,0.0000000259524420,-0.0000000000000000,0.0000000437113883,1.0000000000000000,-0.0000000145310111,0.0000000000000000,0.0000000000000000,0.0000000000000000,1.0000000000000000
M 1.0000000000000000,0.0000000000000000,0.0000000000000000,0.0000000000000000,0.0000000000000000,1.0000000000000000,-0.0000000437113883,0.0000000259524420,-0.0000000000000000,0.0000000437113883,1.0000000000000000,-0.0000000145310111,0.0000000000000000,0.0000000000000000,0.0000000000000000,1.0000000000000000
M 1.0000000000000000,0.0000000000000000,0.0000000000000000,0.0000000000000000,0.0000000000000000,1.0000000000000000,-0.0000000437113883,0.0000000259524420,-0.0000000000000000,0.0000000437113883,1.0000000000000000,-0.0000000145310111,0.0000000000000000,0.0000000000000000,0.0000000000000000,1.0000000000000000
M 1.0000000000000000,0.0000000000000000,0.0000000000000000,0.0000000000000000,0.0000000000000000,1.0000000000000000,-0.0000000437113883,0.0000000259524420,-0.0000000000000000,0.0000000437113883,1.0000000000000000,-0.0000000145310111,0.0000000000000000,0.0000000000000000,0.0000000000000000,1.0000000000000000
M 1.0000000000000000,0.0000000000000000,0.0000000000000000,0.0000000000000000,0.0000000000000000,1.0000000000000000,-0.0000000437113883,0.0000000259524420,-0.0000000000000000,0.0000000437113883,1.0000000000000000,-0.0000000145310111,0.0000000000000000,0.0000000000000000,0.0000000000000000,1.0000000000000000
M 0.9999953508377075,-0.0000000001336279,-0.0030570491217077,-0.0010160534875467,0.0000000000000000,1.0000000000000000,-0.0000000437113883,0.0000000259524420,0.0030570491217077,0.0000000437111929,0.9999953508377075,-0.0227384269237518,0.0000000000000000,0.0000000000000000,0.0000000000000000,1.0000000000000000
M 0.9999277591705322,-0.0000000005254401,-0.0120206670835614,-0.0035947167780250,0.0000000000000000,1.0000000000000000,-0.0000000437113883,0.0000000259524420,0.0120206670835614,0.0000000437082299,0.9999277591705322,-0.0894285514950752,0.0000000000000000,0.0000000000000000,0.0000000000000000,1.0000000000000000
M 0.9996467232704163,-0.0000000011617478,-0.0265776906162500,-0.0065087256953120,0.0000000000000000,1.0000000000000000,-0.0000000437113883,0.0000000259524420,0.0265776906162500,0.0000000436959446,0.9996467232704163,-0.1977930366992950,0.0000000000000000,0.0000000000000000,0.0000000000000000,1.0000000000000000
M 0.9989225268363953,-0.0000000020286059,-0.0464090891182423,-0.0079394290223718,0.0000000000000000,1.0000000000000000,-0.0000000437113883,0.0000000259524420,0.0464090891182423,0.0000000436642900,0.9989225268363953,-0.3455379903316498,0.0000000000000000,0.0000000000000000,0.0000000000000000,1.0000000000000000
M 0.9974631667137146,-0.0000000031115801,-0.0711846426129341,-0.0056022745557129,0.0000000000000000,1.0000000000000000,-0.0000000437113883,0.0000000259524420,0.0711846426129341,0.0000000436005010,0.9974631667137146,-0.5303078293800354,0.0000000000000000,0.0000000000000000,0.0000000000000000,1.0000000000000000
M 0.9949312806129456,-0.0000000043954889,-0.1005570665001869,0.0031321882270277,0.0000000000000000,1.0000000000000000,-0.0000000437113883,0.0000000259524420,0.1005570665001869,0.0000000434898269,0.9949312806129456,-0.7496355175971985,0.0000000000000000,0.0000000000000000,0.0000000000000000,1.0000000000000000
M 0.9909601807594299,-0.0000000058641660,-0.1341564655303955,0.0211171917617321,0.0000000000000000,1.0000000000000000,-0.0000000437113883,0.0000000259524420,0.1341564655303955,0.0000000433162448,0.9909601807594299,-1.0008962154388428,0.0000000000000000,0.0000000000000000,0.0000000000000000,1.0000000000000000
M 0.9851692914962769,-0.0000000075002289,-0.1715852320194244,0.0513208694756031,0.0000000000000000,1.0000000000000000,-0.0000000437113883,0.0000000259524420,0.1715852320194244,0.0000000430631175,0.9851692914962769,-1.2812632322311401,0.0000000000000000,0.0000000000000000,0.0000000000000000,1.0000000000000000
M 0.9771795868873596,-0.0000000092849506,-0.2124148607254028,0.0967091023921967,0.0000000000000000,1.0000000000000000,-0.0000000437113883,0.0000000259524420,0.2124148607254028,0.0000000427138751,0.9771795868873596,-1.5876801013946533,0.0000000000000000,0.0000000000000000,0.0000000000000000,1.0000000000000000
M 0.9666280746459961,-0.0000000111981553,-0.2561839222908020,0.1601403653621674,0.0000000000000000,1.0000000000000000,-0.0000000437113883,0.0000000259524420,0.2561839222908020,0.0000000422526547,0.9666280746459961,-1.9168395996093750,0.0000000000000000,0.0000000000000000,0.0000000000000000,1.0000000000000000
M 0.9531816244125366,-0.0000000132182567,-0.3023984730243683,0.2442620992660522,0.0000000000000000,1.0000000000000000,-0.0000000437113883,0.0000000259524420,0.3023984730243683,0.0000000416649009,0.9531816244125366,-2.2651824951171875,0.0000000000000000,0.0000000000000000,0.0000000000000000,1.0000000000000000
M 0.9365499019622803,-0.0000000153223425,-0.3505343198776245,0.3514136075973511,0.0000000000000000,1.0000000000000000,-0.0000000437113883,0.0000000259524420,0.3505343198776245,0.0000000409378949,0.9365499019622803,-2.6289100646972656,0.0000000000000000,0.0000000000000000,0.0000000000000000,1.0000000000000000
M 0.9164969325065613,-0.0000000174863750,-0.4000416398048401,0.4835396111011505,0.0000000000000000,1.0000000000000000,-0.0000000437113883,0.0000000259524420,0.4000416398048401,0.0000000400613516,0.9164969325065613,-3.0040137767791748,0.0000000000000000,0.0000000000000000,0.0000000000000000,1.0000000000000000
M 0.8928512930870056,-0.0000000196854959,-0.4503516554832458,0.6421096920967102,0.0000000000000000,1.0000000000000000,-0.0000000437113883,0.0000000259524420,0.4503516554832458,0.0000000390277783,0.8928512930870056,-3.3863227367401123,0.0000000000000000,0.0000000000000000,0.0000000000000000,1.0000000000000000
M 0.8655136227607727,-0.0000000218943974,-0.5008854269981384,0.8280625343322754,0.0000000000000000,1.0000000000000000,-0.0000000437113883,0.0000000259524420,0.5008854269981384,0.0000000378328018,0.8655136227607727,-3.7715651988983154,0.0000000000000000,0.0000000000000000,0.0000000000000000,1.0000000000000000
M 0.8344633579254150,-0.0000000240877505,-0.5510634779930115,1.0417503118515015,0.0000000000000000,1.0000000000000000,-0.0000000437113883,0.0000000259524420,0.5510634779930115,0.0000000364755515,0.8344633579254150,-4.1554379463195801,0.0000000000000000,0.0000000000000000,0.0000000000000000,1.0000000000000000
M 0.7997615933418274,-0.0000000262407269,-0.6003177762031555,1.2829134464263916,0.0000000000000000,1.0000000000000000,-0.0000000437113883,0.0000000259524420,0.6003177762031555,0.0000000349586884,0.7997615933418274,-4.5336952209472656,0.0000000000000000,0.0000000000000000,0.0000000000000000,1.0000000000000000
M 0.7615524530410767,-0.0000000283294987,-0.6481032967567444,1.5506677627563477,0.0000000000000000,1.0000000000000000,-0.0000000437113883,0.0000000259524420,0.6481032967567444,0.0000000332885151,0.7615524530410767,-4.9022345542907715,0.0000000000000000,0.0000000000000000,0.0000000000000000,1.0000000000000000
M 0.7200611829757690,-0.0000000303317975,-0.6939105987548828,1.8435128927230835,0.0000000000000000,1.0000000000000000,-0.0000000437113883,0.0000000259524420,0.6939105987548828,0.0000000314748760,0.7200611829757690,-5.2571892738342285,0.0000000000000000,0.0000000000000000,0.0000000000000000,1.0000000000000000
M 0.6755902171134949,-0.0000000322274154,-0.7372773289680481,2.1593582630157471,0.0000000000000000,1.0000000000000000,-0.0000000437113883,0.0000000259524420,0.7372773289680481,0.0000000295309857,0.6755902171134949,-5.5950160026550293,0.0000000000000000,0.0000000000000000,0.0000000000000000,1.0000000000000000
M 0.6285126805305481,-0.0000000339986883,-0.7777993083000183,2.4955680370330811,0.0000000000000000,1.0000000000000000,-0.0000000437113883,0.0000000259524420,0.7777993083000183,0.0000000274731615,0.6285126805305481,-5.9125814437866211,0.0000000000000000,0.0000000000000000,0.0000000000000000,1.0000000000000000
M 0.5792633891105652,-0.0000000356309187,-0.8151404261589050,2.8490235805511475,0.0000000000000000,1.0000000000000000,-0.0000000437113883,0.0000000259524420,0.8151404261589050,0.0000000253204071,0.5792633891105652,-6.2072353363037109,0.0000000000000000,0.0000000000000000,0.0000000000000000,1.0000000000000000
M 0.5283295512199402,-0.0000000371126916,-0.8490393757820129,3.2161912918090820,0.0000000000000000,1.0000000000000000,-0.0000000437113883,0.0000000259524420,0.8490393757820129,0.0000000230940209,0.5283295512199402,-6.4768671989440918,0.0000000000000000,0.0000000000000000,0.0000000000000000,1.0000000000000000
M 0.4762381613254547,-0.0000000384361449,-0.8793163299560547,3.5932130813598633,0.0000000000000000,1.0000000000000000,-0.0000000437113883,0.0000000259524420,0.8793163299560547,0.0000000208170352,0.4762381613254547,-6.7199587821960449,0.0000000000000000,0.0000000000000000,0.0000000000000000,1.0000000000000000
M 0.4235449135303497,-0.0000000395970581,-0.9058750867843628,3.9759895801544189,0.0000000000000000,1.0000000000000000,-0.0000000437113883,0.0000000259524420,0.9058750867843628,0.0000000185137399,0.4235449135303497,-6.9356026649475098,0.0000000000000000,0.0000000000000000,0.0000000000000000,1.0000000000000000
M 0.3708207905292511,-0.0000000405949621,-0.9287044405937195,4.3602776527404785,0.0000000000000000,1.0000000000000000,-0.0000000437113883,0.0000000259524420,0.9287044405937195,0.0000000162090927,0.3708207905292511,-7.1235203742980957,0.0000000000000000,0.0000000000000000,0.0000000000000000,1.0000000000000000
M 0.3186413943767548,-0.0000000414329477,-0.9478753209114075,4.7417716979980469,0.0000000000000000,1.0000000000000000,-0.0000000437113883,0.0000000259524420,0.9478753209114075,0.0000000139282577,0.3186413943767548,-7.2840404510498047,0.0000000000000000,0.0000000000000000,0.0000000000000000,1.0000000000000000
M 0.2675747871398926,-0.0000000421175521,-0.9635370969772339,5.1161961555480957,0.0000000000000000,1.0000000000000000,-0.0000000437113883,0.0000000259524420,0.9635370969772339,0.0000000116960654,0.2675747871398926,-7.4180784225463867,0.0000000000000000,0.0000000000000000,0.0000000000000000,1.0000000000000000
M 0.2181724905967712,-0.0000000426583924,-0.9759102463722229,5.4793725013732910,0.0000000000000000,1.0000000000000000,-0.0000000437113883,0.0000000259524420,0.9759102463722229,0.0000000095366239,0.2181724905967712,-7.5270857810974121,0.0000000000000000,0.0000000000000000,0.0000000000000000,1.0000000000000000
M 0.1709617376327515,-0.0000000430678533,-0.9852776527404785,5.8272824287414551,0.0000000000000000,1.0000000000000000,-0.0000000437113883,0.0000000259524420,0.9852776527404785,0.0000000074729751,0.1709617376327515,-7.6129851341247559,0.0000000000000000,0.0000000000000000,0.0000000000000000,1.0000000000000000
M 0.1264396905899048,-0.0000000433605720,-0.9919742941856384,6.1561131477355957,0.0000000000000000,1.0000000000000000,-0.0000000437113883,0.0000000259524420,0.9919742941856384,0.0000000055268545,0.1264396905899048,-7.6780958175659180,0.0000000000000000,0.0000000000000000,0.0000000000000000,1.0000000000000000
M 0.0850689560174942,-0.0000000435529444,-0.9963750839233398,6.4622950553894043,0.0000000000000000,1.0000000000000000,-0.0000000437113883,0.0000000259524420,0.9963750839233398,0.0000000037184826,0.0850689560174942,-7.7250475883483887,0.0000000000000000,0.0000000000000000,0.0000000000000000,1.0000000000000000
M 0.0472780168056488,-0.0000000436625101,-0.9988817572593689,6.7425036430358887,0.0000000000000000,1.0000000000000000,-0.0000000437113883,0.0000000259524420,0.9988817572593689,0.0000000020665880,0.0472780168056488,-7.7566819190979004,0.0000000000000000,0.0000000000000000,0.0000000000000000,1.0000000000000000
M 0.0134603055194020,-0.0000000437074270,-0.9999094009399414,6.9936695098876953,0.0000000000000000,1.0000000000000000,-0.0000000437113883,0.0000000259524420,0.9999094009399414,0.0000000005883686,0.0134603055194020,-7.7759499549865723,0.0000000000000000,0.0000000000000000,0.0000000000000000,1.0000000000000000
M -0.0160209666937590,-0.0000000437057786,-0.9998716711997986,7.2129492759704590,0.0000000000000000,1.0000000000000000,-0.0000000437113883,0.0000000259524420,0.9998716711997986,-0.0000000007002987,-0.0160209666937590,-7.7858033180236816,0.0000000000000000,0.0000000000000000,0.0000000000000000,1.0000000000000000
M -0.0408294349908829,-0.0000000436749374,-0.9991661310195923,7.3977050781250000,0.0000000000000000,1.0000000000000000,-0.0000000437113883,0.0000000259524420,0.9991661310195923,-0.0000000017847113,-0.0408294349908829,-7.7890839576721191,0.0000000000000000,0.0000000000000000,0.0000000000000000,1.0000000000000000
M -0.0606485567986965,-0.0000000436309229,-0.9981591701507568,7.5454559326171875,0.0000000000000000,1.0000000000000000,-0.0000000437113883,0.0000000259524420,0.9981591701507568,-0.0000000026510325,-0.0606485567986965,-7.7884078025817871,0.0000000000000000,0.0000000000000000,0.0000000000000000,1.0000000000000000
M -0.0751745551824570,-0.0000000435877006,-0.9971703886985779,7.6538329124450684,0.0000000000000000,1.0000000000000000,-0.0000000437113883,0.0000000259524420,0.9971703886985779,-0.0000000032859837,-0.0751745551824570,-7.7860469818115234,0.0000000000000000,0.0000000000000000,0.0000000000000000,1.0000000000000000
M -0.0841101184487343,-0.0000000435564935,-0.9964564442634583,7.7205362319946289,0.0000000000000000,1.0000000000000000,-0.0000000437113883,0.0000000259524420,0.9964564442634583,-0.0000000036765704,-0.0841101184487343,-7.7838082313537598,0.0000000000000000,0.0000000000000000,0.0000000000000000,1.0000000000000000
M -0.0871557667851448,-0.0000000435450538,-0.9961947202682495,7.7432785034179688,0.0000000000000000,1.0000000000000000,-0.0000000437113883,0.0000000259524420,0.9961947202682495,-0.0000000038096997,-0.0871557667851448,-7.7829089164733887,0.0000000000000000,0.0000000000000000,0.0000000000000000,1.0000000000000000
M -0.0871557667851448,-0.0000000435450538,-0.9961947202682495,7.7432785034179688,0.0000000000000000,1.0000000000000000,-0.0000000437113883,0.0000000259524420,0.9961947202682495,-0.0000000038096997,-0.0871557667851448,-7.7829089164733887,0.0000000000000000,0.0000000000000000,0.0000000000000000,1.0000000000000000
M -0.0871557667851448,-0.0000000435450538,-0.9961947202682495,7.7432785034179688,0.0000000000000000,1.0000000000000000,-0.0000000437113883,0.0000000259524420,0.9961947202682495,-0.0000000038096997,-0.0871557667851448,-7.7829089164733887,0.0000000000000000,0.0000000000000000,0.0000000000000000,1.0000000000000000
M -0.0871557667851448,-0.0000000435450538,-0.9961947202682495,7.7432785034179688,0.0000000000000000,1.0000000000000000,-0.0000000437113883,0.0000000259524420,0.9961947202682495,-0.0000000038096997,-0.0871557667851448,-7.7829089164733887,0.0000000000000000,0.0000000000000000,0.0000000000000000,1.0000000000000000
M -0.0871557667851448,-0.0000000435450538,-0.9961947202682495,7.7432785034179688,0.0000000000000000,1.0000000000000000,-0.0000000437113883,0.0000000259524420,0.9961947202682495,-0.0000000038096997,-0.0871557667851448,-7.7829089164733887,0.0000000000000000,0.0000000000000000,0.0000000000000000,1.0000000000000000
M -0.0871557667851448,-0.0000000435450538,-0.9961947202682495,7.7432785034179688,0.0000000000000000,1.0000000000000000,-0.0000000437113883,0.0000000259524420,0.9961947202682495,-0.0000000038096997,-0.0871557667851448,-7.7829089164733887,0.0000000000000000,0.0000000000000000,0.0000000000000000,1.0000000000000000
M -0.0871557667851448,-0.0000000435450538,-0.9961947202682495,7.7432785034179688,0.0000000000000000,1.0000000000000000,-0.0000000437113883,0.0000000259524420,0.9961947202682495,-0.0000000038096997,-0.0871557667851448,-7.7829089164733887,0.0000000000000000,0.0000000000000000,0.0000000000000000,1.0000000000000000
M -0.0871557667851448,-0.0000000435450538,-0.9961947202682495,7.7432785034179688,0.0000000000000000,1.0000000000000000,-0.0000000437113883,0.0000000259524420,0.9961947202682495,-0.0000000038096997,-0.0871557667851448,-7.7829089164733887,0.0000000000000000,0.0000000000000000,0.0000000000000000,1.0000000000000000
M -0.0871557667851448,-0.0000000435450538,-0.9961947202682495,7.7432785034179688,0.0000000000000000,1.0000000000000000,-0.0000000437113883,0.0000000259524420,0.9961947202682495,-0.0000000038096997,-0.0871557667851448,-7.7829089164733887,0.0000000000000000,0.0000000000000000,0.0000000000000000,1.0000000000000000
M -0.0871557667851448,-0.0000000435450538,-0.9961947202682495,7.7432785034179688,0.0000000000000000,1.0000000000000000,-0.0000000437113883,0.0000000259524420,0.9961947202682495,-0.0000000038096997,-0.0871557667851448,-7.7829089164733887,0.0000000000000000,0.0000000000000000,0.0000000000000000,1.0000000000000000
M -0.0871557667851448,-0.0000000435450538,-0.9961947202682495,7.7432785034179688,0.0000000000000000,1.0000000000000000,-0.0000000437113883,0.0000000259524420,0.9961947202682495,-0.0000000038096997,-0.0871557667851448,-7.7829089164733887,0.0000000000000000,0.0000000000000000,0.0000000000000000,1.0000000000000000
M -0.0871557667851448,-0.0000000435450538,-0.9961947202682495,7.7432785034179688,0.0000000000000000,1.0000000000000000,-0.0000000437113883,0.0000000259524420,0.9961947202682495,-0.0000000038096997,-0.0871557667851448,-7.7829089164733887,0.0000000000000000,0.0000000000000000,0.0000000000000000,1.0000000000000000
M -0.0871557667851448,-0.0000000435450538,-0.9961947202682495,7.7432785034179688,0.0000000000000000,1.0000000000000000,-0.0000000437113883,0.0000000259524420,0.9961947202682495,-0.0000000038096997,-0.0871557667851448,-7.7829089164733887,0.0000000000000000,0.0000000000000000,0.0000000000000000,1.0000000000000000
M -0.0871557667851448,-0.0000000435450538,-0.9961947202682495,7.7432785034179688,0.0000000000000000,1.0000000000000000,-0.0000000437113883,0.0000000259524420,0.9961947202682495,-0.0000000038096997,-0.0871557667851448,-7.7829089164733887,0.0000000000000000,0.0000000000000000,0.0000000000000000,1.0000000000000000
M -0.0871557667851448,-0.0000000435450538,-0.9961947202682495,7.7432785034179688,0.0000000000000000,1.0000000000000000,-0.0000000437113883,0.0000000259524420,0.9961947202682495,-0.0000000038096997,-0.0871557667851448,-7.7829089164733887,0.0000000000000000,0.0000000000000000,0.0000000000000000,1.0000000000000000
M -0.0871557667851448,-0.0000000435450538,-0.9961947202682495,7.7432785034179688,0.0000000000000000,1.0000000000000000,-0.0000000437113883,0.0000000259524420,0.9961947202682495,-0.0000000038096997,-0.0871557667851448,-7.7829089164733887,0.0000000000000000,0.0000000000000000,0.0000000000000000,1.0000000000000000
M -0.0871557667851448,-0.0000000435450538,-0.9961947202682495,7.7432785034179688,0.0000000000000000,1.0000000000000000,-0.0000000437113883,0.0000000259524420,0.9961947202682495,-0.0000000038096997,-0.0871557667851448,-7.7829089164733887,0.0000000000000000,0.0000000000000000,0.0000000000000000,1.0000000000000000
M -0.0871557667851448,-0.0000000435450538,-0.9961947202682495,7.7432785034179688,0.0000000000000000,1.0000000000000000,-0.0000000437113883,0.0000000259524420,0.9961947202682495,-0.0000000038096997,-0.0871557667851448,-7.7829089164733887,0.0000000000000000,0.0000000000000000,0.0000000000000000,1.0000000000000000
M -0.0871557667851448,-0.0000000435450538,-0.9961947202682495,7.7432785034179688,0.0000000000000000,1.0000000000000000,-0.0000000437113883,0.0000000259524420,0.9961947202682495,-0.0000000038096997,-0.0871557667851448,-7.7829089164733887,0.0000000000000000,0.0000000000000000,0.0000000000000000,1.0000000000000000
M -0.0871557667851448,-0.0000000435450538,-0.9961947202682495,7.7432785034179688,0.0000000000000000,1.0000000000000000,-0.0000000437113883,0.0000000259524420,0.9961947202682495,-0.0000000038096997,-0.0871557667851448,-7.7829089164733887,0.0000000000000000,0.0000000000000000,0.0000000000000000,1.0000000000000000
M -0.0871557667851448,-0.0000000435450538,-0.9961947202682495,7.7432785034179688,0.0000000000000000,1.0000000000000000,-0.0000000437113883,0.0000000259524420,0.9961947202682495,-0.0000000038096997,-0.0871557667851448,-7.7829089164733887,0.0000000000000000,0.0000000000000000,0.0000000000000000,1.0000000000000000
O Section_DOOR_12_INTERIOR_LCG_EIL_mvp_vl80c
A Section_DOOR_12_INTERIOR_LCG_EIL_mvp_vl80c_Section_DOOR_12_INTERIOR_LCG_EIL_mvp_vl80c
M 1.0000000000000000,0.0000000000000000,0.0000000000000000,0.0000000000000000,0.0000000000000000,1.0000000000000000,-0.0000000437113883,0.0000000259524420,-0.0000000000000000,0.0000000437113883,1.0000000000000000,-0.0000000145310111,0.0000000000000000,0.0000000000000000,0.0000000000000000,1.0000000000000000
M 1.0000000000000000,0.0000000000000000,0.0000000000000000,0.0000000000000000,0.0000000000000000,1.0000000000000000,-0.0000000437113883,0.0000000259524420,-0.0000000000000000,0.0000000437113883,1.0000000000000000,-0.0000000145310111,0.0000000000000000,0.0000000000000000,0.0000000000000000,1.0000000000000000
M 1.0000000000000000,0.0000000000000000,0.0000000000000000,0.0000000000000000,0.0000000000000000,1.0000000000000000,-0.0000000437113883,0.0000000259524420,-0.0000000000000000,0.0000000437113883,1.0000000000000000,-0.0000000145310111,0.0000000000000000,0.0000000000000000,0.0000000000000000,1.0000000000000000
M 1.0000000000000000,0.0000000000000000,0.0000000000000000,0.0000000000000000,0.0000000000000000,1.0000000000000000,-0.0000000437113883,0.0000000259524420,-0.0000000000000000,0.0000000437113883,1.0000000000000000,-0.0000000145310111,0.0000000000000000,0.0000000000000000,0.0000000000000000,1.0000000000000000
M 1.0000000000000000,0.0000000000000000,0.0000000000000000,0.0000000000000000,0.0000000000000000,1.0000000000000000,-0.0000000437113883,0.0000000259524420,-0.0000000000000000,0.0000000437113883,1.0000000000000000,-0.0000000145310111,0.0000000000000000,0.0000000000000000,0.0000000000000000,1.0000000000000000
M 1.0000000000000000,0.0000000000000000,0.0000000000000000,0.0000000000000000,0.0000000000000000,1.0000000000000000,-0.0000000437113883,0.0000000259524420,-0.0000000000000000,0.0000000437113883,1.0000000000000000,-0.0000000145310111,0.0000000000000000,0.0000000000000000,0.0000000000000000,1.0000000000000000
M 1.0000000000000000,0.0000000000000000,0.0000000000000000,0.0000000000000000,0.0000000000000000,1.0000000000000000,-0.0000000437113883,0.0000000259524420,-0.0000000000000000,0.0000000437113883,1.0000000000000000,-0.0000000145310111,0.0000000000000000,0.0000000000000000,0.0000000000000000,1.0000000000000000
M 1.0000000000000000,0.0000000000000000,0.0000000000000000,0.0000000000000000,0.0000000000000000,1.0000000000000000,-0.0000000437113883,0.0000000259524420,-0.0000000000000000,0.0000000437113883,1.0000000000000000,-0.0000000145310111,0.0000000000000000,0.0000000000000000,0.0000000000000000,1.0000000000000000
M 1.0000000000000000,0.0000000000000000,0.0000000000000000,0.0000000000000000,0.0000000000000000,1.0000000000000000,-0.0000000437113883,0.0000000259524420,-0.0000000000000000,0.0000000437113883,1.0000000000000000,-0.0000000145310111,0.0000000000000000,0.0000000000000000,0.0000000000000000,1.0000000000000000
M 1.0000000000000000,0.0000000000000000,0.0000000000000000,0.0000000000000000,0.0000000000000000,1.0000000000000000,-0.0000000437113883,0.0000000259524420,-0.0000000000000000,0.0000000437113883,1.0000000000000000,-0.0000000145310111,0.0000000000000000,0.0000000000000000,0.0000000000000000,1.0000000000000000
M 1.0000000000000000,0.0000000000000000,0.0000000000000000,0.0000000000000000,0.0000000000000000,1.0000000000000000,-0.0000000437113883,0.0000000259524420,-0.0000000000000000,0.0000000437113883,1.0000000000000000,-0.0000000145310111,0.0000000000000000,0.0000000000000000,0.0000000000000000,1.0000000000000000
M 1.0000000000000000,0.0000000000000000,0.0000000000000000,0.0000000000000000,0.0000000000000000,1.0000000000000000,-0.0000000437113883,0.0000000259524420,-0.0000000000000000,0.0000000437113883,1.0000000000000000,-0.0000000145310111,0.0000000000000000,0.0000000000000000,0.0000000000000000,1.0000000000000000
M 1.0000000000000000,0.0000000000000000,0.0000000000000000,0.0000000000000000,0.0000000000000000,1.0000000000000000,-0.0000000437113883,0.0000000259524420,-0.0000000000000000,0.0000000437113883,1.0000000000000000,-0.0000000145310111,0.0000000000000000,0.0000000000000000,0.0000000000000000,1.0000000000000000
M 1.0000000000000000,0.0000000000000000,0.0000000000000000,0.0000000000000000,0.0000000000000000,1.0000000000000000,-0.0000000437113883,0.0000000259524420,-0.0000000000000000,0.0000000437113883,1.0000000000000000,-0.0000000145310111,0.0000000000000000,0.0000000000000000,0.0000000000000000,1.0000000000000000
M 1.0000000000000000,0.0000000000000000,0.0000000000000000,0.0000000000000000,0.0000000000000000,1.0000000000000000,-0.0000000437113883,0.0000000259524420,-0.0000000000000000,0.0000000437113883,1.0000000000000000,-0.0000000145310111,0.0000000000000000,0.0000000000000000,0.0000000000000000,1.0000000000000000
M 1.0000000000000000,0.0000000000000000,0.0000000000000000,0.0000000000000000,0.0000000000000000,1.0000000000000000,-0.0000000437113883,0.0000000259524420,-0.0000000000000000,0.0000000437113883,1.0000000000000000,-0.0000000145310111,0.0000000000000000,0.0000000000000000,0.0000000000000000,1.0000000000000000
M 1.0000000000000000,0.0000000000000000,0.0000000000000000,0.0000000000000000,0.0000000000000000,1.0000000000000000,-0.0000000437113883,0.0000000259524420,-0.0000000000000000,0.0000000437113883,1.0000000000000000,-0.0000000145310111,0.0000000000000000,0.0000000000000000,0.0000000000000000,1.0000000000000000
M 1.0000000000000000,0.0000000000000000,0.0000000000000000,0.0000000000000000,0.0000000000000000,1.0000000000000000,-0.0000000437113883,0.0000000259524420,-0.0000000000000000,0.0000000437113883,1.0000000000000000,-0.0000000145310111,0.0000000000000000,0.0000000000000000,0.0000000000000000,1.0000000000000000
M 1.0000000000000000,0.0000000000000000,0.0000000000000000,0.0000000000000000,0.0000000000000000,1.0000000000000000,-0.0000000437113883,0.0000000259524420,-0.0000000000000000,0.0000000437113883,1.0000000000000000,-0.0000000145310111,0.0000000000000000,0.0000000000000000,0.0000000000000000,1.0000000000000000
M 1.0000000000000000,0.0000000000000000,0.0000000000000000,0.0000000000000000,0.0000000000000000,1.0000000000000000,-0.0000000437113883,0.0000000259524420,-0.0000000000000000,0.0000000437113883,1.0000000000000000,-0.0000000145310111,0.0000000000000000,0.0000000000000000,0.0000000000000000,1.0000000000000000
M 1.0000000000000000,0.0000000000000000,0.0000000000000000,0.0000000000000000,0.0000000000000000,1.0000000000000000,-0.0000000437113883,0.0000000259524420,-0.0000000000000000,0.0000000437113883,1.0000000000000000,-0.0000000145310111,0.0000000000000000,0.0000000000000000,0.0000000000000000,1.0000000000000000
M 0.9999953508377075,-0.0000000001336279,-0.0030570491217077,-0.0010160534875467,0.0000000000000000,1.0000000000000000,-0.0000000437113883,0.0000000259524420,0.0030570491217077,0.0000000437111929,0.9999953508377075,-0.0227384567260742,0.0000000000000000,0.0000000000000000,0.0000000000000000,1.0000000000000000
M 0.9999277591705322,-0.0000000005254401,-0.0120206670835614,-0.0035947167780250,0.0000000000000000,1.0000000000000000,-0.0000000437113883,0.0000000259524420,0.0120206670835614,0.0000000437082299,0.9999277591705322,-0.0894285514950752,0.0000000000000000,0.0000000000000000,0.0000000000000000,1.0000000000000000
M 0.9996467232704163,-0.0000000011617478,-0.0265776906162500,-0.0065087256953120,0.0000000000000000,1.0000000000000000,-0.0000000437113883,0.0000000259524420,0.0265776906162500,0.0000000436959446,0.9996467232704163,-0.1977930366992950,0.0000000000000000,0.0000000000000000,0.0000000000000000,1.0000000000000000
M 0.9989225268363953,-0.0000000020286059,-0.0464090891182423,-0.0079394290223718,0.0000000000000000,1.0000000000000000,-0.0000000437113883,0.0000000259524420,0.0464090891182423,0.0000000436642900,0.9989225268363953,-0.3455379903316498,0.0000000000000000,0.0000000000000000,0.0000000000000000,1.0000000000000000
M 0.9974631667137146,-0.0000000031115801,-0.0711846426129341,-0.0056022745557129,0.0000000000000000,1.0000000000000000,-0.0000000437113883,0.0000000259524420,0.0711846426129341,0.0000000436005010,0.9974631667137146,-0.5303078293800354,0.0000000000000000,0.0000000000000000,0.0000000000000000,1.0000000000000000
M 0.9949312806129456,-0.0000000043954889,-0.1005570665001869,0.0031321882270277,0.0000000000000000,1.0000000000000000,-0.0000000437113883,0.0000000259524420,0.1005570665001869,0.0000000434898269,0.9949312806129456,-0.7496355772018433,0.0000000000000000,0.0000000000000000,0.0000000000000000,1.0000000000000000
M 0.9909601807594299,-0.0000000058641660,-0.1341564655303955,0.0211171917617321,0.0000000000000000,1.0000000000000000,-0.0000000437113883,0.0000000259524420,0.1341564655303955,0.0000000433162448,0.9909601807594299,-1.0008962154388428,0.0000000000000000,0.0000000000000000,0.0000000000000000,1.0000000000000000
M 0.9851692914962769,-0.0000000075002289,-0.1715852320194244,0.0513208694756031,0.0000000000000000,1.0000000000000000,-0.0000000437113883,0.0000000259524420,0.1715852320194244,0.0000000430631175,0.9851692914962769,-1.2812632322311401,0.0000000000000000,0.0000000000000000,0.0000000000000000,1.0000000000000000
M 0.9771795868873596,-0.0000000092849506,-0.2124148607254028,0.0967091023921967,0.0000000000000000,1.0000000000000000,-0.0000000437113883,0.0000000259524420,0.2124148607254028,0.0000000427138751,0.9771795868873596,-1.5876801013946533,0.0000000000000000,0.0000000000000000,0.0000000000000000,1.0000000000000000
M 0.9666280746459961,-0.0000000111981553,-0.2561839222908020,0.1601403653621674,0.0000000000000000,1.0000000000000000,-0.0000000437113883,0.0000000259524420,0.2561839222908020,0.0000000422526547,0.9666280746459961,-1.9168397188186646,0.0000000000000000,0.0000000000000000,0.0000000000000000,1.0000000000000000
M 0.9531816244125366,-0.0000000132182567,-0.3023984730243683,0.2442620992660522,0.0000000000000000,1.0000000000000000,-0.0000000437113883,0.0000000259524420,0.3023984730243683,0.0000000416649009,0.9531816244125366,-2.2651822566986084,0.0000000000000000,0.0000000000000000,0.0000000000000000,1.0000000000000000
M 0.9365499019622803,-0.0000000153223425,-0.3505343198776245,0.3514136075973511,0.0000000000000000,1.0000000000000000,-0.0000000437113883,0.0000000259524420,0.3505343198776245,0.0000000409378949,0.9365499019622803,-2.6289100646972656,0.0000000000000000,0.0000000000000000,0.0000000000000000,1.0000000000000000
M 0.9164969325065613,-0.0000000174863750,-0.4000416398048401,0.4835396111011505,0.0000000000000000,1.0000000000000000,-0.0000000437113883,0.0000000259524420,0.4000416398048401,0.0000000400613516,0.9164969325065613,-3.0040140151977539,0.0000000000000000,0.0000000000000000,0.0000000000000000,1.0000000000000000
M 0.8928512930870056,-0.0000000196854959,-0.4503516554832458,0.6421096920967102,0.0000000000000000,1.0000000000000000,-0.0000000437113883,0.0000000259524420,0.4503516554832458,0.0000000390277783,0.8928512930870056,-3.3863227367401123,0.0000000000000000,0.0000000000000000,0.0000000000000000,1.0000000000000000
M 0.8655136227607727,-0.0000000218943974,-0.5008854269981384,0.8280625343322754,0.0000000000000000,1.0000000000000000,-0.0000000437113883,0.0000000259524420,0.5008854269981384,0.0000000378328018,0.8655136227607727,-3.7715651988983154,0.0000000000000000,0.0000000000000000,0.0000000000000000,1.0000000000000000
M 0.8344633579254150,-0.0000000240877505,-0.5510634779930115,1.0417503118515015,0.0000000000000000,1.0000000000000000,-0.0000000437113883,0.0000000259524420,0.5510634779930115,0.0000000364755515,0.8344633579254150,-4.1554379463195801,0.0000000000000000,0.0000000000000000,0.0000000000000000,1.0000000000000000
M 0.7997615933418274,-0.0000000262407269,-0.6003177762031555,1.2829139232635498,0.0000000000000000,1.0000000000000000,-0.0000000437113883,0.0000000259524420,0.6003177762031555,0.0000000349586884,0.7997615933418274,-4.5336956977844238,0.0000000000000000,0.0000000000000000,0.0000000000000000,1.0000000000000000
M 0.7615524530410767,-0.0000000283294987,-0.6481032967567444,1.5506677627563477,0.0000000000000000,1.0000000000000000,-0.0000000437113883,0.0000000259524420,0.6481032967567444,0.0000000332885151,0.7615524530410767,-4.9022345542907715,0.0000000000000000,0.0000000000000000,0.0000000000000000,1.0000000000000000
M 0.7200611829757690,-0.0000000303317975,-0.6939105987548828,1.8435128927230835,0.0000000000000000,1.0000000000000000,-0.0000000437113883,0.0000000259524420,0.6939105987548828,0.0000000314748760,0.7200611829757690,-5.2571892738342285,0.0000000000000000,0.0000000000000000,0.0000000000000000,1.0000000000000000
M 0.6755902171134949,-0.0000000322274154,-0.7372773289680481,2.1593582630157471,0.0000000000000000,1.0000000000000000,-0.0000000437113883,0.0000000259524420,0.7372773289680481,0.0000000295309857,0.6755902171134949,-5.5950160026550293,0.0000000000000000,0.0000000000000000,0.0000000000000000,1.0000000000000000
M 0.6285126805305481,-0.0000000339986883,-0.7777993083000183,2.4955680370330811,0.0000000000000000,1.0000000000000000,-0.0000000437113883,0.0000000259524420,0.7777993083000183,0.0000000274731615,0.6285126805305481,-5.9125814437866211,0.0000000000000000,0.0000000000000000,0.0000000000000000,1.0000000000000000
M 0.5792633891105652,-0.0000000356309187,-0.8151404261589050,2.8490240573883057,0.0000000000000000,1.0000000000000000,-0.0000000437113883,0.0000000259524420,0.8151404261589050,0.0000000253204071,0.5792633891105652,-6.2072353363037109,0.0000000000000000,0.0000000000000000,0.0000000000000000,1.0000000000000000
M 0.5283295512199402,-0.0000000371126916,-0.8490393757820129,3.2161912918090820,0.0000000000000000,1.0000000000000000,-0.0000000437113883,0.0000000259524420,0.8490393757820129,0.0000000230940209,0.5283295512199402,-6.4768671989440918,0.0000000000000000,0.0000000000000000,0.0000000000000000,1.0000000000000000
M 0.4762381613254547,-0.0000000384361449,-0.8793163299560547,3.5932130813598633,0.0000000000000000,1.0000000000000000,-0.0000000437113883,0.0000000259524420,0.8793163299560547,0.0000000208170352,0.4762381613254547,-6.7199587821960449,0.0000000000000000,0.0000000000000000,0.0000000000000000,1.0000000000000000
M 0.4235449135303497,-0.0000000395970581,-0.9058750867843628,3.9759895801544189,0.0000000000000000,1.0000000000000000,-0.0000000437113883,0.0000000259524420,0.9058750867843628,0.0000000185137399,0.4235449135303497,-6.9356026649475098,0.0000000000000000,0.0000000000000000,0.0000000000000000,1.0000000000000000
