O Pant_4_mvp_vl80c
A Pant_4_mvp_vl80c_Pant_4_mvp_vl80c
M 1.0000000000000000,0.0000000000000000,0.0000000000000000,0.0000000000000000,0.0000000000000000,1.0000000000000000,-0.0000000437113883,-0.0000000000003038,-0.0000000000000000,0.0000000437113883,1.0000000000000000,0.0000000000001137,0.0000000000000000,0.0000000000000000,0.0000000000000000,1.0000000000000000
M 0.9999997615814209,-0.0007723082089797,0.0000000000337587,0.0039562322199345,0.0007723082089797,0.9999997615814209,-0.0000000437113847,0.0061099869199097,-0.0000000000000000,0.0000000437113883,1.0000000000000000,0.0000000000001137,0.0000000000000000,0.0000000000000000,0.0000000000000000,1.0000000000000000
M 0.9999954104423523,-0.0030368687584996,0.0000000001327458,0.0155401220545173,0.0030368687584996,0.9999954104423523,-0.0000000437111964,0.0240437965840101,-0.0000000000000000,0.0000000437113883,1.0000000000000000,0.0000000000001137,0.0000000000000000,0.0000000000000000,0.0000000000000000,1.0000000000000000
M 0.9999774098396301,-0.0067151049152017,0.0000000002935267,0.0343052297830582,0.0067151049152017,0.9999774098396301,-0.0000000437104006,0.0532239302992821,-0.0000000000000000,0.0000000437113883,1.0000000000000000,0.0000000000001137,0.0000000000000000,0.0000000000000000,0.0000000000000000,1.0000000000000000
M 0.9999312162399292,-0.0117283472791314,0.0000000005126624,0.0597808137536049,0.0117283472791314,0.9999312162399292,-0.0000000437083898,0.0930994674563408,-0.0000000000000000,0.0000000437113883,1.0000000000000000,0.0000000000001137,0.0000000000000000,0.0000000000000000,0.0000000000000000,1.0000000000000000
M 0.9998379945755005,-0.0179977361112833,0.0000000007867061,0.0914765894412994,0.0179977361112833,0.9998379945755005,-0.0000000437043219,0.1431354284286499,-0.0000000000000000,0.0000000437113883,1.0000000000000000,0.0000000000001137,0.0000000000000000,0.0000000000000000,0.0000000000000000,1.0000000000000000
M 0.9996762275695801,-0.0254441536962986,0.0000000011121993,0.1288895308971405,0.0254441536962986,0.9996762275695801,-0.0000000436972343,0.2028109133243561,-0.0000000000000000,0.0000000437113883,1.0000000000000000,0.0000000000001137,0.0000000000000000,0.0000000000000000,0.0000000000000000,1.0000000000000000
M 0.9994221925735474,-0.0339881107211113,0.0000000014856681,0.1715019047260284,0.0339881107211113,0.9994221925735474,-0.0000000436861320,0.2716082930564880,-0.0000000000000000,0.0000000437113883,1.0000000000000000,0.0000000000001137,0.0000000000000000,0.0000000000000000,0.0000000000000000,1.0000000000000000
M 0.9990512728691101,-0.0435496307909489,0.0000000019036137,0.2187902033329010,0.0435496307909489,0.9990512728691101,-0.0000000436699175,0.3490130901336670,-0.0000000000000000,0.0000000437113883,1.0000000000000000,0.0000000000001137,0.0000000000000000,0.0000000000000000,0.0000000000000000,1.0000000000000000
M 0.9985383749008179,-0.0540483295917511,0.0000000023625284,0.2702279388904572,0.0540483295917511,0.9985383749008179,-0.0000000436475140,0.4345061480998993,-0.0000000000000000,0.0000000437113883,1.0000000000000000,0.0000000000001137,0.0000000000000000,0.0000000000000000,0.0000000000000000,1.0000000000000000
M 0.9978589415550232,-0.0654031336307526,0.0000000028588618,0.3252865672111511,0.0654031336307526,0.9978589415550232,-0.0000000436178063,0.5275630354881287,-0.0000000000000000,0.0000000437113883,1.0000000000000000,0.0000000000001137,0.0000000000000000,0.0000000000000000,0.0000000000000000,1.0000000000000000
M 0.9969898462295532,-0.0775325372815132,0.0000000033890553,0.3834412097930908,0.0775325372815132,0.9969898462295532,-0.0000000435798100,0.6276487708091736,-0.0000000000000000,0.0000000437113883,1.0000000000000000,0.0000000000001137,0.0000000000000000,0.0000000000000000,0.0000000000000000,1.0000000000000000
M 0.9959096312522888,-0.0903544723987579,0.0000000039495216,0.4441717267036438,0.0903544723987579,0.9959096312522888,-0.0000000435325909,0.7342119812965393,-0.0000000000000000,0.0000000437113883,1.0000000000000000,0.0000000000001137,0.0000000000000000,0.0000000000000000,0.0000000000000000,1.0000000000000000
M 0.9945996403694153,-0.1037863641977310,0.0000000045366471,0.5069698095321655,0.1037863641977310,0.9945996403694153,-0.0000000434753389,0.8466850519180298,-0.0000000000000000,0.0000000437113883,1.0000000000000000,0.0000000000001137,0.0000000000000000,0.0000000000000000,0.0000000000000000,1.0000000000000000
M 0.9930438995361328,-0.1177453994750977,0.0000000051468132,0.5713359713554382,0.1177453994750977,0.9930438995361328,-0.0000000434073399,0.9644864797592163,-0.0000000000000000,0.0000000437113883,1.0000000000000000,0.0000000000001137,0.0000000000000000,0.0000000000000000,0.0000000000000000,1.0000000000000000
M 0.9912299513816833,-0.1321482807397842,0.0000000057763865,0.6367849707603455,0.1321482807397842,0.9912299513816833,-0.0000000433280363,1.0870125293731689,-0.0000000000000000,0.0000000437113883,1.0000000000000000,0.0000000000001137,0.0000000000000000,0.0000000000000000,0.0000000000000000,1.0000000000000000
M 0.9891496300697327,-0.1469116955995560,0.0000000064217107,0.7028520107269287,0.1469116955995560,0.9891496300697327,-0.0000000432371188,1.2136389017105103,-0.0000000000000000,0.0000000437113883,1.0000000000000000,0.0000000000001137,0.0000000000000000,0.0000000000000000,0.0000000000000000,1.0000000000000000
M 0.9867985248565674,-0.1619525998830795,0.0000000070791719,0.7690898776054382,0.1619525998830795,0.9867985248565674,-0.0000000431343352,1.3437254428863525,-0.0000000000000000,0.0000000437113883,1.0000000000000000,0.0000000000001137,0.0000000000000000,0.0000000000000000,0.0000000000000000,1.0000000000000000
M 0.9841770529747009,-0.1771877855062485,0.0000000077451254,0.8350728750228882,0.1771877855062485,0.9841770529747009,-0.0000000430197460,1.4766079187393188,-0.0000000000000000,0.0000000437113883,1.0000000000000000,0.0000000000001137,0.0000000000000000,0.0000000000000000,0.0000000000000000,1.0000000000000000
M 0.9812902212142944,-0.1925347745418549,0.0000000084159595,0.9004004597663879,0.1925347745418549,0.9812902212142944,-0.0000000428935572,1.6116062402725220,-0.0000000000000000,0.0000000437113883,1.0000000000000000,0.0000000000001137,0.0000000000000000,0.0000000000000000,0.0000000000000000,1.0000000000000000
M 0.9781476259231567,-0.2079116702079773,0.0000000090881080,0.9646949768066406,0.2079116702079773,0.9781476259231567,-0.0000000427561915,1.7480233907699585,-0.0000000000000000,0.0000000437113883,1.0000000000000000,0.0000000000001137,0.0000000000000000,0.0000000000000000,0.0000000000000000,1.0000000000000000
M 0.9747641086578369,-0.2232373207807541,0.0000000097580095,1.0276083946228027,0.2232373207807541,0.9747641086578369,-0.0000000426082920,1.8851441144943237,-0.0000000000000000,0.0000000437113883,1.0000000000000000,0.0000000000001137,0.0000000000000000,0.0000000000000000,0.0000000000000000,1.0000000000000000
M 0.9711592197418213,-0.2384317219257355,0.0000000104221813,1.0888204574584961,0.2384317219257355,0.9711592197418213,-0.0000000424507185,2.0222399234771729,-0.0000000000000000,0.0000000437113883,1.0000000000000000,0.0000000000001137,0.0000000000000000,0.0000000000000000,0.0000000000000000,1.0000000000000000
M 0.9673573374748230,-0.2534160614013672,0.0000000110771659,1.1480377912521362,0.2534160614013672,0.9673573374748230,-0.0000000422845403,2.1585712432861328,-0.0000000000000000,0.0000000437113883,1.0000000000000000,0.0000000000001137,0.0000000000000000,0.0000000000000000,0.0000000000000000,1.0000000000000000
M 0.9633874893188477,-0.2681128382682800,0.0000000117195862,1.2049955129623413,0.2681128382682800,0.9633874893188477,-0.0000000421109974,2.2933857440948486,-0.0000000000000000,0.0000000437113883,1.0000000000000000,0.0000000000001137,0.0000000000000000,0.0000000000000000,0.0000000000000000,1.0000000000000000
M 0.9592832326889038,-0.2824460864067078,0.0000000123461090,1.2594597339630127,0.2824460864067078,0.9592832326889038,-0.0000000419316102,2.4259240627288818,-0.0000000000000000,0.0000000437113883,1.0000000000000000,0.0000000000001137,0.0000000000000000,0.0000000000000000,0.0000000000000000,1.0000000000000000
M 0.9550820589065552,-0.2963415086269379,0.0000000129535023,1.3112212419509888,0.2963415086269379,0.9550820589065552,-0.0000000417479704,2.5554230213165283,-0.0000000000000000,0.0000000437113883,1.0000000000000000,0.0000000000001137,0.0000000000000000,0.0000000000000000,0.0000000000000000,1.0000000000000000
M 0.9508256912231445,-0.3097263872623444,0.0000000135385667,1.3601021766662598,0.3097263872623444,0.9508256912231445,-0.0000000415619184,2.6811144351959229,-0.0000000000000000,0.0000000437113883,1.0000000000000000,0.0000000000001137,0.0000000000000000,0.0000000000000000,0.0000000000000000,1.0000000000000000
M 0.9465591907501221,-0.3225301206111908,0.0000000140982443,1.4059467315673828,0.3225301206111908,0.9465591907501221,-0.0000000413754222,2.8022279739379883,-0.0000000000000000,0.0000000437113883,1.0000000000000000,0.0000000000001137,0.0000000000000000,0.0000000000000000,0.0000000000000000,1.0000000000000000
M 0.9423308372497559,-0.3346827328205109,0.0000000146294470,1.4486225843429565,0.3346827328205109,0.9423308372497559,-0.0000000411905887,2.9179880619049072,-0.0000000000000000,0.0000000437113883,1.0000000000000000,0.0000000000001137,0.0000000000000000,0.0000000000000000,0.0000000000000000,1.0000000000000000
M 0.9381912946701050,-0.3461170792579651,0.0000000151292596,1.4880191087722778,0.3461170792579651,0.9381912946701050,-0.0000000410096455,3.0276308059692383,-0.0000000000000000,0.0000000437113883,1.0000000000000000,0.0000000000001137,0.0000000000000000,0.0000000000000000,0.0000000000000000,1.0000000000000000
M 0.9341936111450195,-0.3567665517330170,0.0000000155947646,1.5240426063537598,0.3567665517330170,0.9341936111450195,-0.0000000408348981,3.1303863525390625,-0.0000000000000000,0.0000000437113883,1.0000000000000000,0.0000000000001137,0.0000000000000000,0.0000000000000000,0.0000000000000000,1.0000000000000000
M 0.9303920269012451,-0.3665662407875061,0.0000000160231224,1.5566133260726929,0.3665662407875061,0.9303920269012451,-0.0000000406687342,3.2254920005798340,-0.0000000000000000,0.0000000437113883,1.0000000000000000,0.0000000000001137,0.0000000000000000,0.0000000000000000,0.0000000000000000,1.0000000000000000
M 0.9268418550491333,-0.3754519820213318,0.0000000164115210,1.5856603384017944,0.3754519820213318,0.9268418550491333,-0.0000000405135516,3.3121888637542725,-0.0000000000000000,0.0000000437113883,1.0000000000000000,0.0000000000001137,0.0000000000000000,0.0000000000000000,0.0000000000000000,1.0000000000000000
M 0.9235987663269043,-0.3833606243133545,0.0000000167572214,1.6111203432083130,0.3833606243133545,0.9235987663269043,-0.0000000403717841,3.3897249698638916,-0.0000000000000000,0.0000000437113883,1.0000000000000000,0.0000000000001137,0.0000000000000000,0.0000000000000000,0.0000000000000000,1.0000000000000000
M 0.9207178354263306,-0.3902290165424347,0.0000000170574488,1.6329272985458374,0.3902290165424347,0.9207178354263306,-0.0000000402458618,3.4573488235473633,-0.0000000000000000,0.0000000437113883,1.0000000000000000,0.0000000000001137,0.0000000000000000,0.0000000000000000,0.0000000000000000,1.0000000000000000
M 0.9182529449462891,-0.3959943354129791,0.0000000173094623,1.6510115861892700,0.3959943354129791,0.9182529449462891,-0.0000000401381186,3.5143198966979980,-0.0000000000000000,0.0000000437113883,1.0000000000000000,0.0000000000001137,0.0000000000000000,0.0000000000000000,0.0000000000000000,1.0000000000000000
M 0.9162560701370239,-0.4005930125713348,0.0000000175104766,1.6652915477752686,0.4005930125713348,0.9162560701370239,-0.0000000400508249,3.5598993301391602,-0.0000000000000000,0.0000000437113883,1.0000000000000000,0.0000000000001137,0.0000000000000000,0.0000000000000000,0.0000000000000000,1.0000000000000000
M 0.9147764444351196,-0.4039604067802429,0.0000000176576709,1.6756658554077148,0.4039604067802429,0.9147764444351196,-0.0000000399861477,3.5933525562286377,-0.0000000000000000,0.0000000437113883,1.0000000000000000,0.0000000000001137,0.0000000000000000,0.0000000000000000,0.0000000000000000,1.0000000000000000
M 0.9138593673706055,-0.4060309529304504,0.0000000177481692,1.6820099353790283,0.4060309529304504,0.9138593673706055,-0.0000000399460696,3.6139543056488037,-0.0000000000000000,0.0000000437113883,1.0000000000000000,0.0000000000001137,0.0000000000000000,0.0000000000000000,0.0000000000000000,1.0000000000000000
M 0.9135454893112183,-0.4067366421222687,0.0000000177790191,1.6841654777526855,0.4067366421222687,0.9135454893112183,-0.0000000399323490,3.6209816932678223,-0.0000000000000000,0.0000000437113883,1.0000000000000000,0.0000000000001137,0.0000000000000000,0.0000000000000000,0.0000000000000000,1.0000000000000000
O Pant_3_mvp_vl80c
A Pant_3_mvp_vl80c_Pant_3_mvp_vl80c
M 1.0000000000000000,0.0000000000000000,0.0000000000000000,0.0000000000000000,0.0000000000000000,1.0000000000000000,-0.0000000437113883,-0.0000000000003038,-0.0000000000000000,0.0000000437113883,1.0000000000000000,-0.0000000000001137,0.0000000000000000,0.0000000000000000,0.0000000000000000,1.0000000000000000
M 0.9999997615814209,0.0007723082089797,-0.0000000000337587,-0.0039581400342286,-0.0007723082089797,0.9999997615814209,-0.0000000437113847,-0.0014204946346581,-0.0000000000000000,0.0000000437113883,1.0000000000000000,-0.0000000000001137,0.0000000000000000,0.0000000000000000,0.0000000000000000,1.0000000000000000
M 0.9999954104423523,0.0030368687584996,-0.0000000001327458,-0.0155849447473884,-0.0030368687584996,0.9999954104423523,-0.0000000437111964,-0.0055661508813500,-0.0000000000000000,0.0000000437113883,1.0000000000000000,-0.0000000000001137,0.0000000000000000,0.0000000000000000,0.0000000000000000,1.0000000000000000
M 0.9999774098396301,0.0067151049152017,-0.0000000002935267,-0.0345252901315689,-0.0067151049152017,0.9999774098396301,-0.0000000437104006,-0.0122483428567648,-0.0000000000000000,0.0000000437113883,1.0000000000000000,-0.0000000000001137,0.0000000000000000,0.0000000000000000,0.0000000000000000,1.0000000000000000
M 0.9999312162399292,0.0117283472791314,-0.0000000005126624,-0.0604514852166176,-0.0117283472791314,0.9999312162399292,-0.0000000437083898,-0.0212523899972439,-0.0000000000000000,0.0000000437113883,1.0000000000000000,-0.0000000000001137,0.0000000000000000,0.0000000000000000,0.0000000000000000,1.0000000000000000
M 0.9998379945755005,0.0179977361112833,-0.0000000007867061,-0.0930565893650055,-0.0179977361112833,0.9998379945755005,-0.0000000437043219,-0.0323420092463493,-0.0000000000000000,0.0000000437113883,1.0000000000000000,-0.0000000000001137,0.0000000000000000,0.0000000000000000,0.0000000000000000,1.0000000000000000
M 0.9996762275695801,0.0254441536962986,-0.0000000011121993,-0.1320461928844452,-0.0254441536962986,0.9996762275695801,-0.0000000436972343,-0.0452695786952972,-0.0000000000000000,0.0000000437113883,1.0000000000000000,-0.0000000000001137,0.0000000000000000,0.0000000000000000,0.0000000000000000,1.0000000000000000
M 0.9994221925735474,0.0339881107211113,-0.0000000014856681,-0.1771354973316193,-0.0339881107211113,0.9994221925735474,-0.0000000436861320,-0.0597762316465378,-0.0000000000000000,0.0000000437113883,1.0000000000000000,-0.0000000000001137,0.0000000000000000,0.0000000000000000,0.0000000000000000,1.0000000000000000
M 0.9990512728691101,0.0435496307909489,-0.0000000019036137,-0.2280408442020416,-0.0435496307909489,0.9990512728691101,-0.0000000436699175,-0.0755962729454041,-0.0000000000000000,0.0000000437113883,1.0000000000000000,-0.0000000000001137,0.0000000000000000,0.0000000000000000,0.0000000000000000,1.0000000000000000
M 0.9985383749008179,0.0540483295917511,-0.0000000023625284,-0.2844794094562531,-0.0540483295917511,0.9985383749008179,-0.0000000436475140,-0.0924645662307739,-0.0000000000000000,0.0000000437113883,1.0000000000000000,-0.0000000000001137,0.0000000000000000,0.0000000000000000,0.0000000000000000,1.0000000000000000
M 0.9978589415550232,0.0654031336307526,-0.0000000028588618,-0.3461617827415466,-0.0654031336307526,0.9978589415550232,-0.0000000436178063,-0.1101170331239700,-0.0000000000000000,0.0000000437113883,1.0000000000000000,-0.0000000000001137,0.0000000000000000,0.0000000000000000,0.0000000000000000,1.0000000000000000
M 0.9969898462295532,0.0775325372815132,-0.0000000033890553,-0.4127900600433350,-0.0775325372815132,0.9969898462295532,-0.0000000435798100,-0.1282934546470642,-0.0000000000000000,0.0000000437113883,1.0000000000000000,-0.0000000000001137,0.0000000000000000,0.0000000000000000,0.0000000000000000,1.0000000000000000
M 0.9959096312522888,0.0903544723987579,-0.0000000039495216,-0.4840527176856995,-0.0903544723987579,0.9959096312522888,-0.0000000435325909,-0.1467445790767670,-0.0000000000000000,0.0000000437113883,1.0000000000000000,-0.0000000000001137,0.0000000000000000,0.0000000000000000,0.0000000000000000,1.0000000000000000
M 0.9945996403694153,0.1037863641977310,-0.0000000045366471,-0.5596233606338501,-0.1037863641977310,0.9945996403694153,-0.0000000434753389,-0.1652319729328156,-0.0000000000000000,0.0000000437113883,1.0000000000000000,-0.0000000000001137,0.0000000000000000,0.0000000000000000,0.0000000000000000,1.0000000000000000
M 0.9930438995361328,0.1177453994750977,-0.0000000051468132,-0.6391577124595642,-0.1177453994750977,0.9930438995361328,-0.0000000434073399,-0.1835311353206635,-0.0000000000000000,0.0000000437113883,1.0000000000000000,-0.0000000000001137,0.0000000000000000,0.0000000000000000,0.0000000000000000,1.0000000000000000
M 0.9912299513816833,0.1321482807397842,-0.0000000057763865,-0.7222926020622253,-0.1321482807397842,0.9912299513816833,-0.0000000433280363,-0.2014331519603729,-0.0000000000000000,0.0000000437113883,1.0000000000000000,-0.0000000000001137,0.0000000000000000,0.0000000000000000,0.0000000000000000,1.0000000000000000
M 0.9891496300697327,0.1469116955995560,-0.0000000064217107,-0.8086428642272949,-0.1469116955995560,0.9891496300697327,-0.0000000432371188,-0.2187500298023224,-0.0000000000000000,0.0000000437113883,1.0000000000000000,-0.0000000000001137,0.0000000000000000,0.0000000000000000,0.0000000000000000,1.0000000000000000
M 0.9867985248565674,0.1619525998830795,-0.0000000070791719,-0.8978044390678406,-0.1619525998830795,0.9867985248565674,-0.0000000431343352,-0.2353128194808960,-0.0000000000000000,0.0000000437113883,1.0000000000000000,-0.0000000000001137,0.0000000000000000,0.0000000000000000,0.0000000000000000,1.0000000000000000
M 0.9841770529747009,0.1771877855062485,-0.0000000077451254,-0.9893461465835571,-0.1771877855062485,0.9841770529747009,-0.0000000430197460,-0.2509729862213135,-0.0000000000000000,0.0000000437113883,1.0000000000000000,-0.0000000000001137,0.0000000000000000,0.0000000000000000,0.0000000000000000,1.0000000000000000
M 0.9812902212142944,0.1925347745418549,-0.0000000084159595,-1.0828207731246948,-0.1925347745418549,0.9812902212142944,-0.0000000428935572,-0.2656077146530151,-0.0000000000000000,0.0000000437113883,1.0000000000000000,-0.0000000000001137,0.0000000000000000,0.0000000000000000,0.0000000000000000,1.0000000000000000
M 0.9781476259231567,0.2079116702079773,-0.0000000090881080,-1.1777558326721191,-0.2079116702079773,0.9781476259231567,-0.0000000427561915,-0.2791157960891724,-0.0000000000000000,0.0000000437113883,1.0000000000000000,-0.0000000000001137,0.0000000000000000,0.0000000000000000,0.0000000000000000,1.0000000000000000
M 0.9747641086578369,0.2232373207807541,-0.0000000097580095,-1.2736587524414062,-0.2232373207807541,0.9747641086578369,-0.0000000426082920,-0.2914202213287354,-0.0000000000000000,0.0000000437113883,1.0000000000000000,-0.0000000000001137,0.0000000000000000,0.0000000000000000,0.0000000000000000,1.0000000000000000
M 0.9711592197418213,0.2384317219257355,-0.0000000104221813,-1.3700182437896729,-0.2384317219257355,0.9711592197418213,-0.0000000424507185,-0.3024693131446838,-0.0000000000000000,0.0000000437113883,1.0000000000000000,-0.0000000000001137,0.0000000000000000,0.0000000000000000,0.0000000000000000,1.0000000000000000
M 0.9673573374748230,0.2534160614013672,-0.0000000110771659,-1.4663027524948120,-0.2534160614013672,0.9673573374748230,-0.0000000422845403,-0.3122353553771973,-0.0000000000000000,0.0000000437113883,1.0000000000000000,-0.0000000000001137,0.0000000000000000,0.0000000000000000,0.0000000000000000,1.0000000000000000
M 0.9633874893188477,0.2681128382682800,-0.0000000117195862,-1.5619672536849976,-0.2681128382682800,0.9633874893188477,-0.0000000421109974,-0.3207143545150757,-0.0000000000000000,0.0000000437113883,1.0000000000000000,-0.0000000000001137,0.0000000000000000,0.0000000000000000,0.0000000000000000,1.0000000000000000
M 0.9592832326889038,0.2824460864067078,-0.0000000123461090,-1.6564483642578125,-0.2824460864067078,0.9592832326889038,-0.0000000419316102,-0.3279247879981995,-0.0000000000000000,0.0000000437113883,1.0000000000000000,-0.0000000000001137,0.0000000000000000,0.0000000000000000,0.0000000000000000,1.0000000000000000
M 0.9550820589065552,0.2963415086269379,-0.0000000129535023,-1.7491713762283325,-0.2963415086269379,0.9550820589065552,-0.0000000417479704,-0.3339060544967651,-0.0000000000000000,0.0000000437113883,1.0000000000000000,-0.0000000000001137,0.0000000000000000,0.0000000000000000,0.0000000000000000,1.0000000000000000
M 0.9508256912231445,0.3097263872623444,-0.0000000135385667,-1.8395512104034424,-0.3097263872623444,0.9508256912231445,-0.0000000415619184,-0.3387181758880615,-0.0000000000000000,0.0000000437113883,1.0000000000000000,-0.0000000000001137,0.0000000000000000,0.0000000000000000,0.0000000000000000,1.0000000000000000
M 0.9465591907501221,0.3225301206111908,-0.0000000140982443,-1.9269950389862061,-0.3225301206111908,0.9465591907501221,-0.0000000413754222,-0.3424406051635742,-0.0000000000000000,0.0000000437113883,1.0000000000000000,-0.0000000000001137,0.0000000000000000,0.0000000000000000,0.0000000000000000,1.0000000000000000
M 0.9423308372497559,0.3346827328205109,-0.0000000146294470,-2.0108973979949951,-0.3346827328205109,0.9423308372497559,-0.0000000411905887,-0.3451679944992065,-0.0000000000000000,0.0000000437113883,1.0000000000000000,-0.0000000000001137,0.0000000000000000,0.0000000000000000,0.0000000000000000,1.0000000000000000
M 0.9381912946701050,0.3461170792579651,-0.0000000151292596,-2.0906538963317871,-0.3461170792579651,0.9381912946701050,-0.0000000410096455,-0.3470104932785034,-0.0000000000000000,0.0000000437113883,1.0000000000000000,-0.0000000000001137,0.0000000000000000,0.0000000000000000,0.0000000000000000,1.0000000000000000
M 0.9341936111450195,0.3567665517330170,-0.0000000155947646,-2.1656546592712402,-0.3567665517330170,0.9341936111450195,-0.0000000408348981,-0.3480869531631470,-0.0000000000000000,0.0000000437113883,1.0000000000000000,-0.0000000000001137,0.0000000000000000,0.0000000000000000,0.0000000000000000,1.0000000000000000
M 0.9303920269012451,0.3665662407875061,-0.0000000160231224,-2.2352910041809082,-0.3665662407875061,0.9303920269012451,-0.0000000406687342,-0.3485288619995117,-0.0000000000000000,0.0000000437113883,1.0000000000000000,-0.0000000000001137,0.0000000000000000,0.0000000000000000,0.0000000000000000,1.0000000000000000
M 0.9268418550491333,0.3754519820213318,-0.0000000164115210,-2.2989523410797119,-0.3754519820213318,0.9268418550491333,-0.0000000405135516,-0.3484679460525513,-0.0000000000000000,0.0000000437113883,1.0000000000000000,-0.0000000000001137,0.0000000000000000,0.0000000000000000,0.0000000000000000,1.0000000000000000
M 0.9235987663269043,0.3833606243133545,-0.0000000167572214,-2.3560323715209961,-0.3833606243133545,0.9235987663269043,-0.0000000403717841,-0.3480411767959595,-0.0000000000000000,0.0000000437113883,1.0000000000000000,-0.0000000000001137,0.0000000000000000,0.0000000000000000,0.0000000000000000,1.0000000000000000
M 0.9207178354263306,0.3902290165424347,-0.0000000170574488,-2.4059286117553711,-0.3902290165424347,0.9207178354263306,-0.0000000402458618,-0.3473836183547974,-0.0000000000000000,0.0000000437113883,1.0000000000000000,-0.0000000000001137,0.0000000000000000,0.0000000000000000,0.0000000000000000,1.0000000000000000
M 0.9182529449462891,0.3959943354129791,-0.0000000173094623,-2.4480457305908203,-0.3959943354129791,0.9182529449462891,-0.0000000401381186,-0.3466247320175171,-0.0000000000000000,0.0000000437113883,1.0000000000000000,-0.0000000000001137,0.0000000000000000,0.0000000000000000,0.0000000000000000,1.0000000000000000
M 0.9162560701370239,0.4005930125713348,-0.0000000175104766,-2.4817948341369629,-0.4005930125713348,0.9162560701370239,-0.0000000400508249,-0.3458825349807739,-0.0000000000000000,0.0000000437113883,1.0000000000000000,-0.0000000000001137,0.0000000000000000,0.0000000000000000,0.0000000000000000,1.0000000000000000
M 0.9147764444351196,0.4039604067802429,-0.0000000176576709,-2.5065951347351074,-0.4039604067802429,0.9147764444351196,-0.0000000399861477,-0.3452608585357666,-0.0000000000000000,0.0000000437113883,1.0000000000000000,-0.0000000000001137,0.0000000000000000,0.0000000000000000,0.0000000000000000,1.0000000000000000
M 0.9138593673706055,0.4060309529304504,-0.0000000177481692,-2.5218811035156250,-0.4060309529304504,0.9138593673706055,-0.0000000399460696,-0.3448468446731567,-0.0000000000000000,0.0000000437113883,1.0000000000000000,-0.0000000000001137,0.0000000000000000,0.0000000000000000,0.0000000000000000,1.0000000000000000
M 0.9135454893112183,0.4067366421222687,-0.0000000177790191,-2.5270969867706299,-0.4067366421222687,0.9135454893112183,-0.0000000399323490,-0.3446998596191406,-0.0000000000000000,0.0000000437113883,1.0000000000000000,-0.0000000000001137,0.0000000000000000,0.0000000000000000,0.0000000000000000,1.0000000000000000
O Pant_2_mvp_vl80c
A Pant_2_mvp_vl80c_Pant_2_mvp_vl80c
M 1.0000000000000000,0.0000000000000000,0.0000000000000000,0.0000000000000000,0.0000000000000000,1.0000000000000000,-0.0000000437113883,-0.0000000000003020,-0.0000000000000000,0.0000000437113883,1.0000000000000000,-0.0000000000000000,0.0000000000000000,0.0000000000000000,0.0000000000000000,1.0000000000000000
M 0.9999995231628418,0.0009975645225495,-0.0000000000436049,-0.0048655113205314,-0.0009975645225495,0.9999995231628418,-0.0000000437113741,-0.0053283511660993,-0.0000000000000000,0.0000000437113883,1.0000000000000000,-0.0000000000000000,0.0000000000000000,0.0000000000000000,0.0000000000000000,1.0000000000000000
M 0.9999923110008240,0.0039226170629263,-0.0000000001714630,-0.0191637668758631,-0.0039226170629263,0.9999923110008240,-0.0000000437110508,-0.0209238156676292,-0.0000000000000000,0.0000000437113883,1.0000000000000000,-0.0000000000000000,0.0000000000000000,0.0000000000000000,0.0000000000000000,1.0000000000000000
M 0.9999623894691467,0.0086736297234893,-0.0000000003791364,-0.0424846932291985,-0.0086736297234893,0.9999623894691467,-0.0000000437097434,-0.0461661256849766,-0.0000000000000000,0.0000000437113883,1.0000000000000000,-0.0000000000000000,0.0000000000000000,0.0000000000000000,0.0000000000000000,1.0000000000000000
M 0.9998852610588074,0.0151488780975342,-0.0000000006621785,-0.0744639933109283,-0.0151488780975342,0.9998852610588074,-0.0000000437063790,-0.0803924873471260,-0.0000000000000000,0.0000000437113883,1.0000000000000000,-0.0000000000000000,0.0000000000000000,0.0000000000000000,0.0000000000000000,1.0000000000000000
M 0.9997297525405884,0.0232462361454964,-0.0000000010161253,-0.1147697418928146,-0.0232462361454964,0.9997297525405884,-0.0000000436995826,-0.1229045763611794,-0.0000000000000000,0.0000000437113883,1.0000000000000000,-0.0000000000000000,0.0000000000000000,0.0000000000000000,0.0000000000000000,1.0000000000000000
M 0.9994598627090454,0.0328629873692989,-0.0000000014364868,-0.1630933582782745,-0.0328629873692989,0.9994598627090454,-0.0000000436877770,-0.1729784905910492,-0.0000000000000000,0.0000000437113883,1.0000000000000000,-0.0000000000000000,0.0000000000000000,0.0000000000000000,0.0000000000000000,1.0000000000000000
M 0.9990361332893372,0.0438956432044506,-0.0000000019187396,-0.2191420495510101,-0.0438956432044506,0.9990361332893372,-0.0000000436692638,-0.2298685908317566,-0.0000000000000000,0.0000000437113883,1.0000000000000000,-0.0000000000000000,0.0000000000000000,0.0000000000000000,0.0000000000000000,1.0000000000000000
M 0.9984173178672791,0.0562397167086601,-0.0000000024583160,-0.2826262712478638,-0.0562397167086601,0.9984173178672791,-0.0000000436422063,-0.2928152978420258,-0.0000000000000000,0.0000000437113883,1.0000000000000000,-0.0000000000000000,0.0000000000000000,0.0000000000000000,0.0000000000000000,1.0000000000000000
M 0.9975617527961731,0.0697896480560303,-0.0000000030506024,-0.3532541096210480,-0.0697896480560303,0.9975617527961731,-0.0000000436048175,-0.3610518276691437,-0.0000000000000000,0.0000000437113883,1.0000000000000000,-0.0000000000000000,0.0000000000000000,0.0000000000000000,0.0000000000000000,1.0000000000000000
M 0.9964286684989929,0.0844387039542198,-0.0000000036909329,-0.4307231307029724,-0.0844387039542198,0.9964286684989929,-0.0000000435552820,-0.4338090419769287,-0.0000000000000000,0.0000000437113883,1.0000000000000000,-0.0000000000000000,0.0000000000000000,0.0000000000000000,0.0000000000000000,1.0000000000000000
M 0.9949795007705688,0.1000789850950241,-0.0000000043745914,-0.5147133469581604,-0.1000789850950241,0.9949795007705688,-0.0000000434919336,-0.5103219747543335,-0.0000000000000000,0.0000000437113883,1.0000000000000000,-0.0000000000000000,0.0000000000000000,0.0000000000000000,0.0000000000000000,1.0000000000000000
M 0.9931787848472595,0.1166013777256012,-0.0000000050968083,-0.6048825979232788,-0.1166013777256012,0.9931787848472595,-0.0000000434132232,-0.5898354053497314,-0.0000000000000000,0.0000000437113883,1.0000000000000000,-0.0000000000000000,0.0000000000000000,0.0000000000000000,0.0000000000000000,1.0000000000000000
M 0.9909954071044922,0.1338959038257599,-0.0000000058527760,-0.7008606195449829,-0.1338959038257599,0.9909954071044922,-0.0000000433177938,-0.6716086268424988,-0.0000000000000000,0.0000000437113883,1.0000000000000000,-0.0000000000000000,0.0000000000000000,0.0000000000000000,0.0000000000000000,1.0000000000000000
M 0.9884033203125000,0.1518516689538956,-0.0000000066376482,-0.8022466301918030,-0.1518516689538956,0.9884033203125000,-0.0000000432044871,-0.7549235224723816,-0.0000000000000000,0.0000000437113883,1.0000000000000000,-0.0000000000000000,0.0000000000000000,0.0000000000000000,0.0000000000000000,1.0000000000000000
M 0.9853823781013489,0.1703572720289230,-0.0000000074465536,-0.9086048007011414,-0.1703572720289230,0.9853823781013489,-0.0000000430724327,-0.8390857577323914,-0.0000000000000000,0.0000000437113883,1.0000000000000000,-0.0000000000000000,0.0000000000000000,0.0000000000000000,0.0000000000000000,1.0000000000000000
M 0.9819191098213196,0.1893010884523392,-0.0000000082746139,-1.0194624662399292,-0.1893010884523392,0.9819191098213196,-0.0000000429210552,-0.9234334230422974,-0.0000000000000000,0.0000000437113883,1.0000000000000000,-0.0000000000000000,0.0000000000000000,0.0000000000000000,0.0000000000000000,1.0000000000000000
M 0.9780070781707764,0.2085715681314468,-0.0000000091169525,-1.1343109607696533,-0.2085715681314468,0.9780070781707764,-0.0000000427500488,-1.0073388814926147,-0.0000000000000000,0.0000000437113883,1.0000000000000000,-0.0000000000000000,0.0000000000000000,0.0000000000000000,0.0000000000000000,1.0000000000000000
M 0.9736475944519043,0.2280577123165131,-0.0000000099687192,-1.2526018619537354,-0.2280577123165131,0.9736475944519043,-0.0000000425594884,-1.0902153253555298,-0.0000000000000000,0.0000000437113883,1.0000000000000000,-0.0000000000000000,0.0000000000000000,0.0000000000000000,0.0000000000000000,1.0000000000000000
M 0.9688497185707092,0.2476495057344437,-0.0000000108251035,-1.3737504482269287,-0.2476495057344437,0.9688497185707092,-0.0000000423497646,-1.1715191602706909,-0.0000000000000000,0.0000000437113883,1.0000000000000000,-0.0000000000000000,0.0000000000000000,0.0000000000000000,0.0000000000000000,1.0000000000000000
M 0.9636304378509521,0.2672383487224579,-0.0000000116813590,-1.4971367120742798,-0.2672383487224579,0.9636304378509521,-0.0000000421216235,-1.2507535219192505,-0.0000000000000000,0.0000000437113883,1.0000000000000000,-0.0000000000000000,0.0000000000000000,0.0000000000000000,0.0000000000000000,1.0000000000000000
M 0.9580152034759521,0.2867173254489899,-0.0000000125328121,-1.6221030950546265,-0.2867173254489899,0.9580152034759521,-0.0000000418761736,-1.3274700641632080,-0.0000000000000000,0.0000000437113883,1.0000000000000000,-0.0000000000000000,0.0000000000000000,0.0000000000000000,0.0000000000000000,1.0000000000000000
M 0.9520373344421387,0.3059819042682648,-0.0000000133748959,-1.7479622364044189,-0.3059819042682648,0.9520373344421387,-0.0000000416148751,-1.4012727737426758,-0.0000000000000000,0.0000000437113883,1.0000000000000000,-0.0000000000000000,0.0000000000000000,0.0000000000000000,0.0000000000000000,1.0000000000000000
M 0.9457380175590515,0.3249301314353943,-0.0000000142031471,-1.8739967346191406,-0.3249301314353943,0.9457380175590515,-0.0000000413395291,-1.4718180894851685,-0.0000000000000000,0.0000000437113883,1.0000000000000000,-0.0000000000000000,0.0000000000000000,0.0000000000000000,0.0000000000000000,1.0000000000000000
M 0.9391662478446960,0.3434629440307617,-0.0000000150132422,-1.9994622468948364,-0.3434629440307617,0.9391662478446960,-0.0000000410522603,-1.5388154983520508,-0.0000000000000000,0.0000000437113883,1.0000000000000000,-0.0000000000000000,0.0000000000000000,0.0000000000000000,0.0000000000000000,1.0000000000000000
M 0.9323780536651611,0.3614846765995026,-0.0000000158009978,-2.1235926151275635,-0.3614846765995026,0.9323780536651611,-0.0000000407555376,-1.6020267009735107,-0.0000000000000000,0.0000000437113883,1.0000000000000000,-0.0000000000000000,0.0000000000000000,0.0000000000000000,0.0000000000000000,1.0000000000000000
M 0.9254363775253296,0.3789029717445374,-0.0000000165623746,-2.2456014156341553,-0.3789029717445374,0.9254363775253296,-0.0000000404521074,-1.6612651348114014,-0.0000000000000000,0.0000000437113883,1.0000000000000000,-0.0000000000000000,0.0000000000000000,0.0000000000000000,0.0000000000000000,1.0000000000000000
M 0.9184103608131409,0.3956291377544403,-0.0000000172935017,-2.3646867275238037,-0.3956291377544403,0.9184103608131409,-0.0000000401450002,-1.7163937091827393,-0.0000000000000000,0.0000000437113883,1.0000000000000000,-0.0000000000000000,0.0000000000000000,0.0000000000000000,0.0000000000000000,1.0000000000000000
M 0.9113745689392090,0.4115779399871826,-0.0000000179906436,-2.4800348281860352,-0.4115779399871826,0.9113745689392090,-0.0000000398374560,-1.7673208713531494,-0.0000000000000000,0.0000000437113883,1.0000000000000000,-0.0000000000000000,0.0000000000000000,0.0000000000000000,0.0000000000000000,1.0000000000000000
M 0.9044083952903748,0.4266678392887115,-0.0000000186502440,-2.5908231735229492,-0.4266678392887115,0.9044083952903748,-0.0000000395329458,-1.8139970302581787,-0.0000000000000000,0.0000000437113883,1.0000000000000000,-0.0000000000000000,0.0000000000000000,0.0000000000000000,0.0000000000000000,1.0000000000000000
M 0.8975952267646790,0.4408206045627594,-0.0000000192688798,-2.6962258815765381,-0.4408206045627594,0.8975952267646790,-0.0000000392351325,-1.8564119338989258,-0.0000000000000000,0.0000000437113883,1.0000000000000000,-0.0000000000000000,0.0000000000000000,0.0000000000000000,0.0000000000000000,1.0000000000000000
M 0.8910216689109802,0.4539608359336853,-0.0000000198432577,-2.7954123020172119,-0.4539608359336853,0.8910216689109802,-0.0000000389477925,-1.8945837020874023,-0.0000000000000000,0.0000000437113883,1.0000000000000000,-0.0000000000000000,0.0000000000000000,0.0000000000000000,0.0000000000000000,1.0000000000000000
M 0.8847762942314148,0.4660160541534424,-0.0000000203702086,-2.8875546455383301,-0.4660160541534424,0.8847762942314148,-0.0000000386748056,-1.9285576343536377,-0.0000000000000000,0.0000000437113883,1.0000000000000000,-0.0000000000000000,0.0000000000000000,0.0000000000000000,0.0000000000000000,1.0000000000000000
M 0.8789490461349487,0.4769156873226166,-0.0000000208466506,-2.9718298912048340,-0.4769156873226166,0.8789490461349487,-0.0000000384200831,-1.9583950042724609,-0.0000000000000000,0.0000000437113883,1.0000000000000000,-0.0000000000000000,0.0000000000000000,0.0000000000000000,0.0000000000000000,1.0000000000000000
M 0.8736299872398376,0.4865908324718475,-0.0000000212695639,-3.0474200248718262,-0.4865908324718475,0.8736299872398376,-0.0000000381875793,-1.9841661453247070,-0.0000000000000000,0.0000000437113883,1.0000000000000000,-0.0000000000000000,0.0000000000000000,0.0000000000000000,0.0000000000000000,1.0000000000000000
M 0.8689083456993103,0.4949730336666107,-0.0000000216359588,-3.1135144233703613,-0.4949730336666107,0.8689083456993103,-0.0000000379811986,-2.0059401988983154,-0.0000000000000000,0.0000000437113883,1.0000000000000000,-0.0000000000000000,0.0000000000000000,0.0000000000000000,0.0000000000000000,1.0000000000000000
M 0.8648712038993835,0.5019938349723816,-0.0000000219428511,-3.1693143844604492,-0.5019938349723816,0.8648712038993835,-0.0000000378047282,-2.0237765312194824,-0.0000000000000000,0.0000000437113883,1.0000000000000000,-0.0000000000000000,0.0000000000000000,0.0000000000000000,0.0000000000000000,1.0000000000000000
M 0.8616023063659668,0.5075839161872864,-0.0000000221871979,-3.2140340805053711,-0.5075839161872864,0.8616023063659668,-0.0000000376618345,-2.0377128124237061,-0.0000000000000000,0.0000000437113883,1.0000000000000000,-0.0000000000000000,0.0000000000000000,0.0000000000000000,0.0000000000000000,1.0000000000000000
M 0.8591809868812561,0.5116717815399170,-0.0000000223658834,-3.2469015121459961,-0.5116717815399170,0.8591809868812561,-0.0000000375559921,-2.0477530956268311,-0.0000000000000000,0.0000000437113883,1.0000000000000000,-0.0000000000000000,0.0000000000000000,0.0000000000000000,0.0000000000000000,1.0000000000000000
M 0.8576806187629700,0.5141828060150146,-0.0000000224756480,-3.2671601772308350,-0.5141828060150146,0.8576806187629700,-0.0000000374904090,-2.0538573265075684,-0.0000000000000000,0.0000000437113883,1.0000000000000000,-0.0000000000000000,0.0000000000000000,0.0000000000000000,0.0000000000000000,1.0000000000000000
M 0.8571673035621643,0.5150380730628967,-0.0000000225130332,-3.2740728855133057,-0.5150380730628967,0.8571673035621643,-0.0000000374679736,-2.0559251308441162,-0.0000000000000000,0.0000000437113883,1.0000000000000000,-0.0000000000000000,0.0000000000000000,0.0000000000000000,0.0000000000000000,1.0000000000000000
O Pant_1_mvp_vl80c
A Pant_1_mvp_vl80c_Pant_1_mvp_vl80c
M 1.0000000000000000,0.0000000000000000,0.0000000000000000,0.0000000000000000,0.0000000000000000,1.0000000000000000,-0.0000000437113883,-0.0000000000003020,-0.0000000000000000,0.0000000437113883,1.0000000000000000,-0.0000000000002274,0.0000000000000000,0.0000000000000000,0.0000000000000000,1.0000000000000000
M 0.9999995231628418,-0.0009975645225495,0.0000000000436049,0.0048612197861075,0.0009975645225495,0.9999995231628418,-0.0000000437113741,0.0043979026377201,-0.0000000000000000,0.0000000437113883,1.0000000000000000,-0.0000000000002274,0.0000000000000000,0.0000000000000000,0.0000000000000000,1.0000000000000000
M 0.9999923110008240,-0.0039226170629263,0.0000000001714630,0.0190889034420252,0.0039226170629263,0.9999923110008240,-0.0000000437110508,0.0173217020928860,-0.0000000000000000,0.0000000437113883,1.0000000000000000,-0.0000000000002274,0.0000000000000000,0.0000000000000000,0.0000000000000000,1.0000000000000000
M 0.9999623894691467,-0.0086736297234893,0.0000000003791364,0.0421180054545403,0.0086736297234893,0.9999623894691467,-0.0000000437097434,0.0384017638862133,-0.0000000000000000,0.0000000437113883,1.0000000000000000,-0.0000000000002274,0.0000000000000000,0.0000000000000000,0.0000000000000000,1.0000000000000000
