O Engine_DOOR_2_TOGGLE_CG_DoorEngine2_EXTERNAL_mvp_vl80c
A Engine_DOOR_2_CG_DoorEngine2_EXTERNAL_mvp_vl80c_Engine_DOOR_2_CG_DoorEngine2_EXTERNAL_mvp_vl80c
M 1.0000000000000000,0.0000000000000000,0.0000000000000000,0.0000000000000000,0.0000000000000000,1.0000000000000000,-0.0000000437113883,-0.0000000036030912,-0.0000000000000000,0.0000000437113883,1.0000000000000000,0.0000000199899262,0.0000000000000000,0.0000000000000000,0.0000000000000000,1.0000000000000000
M 1.0000000000000000,0.0000000000000000,0.0000000000000000,0.0000000000000000,0.0000000000000000,1.0000000000000000,-0.0000000437113883,-0.0000000036030912,-0.0000000000000000,0.0000000437113883,1.0000000000000000,0.0000000199899262,0.0000000000000000,0.0000000000000000,0.0000000000000000,1.0000000000000000
M 1.0000000000000000,0.0000000000000000,0.0000000000000000,0.0000000000000000,0.0000000000000000,1.0000000000000000,-0.0000000437113883,-0.0000000036030912,-0.0000000000000000,0.0000000437113883,1.0000000000000000,0.0000000199899262,0.0000000000000000,0.0000000000000000,0.0000000000000000,1.0000000000000000
M 1.0000000000000000,0.0000000000000000,0.0000000000000000,0.0000000000000000,0.0000000000000000,1.0000000000000000,-0.0000000437113883,-0.0000000036030912,-0.0000000000000000,0.0000000437113883,1.0000000000000000,0.0000000199899262,0.0000000000000000,0.0000000000000000,0.0000000000000000,1.0000000000000000
M 1.0000000000000000,0.0000000000000000,0.0000000000000000,0.0000000000000000,0.0000000000000000,1.0000000000000000,-0.0000000437113883,-0.0000000036030912,-0.0000000000000000,0.0000000437113883,1.0000000000000000,0.0000000199899262,0.0000000000000000,0.0000000000000000,0.0000000000000000,1.0000000000000000
M 1.0000000000000000,0.0000000000000000,0.0000000000000000,0.0000000000000000,0.0000000000000000,1.0000000000000000,-0.0000000437113883,-0.0000000036030912,-0.0000000000000000,0.0000000437113883,1.0000000000000000,0.0000000199899262,0.0000000000000000,0.0000000000000000,0.0000000000000000,1.0000000000000000
M 1.0000000000000000,0.0000000000000000,0.0000000000000000,0.0000000000000000,0.0000000000000000,1.0000000000000000,-0.0000000437113883,-0.0000000036030912,-0.0000000000000000,0.0000000437113883,1.0000000000000000,0.0000000199899262,0.0000000000000000,0.0000000000000000,0.0000000000000000,1.0000000000000000
M 1.0000000000000000,0.0000000000000000,0.0000000000000000,0.0000000000000000,0.0000000000000000,1.0000000000000000,-0.0000000437113883,-0.0000000036030912,-0.0000000000000000,0.0000000437113883,1.0000000000000000,0.0000000199899262,0.0000000000000000,0.0000000000000000,0.0000000000000000,1.0000000000000000
M 1.0000000000000000,0.0000000000000000,0.0000000000000000,0.0000000000000000,0.0000000000000000,1.0000000000000000,-0.0000000437113883,-0.0000000036030912,-0.0000000000000000,0.0000000437113883,1.0000000000000000,0.0000000199899262,0.0000000000000000,0.0000000000000000,0.0000000000000000,1.0000000000000000
M 1.0000000000000000,0.0000000000000000,0.0000000000000000,0.0000000000000000,0.0000000000000000,1.0000000000000000,-0.0000000437113883,-0.0000000036030912,-0.0000000000000000,0.0000000437113883,1.0000000000000000,0.0000000199899262,0.0000000000000000,0.0000000000000000,0.0000000000000000,1.0000000000000000
M 1.0000000000000000,0.0000000000000000,0.0000000000000000,0.0000000000000000,0.0000000000000000,1.0000000000000000,-0.0000000437113883,-0.0000000036030912,-0.0000000000000000,0.0000000437113883,1.0000000000000000,0.0000000199899262,0.0000000000000000,0.0000000000000000,0.0000000000000000,1.0000000000000000
M 1.0000000000000000,0.0000000000000000,0.0000000000000000,0.0000000000000000,0.0000000000000000,1.0000000000000000,-0.0000000437113883,-0.0000000036030912,-0.0000000000000000,0.0000000437113883,1.0000000000000000,0.0000000199899262,0.0000000000000000,0.0000000000000000,0.0000000000000000,1.0000000000000000
M 1.0000000000000000,0.0000000000000000,0.0000000000000000,0.0000000000000000,0.0000000000000000,1.0000000000000000,-0.0000000437113883,-0.0000000036030912,-0.0000000000000000,0.0000000437113883,1.0000000000000000,0.0000000199899262,0.0000000000000000,0.0000000000000000,0.0000000000000000,1.0000000000000000
M 1.0000000000000000,0.0000000000000000,0.0000000000000000,0.0000000000000000,0.0000000000000000,1.0000000000000000,-0.0000000437113883,-0.0000000036030912,-0.0000000000000000,0.0000000437113883,1.0000000000000000,0.0000000199899262,0.0000000000000000,0.0000000000000000,0.0000000000000000,1.0000000000000000
M 1.0000000000000000,0.0000000000000000,0.0000000000000000,0.0000000000000000,0.0000000000000000,1.0000000000000000,-0.0000000437113883,-0.0000000036030912,-0.0000000000000000,0.0000000437113883,1.0000000000000000,0.0000000199899262,0.0000000000000000,0.0000000000000000,0.0000000000000000,1.0000000000000000
M 1.0000000000000000,0.0000000000000000,0.0000000000000000,0.0000000000000000,0.0000000000000000,1.0000000000000000,-0.0000000437113883,-0.0000000036030912,-0.0000000000000000,0.0000000437113883,1.0000000000000000,0.0000000199899262,0.0000000000000000,0.0000000000000000,0.0000000000000000,1.0000000000000000
M 1.0000000000000000,0.0000000000000000,0.0000000000000000,0.0000000000000000,0.0000000000000000,1.0000000000000000,-0.0000000437113883,-0.0000000036030912,-0.0000000000000000,0.0000000437113883,1.0000000000000000,0.0000000199899262,0.0000000000000000,0.0000000000000000,0.0000000000000000,1.0000000000000000
M 1.0000000000000000,0.0000000000000000,0.0000000000000000,0.0000000000000000,0.0000000000000000,1.0000000000000000,-0.0000000437113883,-0.0000000036030912,-0.0000000000000000,0.0000000437113883,1.0000000000000000,0.0000000199899262,0.0000000000000000,0.0000000000000000,0.0000000000000000,1.0000000000000000
M 1.0000000000000000,0.0000000000000000,0.0000000000000000,0.0000000000000000,0.0000000000000000,1.0000000000000000,-0.0000000437113883,-0.0000000036030912,-0.0000000000000000,0.0000000437113883,1.0000000000000000,0.0000000199899262,0.0000000000000000,0.0000000000000000,0.0000000000000000,1.0000000000000000
M 1.0000000000000000,0.0000000000000000,0.0000000000000000,0.0000000000000000,0.0000000000000000,1.0000000000000000,-0.0000000437113883,-0.0000000036030912,-0.0000000000000000,0.0000000437113883,1.0000000000000000,0.0000000199899262,0.0000000000000000,0.0000000000000000,0.0000000000000000,1.0000000000000000
M 1.0000000000000000,0.0000000000000000,0.0000000000000000,0.0000000000000000,0.0000000000000000,1.0000000000000000,-0.0000000437113883,-0.0000000036030912,-0.0000000000000000,0.0000000437113883,1.0000000000000000,0.0000000199899262,0.0000000000000000,0.0000000000000000,0.0000000000000000,1.0000000000000000
M 0.9999931454658508,-0.0000000001617599,-0.0037006358616054,-0.0057023637928069,0.0000000000000000,1.0000000000000000,-0.0000000437113883,-0.0000000036030912,0.0037006358616054,0.0000000437110899,0.9999931454658508,0.0194178689271212,0.0000000000000000,0.0000000000000000,0.0000000000000000,1.0000000000000000
M 0.9998941421508789,-0.0000000006360520,-0.0145511720329523,-0.0228374823927879,0.0000000000000000,1.0000000000000000,-0.0000000437113883,-0.0000000036030912,0.0145511720329523,0.0000000437067627,0.9998941421508789,0.0762315541505814,0.0000000000000000,0.0000000000000000,0.0000000000000000,1.0000000000000000
M 0.9994823932647705,-0.0000000014062496,-0.0321712344884872,-0.0519797168672085,0.0000000000000000,1.0000000000000000,-0.0000000437113883,-0.0000000036030912,0.0321712344884872,0.0000000436887646,0.9994823932647705,0.1681063771247864,0.0000000000000000,0.0000000000000000,0.0000000000000000,1.0000000000000000
M 0.9984211921691895,-0.0000000024552702,-0.0561700351536274,-0.0942992642521858,0.0000000000000000,1.0000000000000000,-0.0000000437113883,-0.0000000036030912,0.0561700351536274,0.0000000436423768,0.9984211921691895,0.2924751639366150,0.0000000000000000,0.0000000000000000,0.0000000000000000,1.0000000000000000
M 0.9962832927703857,-0.0000000037651664,-0.0861369594931602,-0.1514099240303040,0.0000000000000000,1.0000000000000000,-0.0000000437113883,-0.0000000036030912,0.0861369594931602,0.0000000435489333,0.9962832927703857,0.4465278983116150,0.0000000000000000,0.0000000000000000,0.0000000000000000,1.0000000000000000
M 0.9925753474235535,-0.0000000053166676,-0.1216311529278755,-0.2252273112535477,0.0000000000000000,1.0000000000000000,-0.0000000437113883,-0.0000000036030912,0.1216311529278755,0.0000000433868479,0.9925753474235535,0.6271945834159851,0.0000000000000000,0.0000000000000000,0.0000000000000000,1.0000000000000000
M 0.9867625832557678,-0.0000000070887500,-0.1621716767549515,-0.3178220987319946,0.0000000000000000,1.0000000000000000,-0.0000000437113883,-0.0000000036030912,0.1621716767549515,0.0000000431327614,0.9867625832557678,0.8311315774917603,0.0000000000000000,0.0000000000000000,0.0000000000000000,1.0000000000000000
M 0.9782925248146057,-0.0000000090582581,-0.2072287946939468,-0.4312832951545715,0.0000000000000000,1.0000000000000000,-0.0000000437113883,-0.0000000036030912,0.2072287946939468,0.0000000427625331,0.9782925248146057,1.0547115802764893,0.0000000000000000,0.0000000000000000,0.0000000000000000,1.0000000000000000
M 0.9666189551353455,-0.0000000111996545,-0.2562182247638702,-0.5675848722457886,0.0000000000000000,1.0000000000000000,-0.0000000437113883,-0.0000000036030912,0.2562182247638702,0.0000000422522639,0.9666189551353455,1.2940309047698975,0.0000000000000000,0.0000000000000000,0.0000000000000000,1.0000000000000000
M 0.9512249231338501,-0.0000000134848861,-0.3084982335567474,-0.7284572720527649,0.0000000000000000,1.0000000000000000,-0.0000000437113883,-0.0000000036030912,0.3084982335567474,0.0000000415793622,0.9512249231338501,1.5449287891387939,0.0000000000000000,0.0000000000000000,0.0000000000000000,1.0000000000000000
M 0.9316446781158447,-0.0000000158834386,-0.3633706867694855,-0.9152768850326538,0.0000000000000000,1.0000000000000000,-0.0000000437113883,-0.0000000036030912,0.3633706867694855,0.0000000407234815,0.9316446781158447,1.8030270338058472,0.0000000000000000,0.0000000000000000,0.0000000000000000,1.0000000000000000
M 0.9074844121932983,-0.0000000183625346,-0.4200857579708099,-1.1289633512496948,0.0000000000000000,1.0000000000000000,-0.0000000437113883,-0.0000000036030912,0.4200857579708099,0.0000000396674018,0.9074844121932983,2.0637857913970947,0.0000000000000000,0.0000000000000000,0.0000000000000000,1.0000000000000000
M 0.8784407377243042,-0.0000000208875441,-0.4778513014316559,-1.3698960542678833,0.0000000000000000,1.0000000000000000,-0.0000000437113883,-0.0000000036030912,0.4778513014316559,0.0000000383978644,0.8784407377243042,2.3225817680358887,0.0000000000000000,0.0000000000000000,0.0000000000000000,1.0000000000000000
M 0.8443162441253662,-0.0000000234225421,-0.5358452200889587,-1.6378532648086548,0.0000000000000000,1.0000000000000000,-0.0000000437113883,-0.0000000036030912,0.5358452200889587,0.0000000369062363,0.8443162441253662,2.5747964382171631,0.0000000000000000,0.0000000000000000,0.0000000000000000,1.0000000000000000
M 0.8050312995910645,-0.0000000259310120,-0.5932323336601257,-1.9319732189178467,0.0000000000000000,1.0000000000000000,-0.0000000437113883,-0.0000000036030912,0.5932323336601257,0.0000000351890286,0.8050312995910645,2.8159236907958984,0.0000000000000000,0.0000000000000000,0.0000000000000000,1.0000000000000000
M 0.7606325745582581,-0.0000000283766735,-0.6491826176643372,-2.2507402896881104,0.0000000000000000,1.0000000000000000,-0.0000000437113883,-0.0000000036030912,0.6491826176643372,0.0000000332483054,0.7606325745582581,3.0416772365570068,0.0000000000000000,0.0000000000000000,0.0000000000000000,1.0000000000000000
M 0.7112960815429688,-0.0000000307244044,-0.7028924822807312,-2.5920000076293945,0.0000000000000000,1.0000000000000000,-0.0000000437113883,-0.0000000036030912,0.7028924822807312,0.0000000310917407,0.7112960815429688,3.2481074333190918,0.0000000000000000,0.0000000000000000,0.0000000000000000,1.0000000000000000
M 0.6573259830474854,-0.0000000329411840,-0.7536063790321350,-2.9529988765716553,0.0000000000000000,1.0000000000000000,-0.0000000437113883,-0.0000000036030912,0.7536063790321350,0.0000000287326305,0.6573259830474854,3.4317138195037842,0.0000000000000000,0.0000000000000000,0.0000000000000000,1.0000000000000000
M 0.5991480350494385,-0.0000000349970115,-0.8006382584571838,-3.3304505348205566,0.0000000000000000,1.0000000000000000,-0.0000000437113883,-0.0000000036030912,0.8006382584571838,0.0000000261895927,0.5991480350494385,3.5895462036132812,0.0000000000000000,0.0000000000000000,0.0000000000000000,1.0000000000000000
M 0.5372995734214783,-0.0000000368658135,-0.8433914780616760,-3.7206208705902100,0.0000000000000000,1.0000000000000000,-0.0000000437113883,-0.0000000036030912,0.8433914780616760,0.0000000234861144,0.5372995734214783,3.7192952632904053,0.0000000000000000,0.0000000000000000,0.0000000000000000,1.0000000000000000
M 0.4724138379096985,-0.0000000385262062,-0.8813768625259399,-4.1194362640380859,0.0000000000000000,1.0000000000000000,-0.0000000437113883,-0.0000000036030912,0.8813768625259399,0.0000000206498676,0.4724138379096985,3.8193621635437012,0.0000000000000000,0.0000000000000000,0.0000000000000000,1.0000000000000000
M 0.4052012562751770,-0.0000000399621527,-0.9142274856567383,-4.5226049423217773,0.0000000000000000,1.0000000000000000,-0.0000000437113883,-0.0000000036030912,0.9142274856567383,0.0000000177119102,0.4052012562751770,3.8889081478118896,0.0000000000000000,0.0000000000000000,0.0000000000000000,1.0000000000000000
M 0.3364301621913910,-0.0000000411633891,-0.9417084455490112,-4.9257330894470215,0.0000000000000000,1.0000000000000000,-0.0000000437113883,-0.0000000036030912,0.9417084455490112,0.0000000147058294,0.3364301621913910,3.9278774261474609,0.0000000000000000,0.0000000000000000,0.0000000000000000,1.0000000000000000
M 0.2669019699096680,-0.0000000421256985,-0.9637236595153809,-5.3244671821594238,0.0000000000000000,1.0000000000000000,-0.0000000437113883,-0.0000000036030912,0.9637236595153809,0.0000000116666552,0.2669019699096680,3.9369926452636719,0.0000000000000000,0.0000000000000000,0.0000000000000000,1.0000000000000000
M 0.1974300444126129,-0.0000000428510241,-0.9803169965744019,-5.7146034240722656,0.0000000000000000,1.0000000000000000,-0.0000000437113883,-0.0000000036030912,0.9803169965744019,0.0000000086299412,0.1974300444126129,3.9177284240722656,0.0000000000000000,0.0000000000000000,0.0000000000000000,1.0000000000000000
M 0.1288172602653503,-0.0000000433471996,-0.9916683435440063,-6.0922021865844727,0.0000000000000000,1.0000000000000000,-0.0000000437113883,-0.0000000036030912,0.9916683435440063,0.0000000056307812,0.1288172602653503,3.8722596168518066,0.0000000000000000,0.0000000000000000,0.0000000000000000,1.0000000000000000
M 0.0618351101875305,-0.0000000436277432,-0.9980863928794861,-6.4536862373352051,0.0000000000000000,1.0000000000000000,-0.0000000437113883,-0.0000000036030912,0.9980863928794861,0.0000000027028986,0.0618351101875305,3.8033878803253174,0.0000000000000000,0.0000000000000000,0.0000000000000000,1.0000000000000000
M -0.0027923984453082,-0.0000000437112249,-0.9999961256980896,-6.7959046363830566,0.0000000000000000,1.0000000000000000,-0.0000000437113883,-0.0000000036030912,0.9999961256980896,-0.0000000001220596,-0.0027923984453082,3.7144529819488525,0.0000000000000000,0.0000000000000000,0.0000000000000000,1.0000000000000000
M -0.0644042715430260,-0.0000000436206449,-0.9979239106178284,-7.1161942481994629,0.0000000000000000,1.0000000000000000,-0.0000000437113883,-0.0000000036030912,0.9979239106178284,-0.0000000028152005,-0.0644042715430260,3.6092307567596436,0.0000000000000000,0.0000000000000000,0.0000000000000000,1.0000000000000000
M -0.1224107071757317,-0.0000000433826557,-0.9924795031547546,-7.4123911857604980,0.0000000000000000,1.0000000000000000,-0.0000000437113883,-0.0000000036030912,0.9924795031547546,-0.0000000053507421,-0.1224107071757317,3.4918253421783447,0.0000000000000000,0.0000000000000000,0.0000000000000000,1.0000000000000000
M -0.1762984097003937,-0.0000000430267271,-0.9843367934226990,-7.6828331947326660,0.0000000000000000,1.0000000000000000,-0.0000000437113883,-0.0000000036030912,0.9843367934226990,-0.0000000077062490,-0.1762984097003937,3.3665604591369629,0.0000000000000000,0.0000000000000000,0.0000000000000000,1.0000000000000000
M -0.2256314903497696,-0.0000000425841904,-0.9742127060890198,-7.9263291358947754,0.0000000000000000,1.0000000000000000,-0.0000000437113883,-0.0000000036030912,0.9742127060890198,-0.0000000098626654,-0.2256314903497696,3.2378678321838379,0.0000000000000000,0.0000000000000000,0.0000000000000000,1.0000000000000000
M -0.2700464129447937,-0.0000000420873931,-0.9628472924232483,-8.1421041488647461,0.0000000000000000,1.0000000000000000,-0.0000000437113883,-0.0000000036030912,0.9628472924232483,-0.0000000118041035,-0.2700464129447937,3.1101889610290527,0.0000000000000000,0.0000000000000000,0.0000000000000000,1.0000000000000000
M -0.3092453777790070,-0.0000000415687538,-0.9509822726249695,-8.3297300338745117,0.0000000000000000,1.0000000000000000,-0.0000000437113883,-0.0000000036030912,0.9509822726249695,-0.0000000135175462,-0.3092453777790070,2.9878740310668945,0.0000000000000000,0.0000000000000000,0.0000000000000000,1.0000000000000000
M -0.3429809510707855,-0.0000000410599590,-0.9393423795700073,-8.4890184402465820,0.0000000000000000,1.0000000000000000,-0.0000000437113883,-0.0000000036030912,0.9393423795700073,-0.0000000149921728,-0.3429809510707855,2.8751072883605957,0.0000000000000000,0.0000000000000000,0.0000000000000000,1.0000000000000000
M -0.3710435926914215,-0.0000000405910789,-0.9286154508590698,-8.6199216842651367,0.0000000000000000,1.0000000000000000,-0.0000000437113883,-0.0000000036030912,0.9286154508590698,-0.0000000162188307,-0.3710435926914215,2.7758200168609619,0.0000000000000000,0.0000000000000000,0.0000000000000000,1.0000000000000000
M -0.3932423591613770,-0.0000000401897751,-0.9194348454475403,-8.7224073410034180,0.0000000000000000,1.0000000000000000,-0.0000000437113883,-0.0000000036030912,0.9194348454475403,-0.0000000171891692,-0.3932423591613770,2.6936299800872803,0.0000000000000000,0.0000000000000000,0.0000000000000000,1.0000000000000000
M -0.4093858003616333,-0.0000000398805824,-0.9123613834381104,-8.7963294982910156,0.0000000000000000,1.0000000000000000,-0.0000000437113883,-0.0000000036030912,0.9123613834381104,-0.0000000178948216,-0.4093858003616333,2.6317746639251709,0.0000000000000000,0.0000000000000000,0.0000000000000000,1.0000000000000000
M -0.4192616641521454,-0.0000000396840605,-0.9078654646873474,-8.8412933349609375,0.0000000000000000,1.0000000000000000,-0.0000000437113883,-0.0000000036030912,0.9078654646873474,-0.0000000183265101,-0.4192616641521454,2.5930483341217041,0.0000000000000000,0.0000000000000000,0.0000000000000000,1.0000000000000000
M -0.4226183295249939,-0.0000000396159692,-0.9063077569007874,-8.8565301895141602,0.0000000000000000,1.0000000000000000,-0.0000000437113883,-0.0000000036030912,0.9063077569007874,-0.0000000184732336,-0.4226183295249939,2.5797305107116699,0.0000000000000000,0.0000000000000000,0.0000000000000000,1.0000000000000000
M -0.4226183295249939,-0.0000000396159692,-0.9063077569007874,-8.8565301895141602,0.0000000000000000,1.0000000000000000,-0.0000000437113883,-0.0000000036030912,0.9063077569007874,-0.0000000184732336,-0.4226183295249939,2.5797305107116699,0.0000000000000000,0.0000000000000000,0.0000000000000000,1.0000000000000000
M -0.4226183295249939,-0.0000000396159692,-0.9063077569007874,-8.8565301895141602,0.0000000000000000,1.0000000000000000,-0.0000000437113883,-0.0000000036030912,0.9063077569007874,-0.0000000184732336,-0.4226183295249939,2.5797305107116699,0.0000000000000000,0.0000000000000000,0.0000000000000000,1.0000000000000000
M -0.4226183295249939,-0.0000000396159692,-0.9063077569007874,-8.8565301895141602,0.0000000000000000,1.0000000000000000,-0.0000000437113883,-0.0000000036030912,0.9063077569007874,-0.0000000184732336,-0.4226183295249939,2.5797305107116699,0.0000000000000000,0.0000000000000000,0.0000000000000000,1.0000000000000000
M -0.4226183295249939,-0.0000000396159692,-0.9063077569007874,-8.8565301895141602,0.0000000000000000,1.0000000000000000,-0.0000000437113883,-0.0000000036030912,0.9063077569007874,-0.0000000184732336,-0.4226183295249939,2.5797305107116699,0.0000000000000000,0.0000000000000000,0.0000000000000000,1.0000000000000000
M -0.4226183295249939,-0.0000000396159692,-0.9063077569007874,-8.8565301895141602,0.0000000000000000,1.0000000000000000,-0.0000000437113883,-0.0000000036030912,0.9063077569007874,-0.0000000184732336,-0.4226183295249939,2.5797305107116699,0.0000000000000000,0.0000000000000000,0.0000000000000000,1.0000000000000000
M -0.4226183295249939,-0.0000000396159692,-0.9063077569007874,-8.8565301895141602,0.0000000000000000,1.0000000000000000,-0.0000000437113883,-0.0000000036030912,0.9063077569007874,-0.0000000184732336,-0.4226183295249939,2.5797305107116699,0.0000000000000000,0.0000000000000000,0.0000000000000000,1.0000000000000000
M -0.4226183295249939,-0.0000000396159692,-0.9063077569007874,-8.8565301895141602,0.0000000000000000,1.0000000000000000,-0.0000000437113883,-0.0000000036030912,0.9063077569007874,-0.0000000184732336,-0.4226183295249939,2.5797305107116699,0.0000000000000000,0.0000000000000000,0.0000000000000000,1.0000000000000000
M -0.4226183295249939,-0.0000000396159692,-0.9063077569007874,-8.8565301895141602,0.0000000000000000,1.0000000000000000,-0.0000000437113883,-0.0000000036030912,0.9063077569007874,-0.0000000184732336,-0.4226183295249939,2.5797305107116699,0.0000000000000000,0.0000000000000000,0.0000000000000000,1.0000000000000000
M -0.4226183295249939,-0.0000000396159692,-0.9063077569007874,-8.8565301895141602,0.0000000000000000,1.0000000000000000,-0.0000000437113883,-0.0000000036030912,0.9063077569007874,-0.0000000184732336,-0.4226183295249939,2.5797305107116699,0.0000000000000000,0.0000000000000000,0.0000000000000000,1.0000000000000000
M -0.4226183295249939,-0.0000000396159692,-0.9063077569007874,-8.8565301895141602,0.0000000000000000,1.0000000000000000,-0.0000000437113883,-0.0000000036030912,0.9063077569007874,-0.0000000184732336,-0.4226183295249939,2.5797305107116699,0.0000000000000000,0.0000000000000000,0.0000000000000000,1.0000000000000000
M -0.4226183295249939,-0.0000000396159692,-0.9063077569007874,-8.8565301895141602,0.0000000000000000,1.0000000000000000,-0.0000000437113883,-0.0000000036030912,0.9063077569007874,-0.0000000184732336,-0.4226183295249939,2.5797305107116699,0.0000000000000000,0.0000000000000000,0.0000000000000000,1.0000000000000000
M -0.4226183295249939,-0.0000000396159692,-0.9063077569007874,-8.8565301895141602,0.0000000000000000,1.0000000000000000,-0.0000000437113883,-0.0000000036030912,0.9063077569007874,-0.0000000184732336,-0.4226183295249939,2.5797305107116699,0.0000000000000000,0.0000000000000000,0.0000000000000000,1.0000000000000000
M -0.4226183295249939,-0.0000000396159692,-0.9063077569007874,-8.8565301895141602,0.0000000000000000,1.0000000000000000,-0.0000000437113883,-0.0000000036030912,0.9063077569007874,-0.0000000184732336,-0.4226183295249939,2.5797305107116699,0.0000000000000000,0.0000000000000000,0.0000000000000000,1.0000000000000000
M -0.4226183295249939,-0.0000000396159692,-0.9063077569007874,-8.8565301895141602,0.0000000000000000,1.0000000000000000,-0.0000000437113883,-0.0000000036030912,0.9063077569007874,-0.0000000184732336,-0.4226183295249939,2.5797305107116699,0.0000000000000000,0.0000000000000000,0.0000000000000000,1.0000000000000000
M -0.4226183295249939,-0.0000000396159692,-0.9063077569007874,-8.8565301895141602,0.0000000000000000,1.0000000000000000,-0.0000000437113883,-0.0000000036030912,0.9063077569007874,-0.0000000184732336,-0.4226183295249939,2.5797305107116699,0.0000000000000000,0.0000000000000000,0.0000000000000000,1.0000000000000000
M -0.4226183295249939,-0.0000000396159692,-0.9063077569007874,-8.8565301895141602,0.0000000000000000,1.0000000000000000,-0.0000000437113883,-0.0000000036030912,0.9063077569007874,-0.0000000184732336,-0.4226183295249939,2.5797305107116699,0.0000000000000000,0.0000000000000000,0.0000000000000000,1.0000000000000000
M -0.4226183295249939,-0.0000000396159692,-0.9063077569007874,-8.8565301895141602,0.0000000000000000,1.0000000000000000,-0.0000000437113883,-0.0000000036030912,0.9063077569007874,-0.0000000184732336,-0.4226183295249939,2.5797305107116699,0.0000000000000000,0.0000000000000000,0.0000000000000000,1.0000000000000000
M -0.4226183295249939,-0.0000000396159692,-0.9063077569007874,-8.8565301895141602,0.0000000000000000,1.0000000000000000,-0.0000000437113883,-0.0000000036030912,0.9063077569007874,-0.0000000184732336,-0.4226183295249939,2.5797305107116699,0.0000000000000000,0.0000000000000000,0.0000000000000000,1.0000000000000000
M -0.4226183295249939,-0.0000000396159692,-0.9063077569007874,-8.8565301895141602,0.0000000000000000,1.0000000000000000,-0.0000000437113883,-0.0000000036030912,0.9063077569007874,-0.0000000184732336,-0.4226183295249939,2.5797305107116699,0.0000000000000000,0.0000000000000000,0.0000000000000000,1.0000000000000000
M -0.4226183295249939,-0.0000000396159692,-0.9063077569007874,-8.8565301895141602,0.0000000000000000,1.0000000000000000,-0.0000000437113883,-0.0000000036030912,0.9063077569007874,-0.0000000184732336,-0.4226183295249939,2.5797305107116699,0.0000000000000000,0.0000000000000000,0.0000000000000000,1.0000000000000000
O Engine_DOOR_2_INTERIOR_LCG_EIL_mvp_vl80c
A Engine_DOOR_2_INTERIOR_LCG_EIL_mvp_vl80c_Engine_DOOR_2_INTERIOR_LCG_EIL_mvp_vl80c
M 1.0000000000000000,0.0000000000000000,0.0000000000000000,0.0000000000000000,0.0000000000000000,1.0000000000000000,-0.0000000437113883,-0.0000000036030912,-0.0000000000000000,0.0000000437113883,1.0000000000000000,0.0000000199899262,0.0000000000000000,0.0000000000000000,0.0000000000000000,1.0000000000000000
M 1.0000000000000000,0.0000000000000000,0.0000000000000000,0.0000000000000000,0.0000000000000000,1.0000000000000000,-0.0000000437113883,-0.0000000036030912,-0.0000000000000000,0.0000000437113883,1.0000000000000000,0.0000000199899262,0.0000000000000000,0.0000000000000000,0.0000000000000000,1.0000000000000000
M 1.0000000000000000,0.0000000000000000,0.0000000000000000,0.0000000000000000,0.0000000000000000,1.0000000000000000,-0.0000000437113883,-0.0000000036030912,-0.0000000000000000,0.0000000437113883,1.0000000000000000,0.0000000199899262,0.0000000000000000,0.0000000000000000,0.0000000000000000,1.0000000000000000
M 1.0000000000000000,0.0000000000000000,0.0000000000000000,0.0000000000000000,0.0000000000000000,1.0000000000000000,-0.0000000437113883,-0.0000000036030912,-0.0000000000000000,0.0000000437113883,1.0000000000000000,0.0000000199899262,0.0000000000000000,0.0000000000000000,0.0000000000000000,1.0000000000000000
M 1.0000000000000000,0.0000000000000000,0.0000000000000000,0.0000000000000000,0.0000000000000000,1.0000000000000000,-0.0000000437113883,-0.0000000036030912,-0.0000000000000000,0.0000000437113883,1.0000000000000000,0.0000000199899262,0.0000000000000000,0.0000000000000000,0.0000000000000000,1.0000000000000000
M 1.0000000000000000,0.0000000000000000,0.0000000000000000,0.0000000000000000,0.0000000000000000,1.0000000000000000,-0.0000000437113883,-0.0000000036030912,-0.0000000000000000,0.0000000437113883,1.0000000000000000,0.0000000199899262,0.0000000000000000,0.0000000000000000,0.0000000000000000,1.0000000000000000
M 1.0000000000000000,0.0000000000000000,0.0000000000000000,0.0000000000000000,0.0000000000000000,1.0000000000000000,-0.0000000437113883,-0.0000000036030912,-0.0000000000000000,0.0000000437113883,1.0000000000000000,0.0000000199899262,0.0000000000000000,0.0000000000000000,0.0000000000000000,1.0000000000000000
M 1.0000000000000000,0.0000000000000000,0.0000000000000000,0.0000000000000000,0.0000000000000000,1.0000000000000000,-0.0000000437113883,-0.0000000036030912,-0.0000000000000000,0.0000000437113883,1.0000000000000000,0.0000000199899262,0.0000000000000000,0.0000000000000000,0.0000000000000000,1.0000000000000000
M 1.0000000000000000,0.0000000000000000,0.0000000000000000,0.0000000000000000,0.0000000000000000,1.0000000000000000,-0.0000000437113883,-0.0000000036030912,-0.0000000000000000,0.0000000437113883,1.0000000000000000,0.0000000199899262,0.0000000000000000,0.0000000000000000,0.0000000000000000,1.0000000000000000
M 1.0000000000000000,0.0000000000000000,0.0000000000000000,0.0000000000000000,0.0000000000000000,1.0000000000000000,-0.0000000437113883,-0.0000000036030912,-0.0000000000000000,0.0000000437113883,1.0000000000000000,0.0000000199899262,0.0000000000000000,0.0000000000000000,0.0000000000000000,1.0000000000000000
M 1.0000000000000000,0.0000000000000000,0.0000000000000000,0.0000000000000000,0.0000000000000000,1.0000000000000000,-0.0000000437113883,-0.0000000036030912,-0.0000000000000000,0.0000000437113883,1.0000000000000000,0.0000000199899262,0.0000000000000000,0.0000000000000000,0.0000000000000000,1.0000000000000000
M 1.0000000000000000,0.0000000000000000,0.0000000000000000,0.0000000000000000,0.0000000000000000,1.0000000000000000,-0.0000000437113883,-0.0000000036030912,-0.0000000000000000,0.0000000437113883,1.0000000000000000,0.0000000199899262,0.0000000000000000,0.0000000000000000,0.0000000000000000,1.0000000000000000
M 1.0000000000000000,0.0000000000000000,0.0000000000000000,0.0000000000000000,0.0000000000000000,1.0000000000000000,-0.0000000437113883,-0.0000000036030912,-0.0000000000000000,0.0000000437113883,1.0000000000000000,0.0000000199899262,0.0000000000000000,0.0000000000000000,0.0000000000000000,1.0000000000000000
M 1.0000000000000000,0.0000000000000000,0.0000000000000000,0.0000000000000000,0.0000000000000000,1.0000000000000000,-0.0000000437113883,-0.0000000036030912,-0.0000000000000000,0.0000000437113883,1.0000000000000000,0.0000000199899262,0.0000000000000000,0.0000000000000000,0.0000000000000000,1.0000000000000000
M 1.0000000000000000,0.0000000000000000,0.0000000000000000,0.0000000000000000,0.0000000000000000,1.0000000000000000,-0.0000000437113883,-0.0000000036030912,-0.0000000000000000,0.0000000437113883,1.0000000000000000,0.0000000199899262,0.0000000000000000,0.0000000000000000,0.0000000000000000,1.0000000000000000
M 1.0000000000000000,0.0000000000000000,0.0000000000000000,0.0000000000000000,0.0000000000000000,1.0000000000000000,-0.0000000437113883,-0.0000000036030912,-0.0000000000000000,0.0000000437113883,1.0000000000000000,0.0000000199899262,0.0000000000000000,0.0000000000000000,0.0000000000000000,1.0000000000000000
M 1.0000000000000000,0.0000000000000000,0.0000000000000000,0.0000000000000000,0.0000000000000000,1.0000000000000000,-0.0000000437113883,-0.0000000036030912,-0.0000000000000000,0.0000000437113883,1.0000000000000000,0.0000000199899262,0.0000000000000000,0.0000000000000000,0.0000000000000000,1.0000000000000000
M 1.0000000000000000,0.0000000000000000,0.0000000000000000,0.0000000000000000,0.0000000000000000,1.0000000000000000,-0.0000000437113883,-0.0000000036030912,-0.0000000000000000,0.0000000437113883,1.0000000000000000,0.0000000199899262,0.0000000000000000,0.0000000000000000,0.0000000000000000,1.0000000000000000
M 1.0000000000000000,0.0000000000000000,0.0000000000000000,0.0000000000000000,0.0000000000000000,1.0000000000000000,-0.0000000437113883,-0.0000000036030912,-0.0000000000000000,0.0000000437113883,1.0000000000000000,0.0000000199899262,0.0000000000000000,0.0000000000000000,0.0000000000000000,1.0000000000000000
M 1.0000000000000000,0.0000000000000000,0.0000000000000000,0.0000000000000000,0.0000000000000000,1.0000000000000000,-0.0000000437113883,-0.0000000036030912,-0.0000000000000000,0.0000000437113883,1.0000000000000000,0.0000000199899262,0.0000000000000000,0.0000000000000000,0.0000000000000000,1.0000000000000000
M 1.0000000000000000,0.0000000000000000,0.0000000000000000,0.0000000000000000,0.0000000000000000,1.0000000000000000,-0.0000000437113883,-0.0000000036030912,-0.0000000000000000,0.0000000437113883,1.0000000000000000,0.0000000199899262,0.0000000000000000,0.0000000000000000,0.0000000000000000,1.0000000000000000
M 0.9999931454658508,-0.0000000001617599,-0.0037006358616054,-0.0057023637928069,0.0000000000000000,1.0000000000000000,-0.0000000437113883,-0.0000000036030912,0.0037006358616054,0.0000000437110899,0.9999931454658508,0.0194178689271212,0.0000000000000000,0.0000000000000000,0.0000000000000000,1.0000000000000000
M 0.9998941421508789,-0.0000000006360520,-0.0145511720329523,-0.0228374823927879,0.0000000000000000,1.0000000000000000,-0.0000000437113883,-0.0000000036030912,0.0145511720329523,0.0000000437067627,0.9998941421508789,0.0762316733598709,0.0000000000000000,0.0000000000000000,0.0000000000000000,1.0000000000000000
M 0.9994823932647705,-0.0000000014062496,-0.0321712344884872,-0.0519797168672085,0.0000000000000000,1.0000000000000000,-0.0000000437113883,-0.0000000036030912,0.0321712344884872,0.0000000436887646,0.9994823932647705,0.1681064963340759,0.0000000000000000,0.0000000000000000,0.0000000000000000,1.0000000000000000
M 0.9984211921691895,-0.0000000024552702,-0.0561700351536274,-0.0942992642521858,0.0000000000000000,1.0000000000000000,-0.0000000437113883,-0.0000000036030912,0.0561700351536274,0.0000000436423768,0.9984211921691895,0.2924752831459045,0.0000000000000000,0.0000000000000000,0.0000000000000000,1.0000000000000000
M 0.9962832927703857,-0.0000000037651664,-0.0861369594931602,-0.1514099240303040,0.0000000000000000,1.0000000000000000,-0.0000000437113883,-0.0000000036030912,0.0861369594931602,0.0000000435489333,0.9962832927703857,0.4465280175209045,0.0000000000000000,0.0000000000000000,0.0000000000000000,1.0000000000000000
M 0.9925753474235535,-0.0000000053166676,-0.1216311529278755,-0.2252273112535477,0.0000000000000000,1.0000000000000000,-0.0000000437113883,-0.0000000036030912,0.1216311529278755,0.0000000433868479,0.9925753474235535,0.6271947026252747,0.0000000000000000,0.0000000000000000,0.0000000000000000,1.0000000000000000
M 0.9867625832557678,-0.0000000070887500,-0.1621716767549515,-0.3178220987319946,0.0000000000000000,1.0000000000000000,-0.0000000437113883,-0.0000000036030912,0.1621716767549515,0.0000000431327614,0.9867625832557678,0.8311315774917603,0.0000000000000000,0.0000000000000000,0.0000000000000000,1.0000000000000000
M 0.9782925248146057,-0.0000000090582581,-0.2072287946939468,-0.4312832951545715,0.0000000000000000,1.0000000000000000,-0.0000000437113883,-0.0000000036030912,0.2072287946939468,0.0000000427625331,0.9782925248146057,1.0547114610671997,0.0000000000000000,0.0000000000000000,0.0000000000000000,1.0000000000000000
M 0.9666189551353455,-0.0000000111996545,-0.2562182247638702,-0.5675848722457886,0.0000000000000000,1.0000000000000000,-0.0000000437113883,-0.0000000036030912,0.2562182247638702,0.0000000422522639,0.9666189551353455,1.2940307855606079,0.0000000000000000,0.0000000000000000,0.0000000000000000,1.0000000000000000
M 0.9512249231338501,-0.0000000134848861,-0.3084982335567474,-0.7284572720527649,0.0000000000000000,1.0000000000000000,-0.0000000437113883,-0.0000000036030912,0.3084982335567474,0.0000000415793622,0.9512249231338501,1.5449286699295044,0.0000000000000000,0.0000000000000000,0.0000000000000000,1.0000000000000000
M 0.9316446781158447,-0.0000000158834386,-0.3633706867694855,-0.9152768850326538,0.0000000000000000,1.0000000000000000,-0.0000000437113883,-0.0000000036030912,0.3633706867694855,0.0000000407234815,0.9316446781158447,1.8030270338058472,0.0000000000000000,0.0000000000000000,0.0000000000000000,1.0000000000000000
M 0.9074844121932983,-0.0000000183625346,-0.4200857579708099,-1.1289633512496948,0.0000000000000000,1.0000000000000000,-0.0000000437113883,-0.0000000036030912,0.4200857579708099,0.0000000396674018,0.9074844121932983,2.0637860298156738,0.0000000000000000,0.0000000000000000,0.0000000000000000,1.0000000000000000
M 0.8784407377243042,-0.0000000208875441,-0.4778513014316559,-1.3698960542678833,0.0000000000000000,1.0000000000000000,-0.0000000437113883,-0.0000000036030912,0.4778513014316559,0.0000000383978644,0.8784407377243042,2.3225820064544678,0.0000000000000000,0.0000000000000000,0.0000000000000000,1.0000000000000000
M 0.8443162441253662,-0.0000000234225421,-0.5358452200889587,-1.6378532648086548,0.0000000000000000,1.0000000000000000,-0.0000000437113883,-0.0000000036030912,0.5358452200889587,0.0000000369062363,0.8443162441253662,2.5747964382171631,0.0000000000000000,0.0000000000000000,0.0000000000000000,1.0000000000000000
M 0.8050312995910645,-0.0000000259310120,-0.5932323336601257,-1.9319732189178467,0.0000000000000000,1.0000000000000000,-0.0000000437113883,-0.0000000036030912,0.5932323336601257,0.0000000351890286,0.8050312995910645,2.8159234523773193,0.0000000000000000,0.0000000000000000,0.0000000000000000,1.0000000000000000
M 0.7606325745582581,-0.0000000283766735,-0.6491826176643372,-2.2507402896881104,0.0000000000000000,1.0000000000000000,-0.0000000437113883,-0.0000000036030912,0.6491826176643372,0.0000000332483054,0.7606325745582581,3.0416772365570068,0.0000000000000000,0.0000000000000000,0.0000000000000000,1.0000000000000000
M 0.7112960815429688,-0.0000000307244044,-0.7028924822807312,-2.5920000076293945,0.0000000000000000,1.0000000000000000,-0.0000000437113883,-0.0000000036030912,0.7028924822807312,0.0000000310917407,0.7112960815429688,3.2481076717376709,0.0000000000000000,0.0000000000000000,0.0000000000000000,1.0000000000000000
M 0.6573259830474854,-0.0000000329411840,-0.7536063790321350,-2.9529988765716553,0.0000000000000000,1.0000000000000000,-0.0000000437113883,-0.0000000036030912,0.7536063790321350,0.0000000287326305,0.6573259830474854,3.4317138195037842,0.0000000000000000,0.0000000000000000,0.0000000000000000,1.0000000000000000
M 0.5991480350494385,-0.0000000349970115,-0.8006382584571838,-3.3304505348205566,0.0000000000000000,1.0000000000000000,-0.0000000437113883,-0.0000000036030912,0.8006382584571838,0.0000000261895927,0.5991480350494385,3.5895464420318604,0.0000000000000000,0.0000000000000000,0.0000000000000000,1.0000000000000000
M 0.5372995734214783,-0.0000000368658135,-0.8433914780616760,-3.7206208705902100,0.0000000000000000,1.0000000000000000,-0.0000000437113883,-0.0000000036030912,0.8433914780616760,0.0000000234861144,0.5372995734214783,3.7192952632904053,0.0000000000000000,0.0000000000000000,0.0000000000000000,1.0000000000000000
M 0.4724138379096985,-0.0000000385262062,-0.8813768625259399,-4.1194362640380859,0.0000000000000000,1.0000000000000000,-0.0000000437113883,-0.0000000036030912,0.8813768625259399,0.0000000206498676,0.4724138379096985,3.8193621635437012,0.0000000000000000,0.0000000000000000,0.0000000000000000,1.0000000000000000
M 0.4052012562751770,-0.0000000399621527,-0.9142274856567383,-4.5226049423217773,0.0000000000000000,1.0000000000000000,-0.0000000437113883,-0.0000000036030912,0.9142274856567383,0.0000000177119102,0.4052012562751770,3.8889079093933105,0.0000000000000000,0.0000000000000000,0.0000000000000000,1.0000000000000000
M 0.3364301621913910,-0.0000000411633891,-0.9417084455490112,-4.9257330894470215,0.0000000000000000,1.0000000000000000,-0.0000000437113883,-0.0000000036030912,0.9417084455490112,0.0000000147058294,0.3364301621913910,3.9278771877288818,0.0000000000000000,0.0000000000000000,0.0000000000000000,1.0000000000000000
M 0.2669019699096680,-0.0000000421256985,-0.9637236595153809,-5.3244671821594238,0.0000000000000000,1.0000000000000000,-0.0000000437113883,-0.0000000036030912,0.9637236595153809,0.0000000116666552,0.2669019699096680,3.9369926452636719,0.0000000000000000,0.0000000000000000,0.0000000000000000,1.0000000000000000
M 0.1974300444126129,-0.0000000428510241,-0.9803169965744019,-5.7146034240722656,0.0000000000000000,1.0000000000000000,-0.0000000437113883,-0.0000000036030912,0.9803169965744019,0.0000000086299412,0.1974300444126129,3.9177284240722656,0.0000000000000000,0.0000000000000000,0.0000000000000000,1.0000000000000000
