O Cab_DOOR_9_INTERIOR_LCG_EIL_mvp_vl80c
A Cab_DOOR_9_INTERIOR_LCG_EIL_mvp_vl80c_Cab_DOOR_9_INTERIOR_LCG_EIL_mvp_vl80c
M 1.0000000000000000,0.0000000000000000,0.0000000000000000,0.0000000000000000,0.0000000000000000,1.0000000000000000,-0.0000000437113883,0.0000000259524420,-0.0000000000000000,0.0000000437113883,1.0000000000000000,-0.0000000145310111,0.0000000000000000,0.0000000000000000,0.0000000000000000,1.0000000000000000
M 1.0000000000000000,0.0000000000000000,0.0000000000000000,0.0000000000000000,0.0000000000000000,1.0000000000000000,-0.0000000437113883,0.0000000259524420,-0.0000000000000000,0.0000000437113883,1.0000000000000000,-0.0000000145310111,0.0000000000000000,0.0000000000000000,0.0000000000000000,1.0000000000000000
M 1.0000000000000000,0.0000000000000000,0.0000000000000000,0.0000000000000000,0.0000000000000000,1.0000000000000000,-0.0000000437113883,0.0000000259524420,-0.0000000000000000,0.0000000437113883,1.0000000000000000,-0.0000000145310111,0.0000000000000000,0.0000000000000000,0.0000000000000000,1.0000000000000000
M 1.0000000000000000,0.0000000000000000,0.0000000000000000,0.0000000000000000,0.0000000000000000,1.0000000000000000,-0.0000000437113883,0.0000000259524420,-0.0000000000000000,0.0000000437113883,1.0000000000000000,-0.0000000145310111,0.0000000000000000,0.0000000000000000,0.0000000000000000,1.0000000000000000
M 1.0000000000000000,0.0000000000000000,0.0000000000000000,0.0000000000000000,0.0000000000000000,1.0000000000000000,-0.0000000437113883,0.0000000259524420,-0.0000000000000000,0.0000000437113883,1.0000000000000000,-0.0000000145310111,0.0000000000000000,0.0000000000000000,0.0000000000000000,1.0000000000000000
M 1.0000000000000000,0.0000000000000000,0.0000000000000000,0.0000000000000000,0.0000000000000000,1.0000000000000000,-0.0000000437113883,0.0000000259524420,-0.0000000000000000,0.0000000437113883,1.0000000000000000,-0.0000000145310111,0.0000000000000000,0.0000000000000000,0.0000000000000000,1.0000000000000000
M 1.0000000000000000,0.0000000000000000,0.0000000000000000,0.0000000000000000,0.0000000000000000,1.0000000000000000,-0.0000000437113883,0.0000000259524420,-0.0000000000000000,0.0000000437113883,1.0000000000000000,-0.0000000145310111,0.0000000000000000,0.0000000000000000,0.0000000000000000,1.0000000000000000
M 1.0000000000000000,0.0000000000000000,0.0000000000000000,0.0000000000000000,0.0000000000000000,1.0000000000000000,-0.0000000437113883,0.0000000259524420,-0.0000000000000000,0.0000000437113883,1.0000000000000000,-0.0000000145310111,0.0000000000000000,0.0000000000000000,0.0000000000000000,1.0000000000000000
M 1.0000000000000000,0.0000000000000000,0.0000000000000000,0.0000000000000000,0.0000000000000000,1.0000000000000000,-0.0000000437113883,0.0000000259524420,-0.0000000000000000,0.0000000437113883,1.0000000000000000,-0.0000000145310111,0.0000000000000000,0.0000000000000000,0.0000000000000000,1.0000000000000000
M 1.0000000000000000,0.0000000000000000,0.0000000000000000,0.0000000000000000,0.0000000000000000,1.0000000000000000,-0.0000000437113883,0.0000000259524420,-0.0000000000000000,0.0000000437113883,1.0000000000000000,-0.0000000145310111,0.0000000000000000,0.0000000000000000,0.0000000000000000,1.0000000000000000
M 1.0000000000000000,0.0000000000000000,0.0000000000000000,0.0000000000000000,0.0000000000000000,1.0000000000000000,-0.0000000437113883,0.0000000259524420,-0.0000000000000000,0.0000000437113883,1.0000000000000000,-0.0000000145310111,0.0000000000000000,0.0000000000000000,0.0000000000000000,1.0000000000000000
M 1.0000000000000000,0.0000000000000000,0.0000000000000000,0.0000000000000000,0.0000000000000000,1.0000000000000000,-0.0000000437113883,0.0000000259524420,-0.0000000000000000,0.0000000437113883,1.0000000000000000,-0.0000000145310111,0.0000000000000000,0.0000000000000000,0.0000000000000000,1.0000000000000000
M 1.0000000000000000,0.0000000000000000,0.0000000000000000,0.0000000000000000,0.0000000000000000,1.0000000000000000,-0.0000000437113883,0.0000000259524420,-0.0000000000000000,0.0000000437113883,1.0000000000000000,-0.0000000145310111,0.0000000000000000,0.0000000000000000,0.0000000000000000,1.0000000000000000
M 1.0000000000000000,0.0000000000000000,0.0000000000000000,0.0000000000000000,0.0000000000000000,1.0000000000000000,-0.0000000437113883,0.0000000259524420,-0.0000000000000000,0.0000000437113883,1.0000000000000000,-0.0000000145310111,0.0000000000000000,0.0000000000000000,0.0000000000000000,1.0000000000000000
M 1.0000000000000000,0.0000000000000000,0.0000000000000000,0.0000000000000000,0.0000000000000000,1.0000000000000000,-0.0000000437113883,0.0000000259524420,-0.0000000000000000,0.0000000437113883,1.0000000000000000,-0.0000000145310111,0.0000000000000000,0.0000000000000000,0.0000000000000000,1.0000000000000000
M 1.0000000000000000,0.0000000000000000,0.0000000000000000,0.0000000000000000,0.0000000000000000,1.0000000000000000,-0.0000000437113883,0.0000000259524420,-0.0000000000000000,0.0000000437113883,1.0000000000000000,-0.0000000145310111,0.0000000000000000,0.0000000000000000,0.0000000000000000,1.0000000000000000
M 1.0000000000000000,0.0000000000000000,0.0000000000000000,0.0000000000000000,0.0000000000000000,1.0000000000000000,-0.0000000437113883,0.0000000259524420,-0.0000000000000000,0.0000000437113883,1.0000000000000000,-0.0000000145310111,0.0000000000000000,0.0000000000000000,0.0000000000000000,1.0000000000000000
M 1.0000000000000000,0.0000000000000000,0.0000000000000000,0.0000000000000000,0.0000000000000000,1.0000000000000000,-0.0000000437113883,0.0000000259524420,-0.0000000000000000,0.0000000437113883,1.0000000000000000,-0.0000000145310111,0.0000000000000000,0.0000000000000000,0.0000000000000000,1.0000000000000000
M 1.0000000000000000,0.0000000000000000,0.0000000000000000,0.0000000000000000,0.0000000000000000,1.0000000000000000,-0.0000000437113883,0.0000000259524420,-0.0000000000000000,0.0000000437113883,1.0000000000000000,-0.0000000145310111,0.0000000000000000,0.0000000000000000,0.0000000000000000,1.0000000000000000
M 1.0000000000000000,0.0000000000000000,0.0000000000000000,0.0000000000000000,0.0000000000000000,1.0000000000000000,-0.0000000437113883,0.0000000259524420,-0.0000000000000000,0.0000000437113883,1.0000000000000000,-0.0000000145310111,0.0000000000000000,0.0000000000000000,0.0000000000000000,1.0000000000000000
M 1.0000000000000000,0.0000000000000000,0.0000000000000000,0.0000000000000000,0.0000000000000000,1.0000000000000000,-0.0000000437113883,0.0000000259524420,-0.0000000000000000,0.0000000437113883,1.0000000000000000,-0.0000000145310111,0.0000000000000000,0.0000000000000000,0.0000000000000000,1.0000000000000000
M 0.9999948143959045,0.0000000001406609,0.0032179458066821,0.0010761301964521,0.0000000000000000,1.0000000000000000,-0.0000000437113883,0.0000000259524420,-0.0032179458066821,0.0000000437111609,0.9999948143959045,-0.0185049921274185,0.0000000000000000,0.0000000000000000,0.0000000000000000,1.0000000000000000
M 0.9999199509620667,0.0000000005530933,0.0126533014699817,0.0038894324097782,0.0000000000000000,1.0000000000000000,-0.0000000437113883,0.0000000259524420,-0.0126533014699817,0.0000000437078889,0.9999199509620667,-0.0727840065956116,0.0000000000000000,0.0000000000000000,0.0000000000000000,1.0000000000000000
M 0.9996085762977600,0.0000000012228768,0.0279761590063572,0.0073661515489221,0.0000000000000000,1.0000000000000000,-0.0000000437113883,0.0000000259524420,-0.0279761590063572,0.0000000436942784,0.9996085762977600,-0.1609974801540375,0.0000000000000000,0.0000000000000000,0.0000000000000000,1.0000000000000000
M 0.9988061189651489,0.0000000021352915,0.0488497763872147,0.0099271172657609,0.0000000000000000,1.0000000000000000,-0.0000000437113883,0.0000000259524420,-0.0488497763872147,0.0000000436592025,0.9988061189651489,-0.2812966108322144,0.0000000000000000,0.0000000000000000,0.0000000000000000,1.0000000000000000
M 0.9971892237663269,0.0000000032750471,0.0749243572354317,0.0095933778211474,0.0000000000000000,1.0000000000000000,-0.0000000437113883,0.0000000259524420,-0.0749243572354317,0.0000000435885248,0.9971892237663269,-0.4317812919616699,0.0000000000000000,0.0000000000000000,0.0000000000000000,1.0000000000000000
M 0.9943842291831970,0.0000000046259863,0.1058302074670792,0.0040887440554798,0.0000000000000000,1.0000000000000000,-0.0000000437113883,0.0000000259524420,-0.1058302074670792,0.0000000434659135,0.9943842291831970,-0.6104540824890137,0.0000000000000000,0.0000000000000000,0.0000000000000000,1.0000000000000000
M 0.9899851679801941,0.0000000061707914,0.1411712318658829,-0.0090575367212296,0.0000000000000000,1.0000000000000000,-0.0000000437113883,0.0000000259524420,-0.1411712318658829,0.0000000432736265,0.9899851679801941,-0.8151772022247314,0.0000000000000000,0.0000000000000000,0.0000000000000000,1.0000000000000000
M 0.9835714697837830,0.0000000078907423,0.1805191487073898,-0.0324102491140366,0.0000000000000000,1.0000000000000000,-0.0000000437113883,0.0000000259524420,-0.1805191487073898,0.0000000429932818,0.9835714697837830,-1.0436323881149292,0.0000000000000000,0.0000000000000000,0.0000000000000000,1.0000000000000000
M 0.9747246503829956,0.0000000097655448,0.2234096229076385,-0.0685360878705978,0.0000000000000000,1.0000000000000000,-0.0000000437113883,0.0000000259524420,-0.2234096229076385,0.0000000426065760,0.9747246503829956,-1.2932938337326050,0.0000000000000000,0.0000000000000000,0.0000000000000000,1.0000000000000000
M 0.9630451202392578,0.0000000117732304,0.2693400681018829,-0.1199052110314369,0.0000000000000000,1.0000000000000000,-0.0000000437113883,0.0000000259524420,-0.2693400681018829,0.0000000420960404,0.9630451202392578,-1.5614086389541626,0.0000000000000000,0.0000000000000000,0.0000000000000000,1.0000000000000000
M 0.9481678009033203,0.0000000138901752,0.3177701234817505,-0.1888014674186707,0.0000000000000000,1.0000000000000000,-0.0000000437113883,0.0000000259524420,-0.3177701234817505,0.0000000414457304,0.9481678009033203,-1.8449956178665161,0.0000000000000000,0.0000000000000000,0.0000000000000000,1.0000000000000000
M 0.9297764897346497,0.0000000160912350,0.3681245446205139,-0.2772421836853027,0.0000000000000000,1.0000000000000000,-0.0000000437113883,0.0000000259524420,-0.3681245446205139,0.0000000406418224,0.9297764897346497,-2.1408553123474121,0.0000000000000000,0.0000000000000000,0.0000000000000000,1.0000000000000000
M 0.9076172709465027,0.0000000183499811,0.4197986423969269,-0.3868948519229889,0.0000000000000000,1.0000000000000000,-0.0000000437113883,0.0000000259524420,-0.4197986423969269,0.0000000396732105,0.9076172709465027,-2.4455986022949219,0.0000000000000000,0.0000000000000000,0.0000000000000000,1.0000000000000000
M 0.8815095424652100,0.0000000206390371,0.4721661508083344,-0.5190127491950989,0.0000000000000000,1.0000000000000000,-0.0000000437113883,0.0000000259524420,-0.4721661508083344,0.0000000385320043,0.8815095424652100,-2.7556867599487305,0.0000000000000000,0.0000000000000000,0.0000000000000000,1.0000000000000000
M 0.8513551950454712,0.0000000229305446,0.5245897173881531,-0.6743796467781067,0.0000000000000000,1.0000000000000000,-0.0000000437113883,0.0000000259524420,-0.5245897173881531,0.0000000372139262,0.8513551950454712,-3.0674879550933838,0.0000000000000000,0.0000000000000000,0.0000000000000000,1.0000000000000000
M 0.8171448707580566,0.0000000251966590,0.5764323472976685,-0.8532683849334717,0.0000000000000000,1.0000000000000000,-0.0000000437113883,0.0000000259524420,-0.5764323472976685,0.0000000357185357,0.8171448707580566,-3.3773427009582520,0.0000000000000000,0.0000000000000000,0.0000000000000000,1.0000000000000000
M 0.7789618968963623,0.0000000274101559,0.6270712614059448,-1.0554127693176270,0.0000000000000000,1.0000000000000000,-0.0000000437113883,0.0000000259524420,-0.6270712614059448,0.0000000340495099,0.7789618968963623,-3.6816418170928955,0.0000000000000000,0.0000000000000000,0.0000000000000000,1.0000000000000000
M 0.7369824647903442,0.0000000295450455,0.6759118437767029,-1.2800059318542480,0.0000000000000000,1.0000000000000000,-0.0000000437113883,0.0000000259524420,-0.6759118437767029,0.0000000322145262,0.7369824647903442,-3.9769060611724854,0.0000000000000000,0.0000000000000000,0.0000000000000000,1.0000000000000000
M 0.6914736628532410,0.0000000315771764,0.7224016189575195,-1.5257003307342529,0.0000000000000000,1.0000000000000000,-0.0000000437113883,0.0000000259524420,-0.7224016189575195,0.0000000302252730,0.6914736628532410,-4.2598657608032227,0.0000000000000000,0.0000000000000000,0.0000000000000000,1.0000000000000000
M 0.6427876353263855,0.0000000334848664,0.7660444378852844,-1.7906427383422852,0.0000000000000000,1.0000000000000000,-0.0000000437113883,0.0000000259524420,-0.7660444378852844,0.0000000280971442,0.6427876353263855,-4.5275478363037109,0.0000000000000000,0.0000000000000000,0.0000000000000000,1.0000000000000000
M 0.5913537144660950,0.0000000352493998,0.8064122796058655,-2.0725114345550537,0.0000000000000000,1.0000000000000000,-0.0000000437113883,0.0000000259524420,-0.8064122796058655,0.0000000258488910,0.5913537144660950,-4.7773427963256836,0.0000000000000000,0.0000000000000000,0.0000000000000000,1.0000000000000000
M 0.5376676321029663,0.0000000368555568,0.8431568741798401,-2.3685753345489502,0.0000000000000000,1.0000000000000000,-0.0000000437113883,0.0000000259524420,-0.8431568741798401,0.0000000235022029,0.5376676321029663,-5.0070791244506836,0.0000000000000000,0.0000000000000000,0.0000000000000000,1.0000000000000000
M 0.4822793900966644,0.0000000382919403,0.8760174512863159,-2.6757619380950928,0.0000000000000000,1.0000000000000000,-0.0000000437113883,0.0000000259524420,-0.8760174512863159,0.0000000210811013,0.4822793900966644,-5.2150673866271973,0.0000000000000000,0.0000000000000000,0.0000000000000000,1.0000000000000000
M 0.4257793128490448,0.0000000395512529,0.9048270583152771,-2.9907341003417969,0.0000000000000000,1.0000000000000000,-0.0000000437113883,0.0000000259524420,-0.9048270583152771,0.0000000186114057,0.4257793128490448,-5.4001441001892090,0.0000000000000000,0.0000000000000000,0.0000000000000000,1.0000000000000000
M 0.3687837123870850,0.0000000406304004,0.9295152425765991,-3.3099722862243652,0.0000000000000000,1.0000000000000000,-0.0000000437113883,0.0000000259524420,-0.9295152425765991,0.0000000161200493,0.3687837123870850,-5.5616936683654785,0.0000000000000000,0.0000000000000000,0.0000000000000000,1.0000000000000000
M 0.3119206428527832,0.0000000415305479,0.9501081705093384,-3.6298561096191406,0.0000000000000000,1.0000000000000000,-0.0000000437113883,0.0000000259524420,-0.9501081705093384,0.0000000136344864,0.3119206428527832,-5.6996498107910156,0.0000000000000000,0.0000000000000000,0.0000000000000000,1.0000000000000000
M 0.2558147907257080,0.0000000422569286,0.9667258262634277,-3.9467523097991943,0.0000000000000000,1.0000000000000000,-0.0000000437113883,0.0000000259524420,-0.9667258262634277,0.0000000111820215,0.2558147907257080,-5.8144874572753906,0.0000000000000000,0.0000000000000000,0.0000000000000000,1.0000000000000000
M 0.2010780572891235,0.0000000428185913,0.9795752167701721,-4.2570714950561523,0.0000000000000000,1.0000000000000000,-0.0000000437113883,0.0000000259524420,-0.9795752167701721,0.0000000087894012,0.2010780572891235,-5.9071874618530273,0.0000000000000000,0.0000000000000000,0.0000000000000000,1.0000000000000000
M 0.1482950896024704,0.0000000432280771,0.9889431595802307,-4.5573534965515137,0.0000000000000000,1.0000000000000000,-0.0000000437113883,0.0000000259524420,-0.9889431595802307,0.0000000064821841,0.1482950896024704,-5.9791975021362305,0.0000000000000000,0.0000000000000000,0.0000000000000000,1.0000000000000000
M 0.0980170145630836,0.0000000435009042,0.9951847195625305,-4.8443069458007812,0.0000000000000000,1.0000000000000000,-0.0000000437113883,0.0000000259524420,-0.9951847195625305,0.0000000042844599,0.0980170145630836,-6.0323691368103027,0.0000000000000000,0.0000000000000000,0.0000000000000000,1.0000000000000000
M 0.0507562868297100,0.0000000436550458,0.9987110495567322,-5.1148438453674316,0.0000000000000000,1.0000000000000000,-0.0000000437113883,0.0000000259524420,-0.9987110495567322,0.0000000022186273,0.0507562868297100,-6.0688915252685547,0.0000000000000000,0.0000000000000000,0.0000000000000000,1.0000000000000000
M 0.0069811530411243,0.0000000437103225,0.9999756217002869,-5.3661160469055176,0.0000000000000000,1.0000000000000000,-0.0000000437113883,0.0000000259524420,-0.9999756217002869,0.0000000003051559,0.0069811530411243,-6.0912108421325684,0.0000000000000000,0.0000000000000000,0.0000000000000000,1.0000000000000000
M -0.0328826457262039,0.0000000436877485,0.9994592070579529,-5.5955104827880859,0.0000000000000000,1.0000000000000000,-0.0000000437113883,0.0000000259524420,-0.9994592070579529,-0.0000000014373461,-0.0328826457262039,-6.1019444465637207,0.0000000000000000,0.0000000000000000,0.0000000000000000,1.0000000000000000
M -0.0684506893157959,0.0000000436088641,0.9976544976234436,-5.8006472587585449,0.0000000000000000,1.0000000000000000,-0.0000000437113883,0.0000000259524420,-0.9976544976234436,-0.0000000029920746,-0.0684506893157959,-6.1037936210632324,0.0000000000000000,0.0000000000000000,0.0000000000000000,1.0000000000000000
M -0.0993739664554596,0.0000000434950245,0.9950501322746277,-5.9793510437011719,0.0000000000000000,1.0000000000000000,-0.0000000437113883,0.0000000259524420,-0.9950501322746277,-0.0000000043437742,-0.0993739664554596,-6.0994486808776855,0.0000000000000000,0.0000000000000000,0.0000000000000000,1.0000000000000000
M -0.1253334432840347,0.0000000433667076,0.9921146631240845,-6.1296272277832031,0.0000000000000000,1.0000000000000000,-0.0000000437113883,0.0000000259524420,-0.9921146631240845,-0.0000000054784990,-0.1253334432840347,-6.0914936065673828,0.0000000000000000,0.0000000000000000,0.0000000000000000,1.0000000000000000
M -0.1460289210081100,0.0000000432428244,0.9892803430557251,-6.2496008872985840,0.0000000000000000,1.0000000000000000,-0.0000000437113883,0.0000000259524420,-0.9892803430557251,-0.0000000063831269,-0.1460289210081100,-6.0823101997375488,0.0000000000000000,0.0000000000000000,0.0000000000000000,1.0000000000000000
M -0.1611731499433517,0.0000000431399130,0.9869261384010315,-6.3374891281127930,0.0000000000000000,1.0000000000000000,-0.0000000437113883,0.0000000259524420,-0.9869261384010315,-0.0000000070451023,-0.1611731499433517,-6.0739793777465820,0.0000000000000000,0.0000000000000000,0.0000000000000000,1.0000000000000000
M -0.1704781204462051,0.0000000430715161,0.9853614568710327,-6.3915305137634277,0.0000000000000000,1.0000000000000000,-0.0000000437113883,0.0000000259524420,-0.9853614568710327,-0.0000000074518347,-0.1704781204462051,-6.0681810379028320,0.0000000000000000,0.0000000000000000,0.0000000000000000,1.0000000000000000
M -0.1736481934785843,0.0000000430473115,0.9848077297210693,-6.4099488258361816,0.0000000000000000,1.0000000000000000,-0.0000000437113883,0.0000000259524420,-0.9848077297210693,-0.0000000075904047,-0.1736481934785843,-6.0660867691040039,0.0000000000000000,0.0000000000000000,0.0000000000000000,1.0000000000000000
M -0.1736481934785843,0.0000000430473115,0.9848077297210693,-6.4099488258361816,0.0000000000000000,1.0000000000000000,-0.0000000437113883,0.0000000259524420,-0.9848077297210693,-0.0000000075904047,-0.1736481934785843,-6.0660867691040039,0.0000000000000000,0.0000000000000000,0.0000000000000000,1.0000000000000000
M -0.1736481934785843,0.0000000430473115,0.9848077297210693,-6.4099488258361816,0.0000000000000000,1.0000000000000000,-0.0000000437113883,0.0000000259524420,-0.9848077297210693,-0.0000000075904047,-0.1736481934785843,-6.0660867691040039,0.0000000000000000,0.0000000000000000,0.0000000000000000,1.0000000000000000
M -0.1736481934785843,0.0000000430473115,0.9848077297210693,-6.4099488258361816,0.0000000000000000,1.0000000000000000,-0.0000000437113883,0.0000000259524420,-0.9848077297210693,-0.0000000075904047,-0.1736481934785843,-6.0660867691040039,0.0000000000000000,0.0000000000000000,0.0000000000000000,1.0000000000000000
M -0.1736481934785843,0.0000000430473115,0.9848077297210693,-6.4099488258361816,0.0000000000000000,1.0000000000000000,-0.0000000437113883,0.0000000259524420,-0.9848077297210693,-0.0000000075904047,-0.1736481934785843,-6.0660867691040039,0.0000000000000000,0.0000000000000000,0.0000000000000000,1.0000000000000000
M -0.1736481934785843,0.0000000430473115,0.9848077297210693,-6.4099488258361816,0.0000000000000000,1.0000000000000000,-0.0000000437113883,0.0000000259524420,-0.9848077297210693,-0.0000000075904047,-0.1736481934785843,-6.0660867691040039,0.0000000000000000,0.0000000000000000,0.0000000000000000,1.0000000000000000
M -0.1736481934785843,0.0000000430473115,0.9848077297210693,-6.4099488258361816,0.0000000000000000,1.0000000000000000,-0.0000000437113883,0.0000000259524420,-0.9848077297210693,-0.0000000075904047,-0.1736481934785843,-6.0660867691040039,0.0000000000000000,0.0000000000000000,0.0000000000000000,1.0000000000000000
M -0.1736481934785843,0.0000000430473115,0.9848077297210693,-6.4099488258361816,0.0000000000000000,1.0000000000000000,-0.0000000437113883,0.0000000259524420,-0.9848077297210693,-0.0000000075904047,-0.1736481934785843,-6.0660867691040039,0.0000000000000000,0.0000000000000000,0.0000000000000000,1.0000000000000000
M -0.1736481934785843,0.0000000430473115,0.9848077297210693,-6.4099488258361816,0.0000000000000000,1.0000000000000000,-0.0000000437113883,0.0000000259524420,-0.9848077297210693,-0.0000000075904047,-0.1736481934785843,-6.0660867691040039,0.0000000000000000,0.0000000000000000,0.0000000000000000,1.0000000000000000
M -0.1736481934785843,0.0000000430473115,0.9848077297210693,-6.4099488258361816,0.0000000000000000,1.0000000000000000,-0.0000000437113883,0.0000000259524420,-0.9848077297210693,-0.0000000075904047,-0.1736481934785843,-6.0660867691040039,0.0000000000000000,0.0000000000000000,0.0000000000000000,1.0000000000000000
M -0.1736481934785843,0.0000000430473115,0.9848077297210693,-6.4099488258361816,0.0000000000000000,1.0000000000000000,-0.0000000437113883,0.0000000259524420,-0.9848077297210693,-0.0000000075904047,-0.1736481934785843,-6.0660867691040039,0.0000000000000000,0.0000000000000000,0.0000000000000000,1.0000000000000000
M -0.1736481934785843,0.0000000430473115,0.9848077297210693,-6.4099488258361816,0.0000000000000000,1.0000000000000000,-0.0000000437113883,0.0000000259524420,-0.9848077297210693,-0.0000000075904047,-0.1736481934785843,-6.0660867691040039,0.0000000000000000,0.0000000000000000,0.0000000000000000,1.0000000000000000
M -0.1736481934785843,0.0000000430473115,0.9848077297210693,-6.4099488258361816,0.0000000000000000,1.0000000000000000,-0.0000000437113883,0.0000000259524420,-0.9848077297210693,-0.0000000075904047,-0.1736481934785843,-6.0660867691040039,0.0000000000000000,0.0000000000000000,0.0000000000000000,1.0000000000000000
M -0.1736481934785843,0.0000000430473115,0.9848077297210693,-6.4099488258361816,0.0000000000000000,1.0000000000000000,-0.0000000437113883,0.0000000259524420,-0.9848077297210693,-0.0000000075904047,-0.1736481934785843,-6.0660867691040039,0.0000000000000000,0.0000000000000000,0.0000000000000000,1.0000000000000000
M -0.1736481934785843,0.0000000430473115,0.9848077297210693,-6.4099488258361816,0.0000000000000000,1.0000000000000000,-0.0000000437113883,0.0000000259524420,-0.9848077297210693,-0.0000000075904047,-0.1736481934785843,-6.0660867691040039,0.0000000000000000,0.0000000000000000,0.0000000000000000,1.0000000000000000
M -0.1736481934785843,0.0000000430473115,0.9848077297210693,-6.4099488258361816,0.0000000000000000,1.0000000000000000,-0.0000000437113883,0.0000000259524420,-0.9848077297210693,-0.0000000075904047,-0.1736481934785843,-6.0660867691040039,0.0000000000000000,0.0000000000000000,0.0000000000000000,1.0000000000000000
M -0.1736481934785843,0.0000000430473115,0.9848077297210693,-6.4099488258361816,0.0000000000000000,1.0000000000000000,-0.0000000437113883,0.0000000259524420,-0.9848077297210693,-0.0000000075904047,-0.1736481934785843,-6.0660867691040039,0.0000000000000000,0.0000000000000000,0.0000000000000000,1.0000000000000000
M -0.1736481934785843,0.0000000430473115,0.9848077297210693,-6.4099488258361816,0.0000000000000000,1.0000000000000000,-0.0000000437113883,0.0000000259524420,-0.9848077297210693,-0.0000000075904047,-0.1736481934785843,-6.0660867691040039,0.0000000000000000,0.0000000000000000,0.0000000000000000,1.0000000000000000
M -0.1736481934785843,0.0000000430473115,0.9848077297210693,-6.4099488258361816,0.0000000000000000,1.0000000000000000,-0.0000000437113883,0.0000000259524420,-0.9848077297210693,-0.0000000075904047,-0.1736481934785843,-6.0660867691040039,0.0000000000000000,0.0000000000000000,0.0000000000000000,1.0000000000000000
M -0.1736481934785843,0.0000000430473115,0.9848077297210693,-6.4099488258361816,0.0000000000000000,1.0000000000000000,-0.0000000437113883,0.0000000259524420,-0.9848077297210693,-0.0000000075904047,-0.1736481934785843,-6.0660867691040039,0.0000000000000000,0.0000000000000000,0.0000000000000000,1.0000000000000000
M -0.1736481934785843,0.0000000430473115,0.9848077297210693,-6.4099488258361816,0.0000000000000000,1.0000000000000000,-0.0000000437113883,0.0000000259524420,-0.9848077297210693,-0.0000000075904047,-0.1736481934785843,-6.0660867691040039,0.0000000000000000,0.0000000000000000,0.0000000000000000,1.0000000000000000
O Cab_DOOR_9_TOGGLE_INTERIOR_CG_DoorCab_LCG_IL_mvp_vl80c
A Cab_DOOR_9_INTERIOR_CG_DoorCab_LCG_IL_mvp_vl80c_Cab_DOOR_9_INTERIOR_CG_DoorCab_LCG_IL_mvp_vl80c
M 1.0000000000000000,0.0000000000000000,0.0000000000000000,0.0000000000000000,0.0000000000000000,1.0000000000000000,-0.0000000437113883,0.0000000259524420,-0.0000000000000000,0.0000000437113883,1.0000000000000000,-0.0000000145310111,0.0000000000000000,0.0000000000000000,0.0000000000000000,1.0000000000000000
M 1.0000000000000000,0.0000000000000000,0.0000000000000000,0.0000000000000000,0.0000000000000000,1.0000000000000000,-0.0000000437113883,0.0000000259524420,-0.0000000000000000,0.0000000437113883,1.0000000000000000,-0.0000000145310111,0.0000000000000000,0.0000000000000000,0.0000000000000000,1.0000000000000000
M 1.0000000000000000,0.0000000000000000,0.0000000000000000,0.0000000000000000,0.0000000000000000,1.0000000000000000,-0.0000000437113883,0.0000000259524420,-0.0000000000000000,0.0000000437113883,1.0000000000000000,-0.0000000145310111,0.0000000000000000,0.0000000000000000,0.0000000000000000,1.0000000000000000
M 1.0000000000000000,0.0000000000000000,0.0000000000000000,0.0000000000000000,0.0000000000000000,1.0000000000000000,-0.0000000437113883,0.0000000259524420,-0.0000000000000000,0.0000000437113883,1.0000000000000000,-0.0000000145310111,0.0000000000000000,0.0000000000000000,0.0000000000000000,1.0000000000000000
M 1.0000000000000000,0.0000000000000000,0.0000000000000000,0.0000000000000000,0.0000000000000000,1.0000000000000000,-0.0000000437113883,0.0000000259524420,-0.0000000000000000,0.0000000437113883,1.0000000000000000,-0.0000000145310111,0.0000000000000000,0.0000000000000000,0.0000000000000000,1.0000000000000000
M 1.0000000000000000,0.0000000000000000,0.0000000000000000,0.0000000000000000,0.0000000000000000,1.0000000000000000,-0.0000000437113883,0.0000000259524420,-0.0000000000000000,0.0000000437113883,1.0000000000000000,-0.0000000145310111,0.0000000000000000,0.0000000000000000,0.0000000000000000,1.0000000000000000
M 1.0000000000000000,0.0000000000000000,0.0000000000000000,0.0000000000000000,0.0000000000000000,1.0000000000000000,-0.0000000437113883,0.0000000259524420,-0.0000000000000000,0.0000000437113883,1.0000000000000000,-0.0000000145310111,0.0000000000000000,0.0000000000000000,0.0000000000000000,1.0000000000000000
M 1.0000000000000000,0.0000000000000000,0.0000000000000000,0.0000000000000000,0.0000000000000000,1.0000000000000000,-0.0000000437113883,0.0000000259524420,-0.0000000000000000,0.0000000437113883,1.0000000000000000,-0.0000000145310111,0.0000000000000000,0.0000000000000000,0.0000000000000000,1.0000000000000000
M 1.0000000000000000,0.0000000000000000,0.0000000000000000,0.0000000000000000,0.0000000000000000,1.0000000000000000,-0.0000000437113883,0.0000000259524420,-0.0000000000000000,0.0000000437113883,1.0000000000000000,-0.0000000145310111,0.0000000000000000,0.0000000000000000,0.0000000000000000,1.0000000000000000
M 1.0000000000000000,0.0000000000000000,0.0000000000000000,0.0000000000000000,0.0000000000000000,1.0000000000000000,-0.0000000437113883,0.0000000259524420,-0.0000000000000000,0.0000000437113883,1.0000000000000000,-0.0000000145310111,0.0000000000000000,0.0000000000000000,0.0000000000000000,1.0000000000000000
M 1.0000000000000000,0.0000000000000000,0.0000000000000000,0.0000000000000000,0.0000000000000000,1.0000000000000000,-0.0000000437113883,0.0000000259524420,-0.0000000000000000,0.0000000437113883,1.0000000000000000,-0.0000000145310111,0.0000000000000000,0.0000000000000000,0.0000000000000000,1.0000000000000000
M 1.0000000000000000,0.0000000000000000,0.0000000000000000,0.0000000000000000,0.0000000000000000,1.0000000000000000,-0.0000000437113883,0.0000000259524420,-0.0000000000000000,0.0000000437113883,1.0000000000000000,-0.0000000145310111,0.0000000000000000,0.0000000000000000,0.0000000000000000,1.0000000000000000
M 1.0000000000000000,0.0000000000000000,0.0000000000000000,0.0000000000000000,0.0000000000000000,1.0000000000000000,-0.0000000437113883,0.0000000259524420,-0.0000000000000000,0.0000000437113883,1.0000000000000000,-0.0000000145310111,0.0000000000000000,0.0000000000000000,0.0000000000000000,1.0000000000000000
M 1.0000000000000000,0.0000000000000000,0.0000000000000000,0.0000000000000000,0.0000000000000000,1.0000000000000000,-0.0000000437113883,0.0000000259524420,-0.0000000000000000,0.0000000437113883,1.0000000000000000,-0.0000000145310111,0.0000000000000000,0.0000000000000000,0.0000000000000000,1.0000000000000000
M 1.0000000000000000,0.0000000000000000,0.0000000000000000,0.0000000000000000,0.0000000000000000,1.0000000000000000,-0.0000000437113883,0.0000000259524420,-0.0000000000000000,0.0000000437113883,1.0000000000000000,-0.0000000145310111,0.0000000000000000,0.0000000000000000,0.0000000000000000,1.0000000000000000
M 1.0000000000000000,0.0000000000000000,0.0000000000000000,0.0000000000000000,0.0000000000000000,1.0000000000000000,-0.0000000437113883,0.0000000259524420,-0.0000000000000000,0.0000000437113883,1.0000000000000000,-0.0000000145310111,0.0000000000000000,0.0000000000000000,0.0000000000000000,1.0000000000000000
M 1.0000000000000000,0.0000000000000000,0.0000000000000000,0.0000000000000000,0.0000000000000000,1.0000000000000000,-0.0000000437113883,0.0000000259524420,-0.0000000000000000,0.0000000437113883,1.0000000000000000,-0.0000000145310111,0.0000000000000000,0.0000000000000000,0.0000000000000000,1.0000000000000000
M 1.0000000000000000,0.0000000000000000,0.0000000000000000,0.0000000000000000,0.0000000000000000,1.0000000000000000,-0.0000000437113883,0.0000000259524420,-0.0000000000000000,0.0000000437113883,1.0000000000000000,-0.0000000145310111,0.0000000000000000,0.0000000000000000,0.0000000000000000,1.0000000000000000
M 1.0000000000000000,0.0000000000000000,0.0000000000000000,0.0000000000000000,0.0000000000000000,1.0000000000000000,-0.0000000437113883,0.0000000259524420,-0.0000000000000000,0.0000000437113883,1.0000000000000000,-0.0000000145310111,0.0000000000000000,0.0000000000000000,0.0000000000000000,1.0000000000000000
M 1.0000000000000000,0.0000000000000000,0.0000000000000000,0.0000000000000000,0.0000000000000000,1.0000000000000000,-0.0000000437113883,0.0000000259524420,-0.0000000000000000,0.0000000437113883,1.0000000000000000,-0.0000000145310111,0.0000000000000000,0.0000000000000000,0.0000000000000000,1.0000000000000000
M 1.0000000000000000,0.0000000000000000,0.0000000000000000,0.0000000000000000,0.0000000000000000,1.0000000000000000,-0.0000000437113883,0.0000000259524420,-0.0000000000000000,0.0000000437113883,1.0000000000000000,-0.0000000145310111,0.0000000000000000,0.0000000000000000,0.0000000000000000,1.0000000000000000
M 0.9999948143959045,0.0000000001406609,0.0032179458066821,0.0010761301964521,0.0000000000000000,1.0000000000000000,-0.0000000437113883,0.0000000259524420,-0.0032179458066821,0.0000000437111609,0.9999948143959045,-0.0185049921274185,0.0000000000000000,0.0000000000000000,0.0000000000000000,1.0000000000000000
M 0.9999199509620667,0.0000000005530933,0.0126533014699817,0.0038894324097782,0.0000000000000000,1.0000000000000000,-0.0000000437113883,0.0000000259524420,-0.0126533014699817,0.0000000437078889,0.9999199509620667,-0.0727840065956116,0.0000000000000000,0.0000000000000000,0.0000000000000000,1.0000000000000000
M 0.9996085762977600,0.0000000012228768,0.0279761590063572,0.0073661515489221,0.0000000000000000,1.0000000000000000,-0.0000000437113883,0.0000000259524420,-0.0279761590063572,0.0000000436942784,0.9996085762977600,-0.1609974801540375,0.0000000000000000,0.0000000000000000,0.0000000000000000,1.0000000000000000
M 0.9988061189651489,0.0000000021352915,0.0488497763872147,0.0099271172657609,0.0000000000000000,1.0000000000000000,-0.0000000437113883,0.0000000259524420,-0.0488497763872147,0.0000000436592025,0.9988061189651489,-0.2812966108322144,0.0000000000000000,0.0000000000000000,0.0000000000000000,1.0000000000000000
M 0.9971892237663269,0.0000000032750471,0.0749243572354317,0.0095933778211474,0.0000000000000000,1.0000000000000000,-0.0000000437113883,0.0000000259524420,-0.0749243572354317,0.0000000435885248,0.9971892237663269,-0.4317812621593475,0.0000000000000000,0.0000000000000000,0.0000000000000000,1.0000000000000000
M 0.9943842291831970,0.0000000046259863,0.1058302074670792,0.0040887440554798,0.0000000000000000,1.0000000000000000,-0.0000000437113883,0.0000000259524420,-0.1058302074670792,0.0000000434659135,0.9943842291831970,-0.6104540824890137,0.0000000000000000,0.0000000000000000,0.0000000000000000,1.0000000000000000
M 0.9899851679801941,0.0000000061707914,0.1411712318658829,-0.0090575367212296,0.0000000000000000,1.0000000000000000,-0.0000000437113883,0.0000000259524420,-0.1411712318658829,0.0000000432736265,0.9899851679801941,-0.8151772022247314,0.0000000000000000,0.0000000000000000,0.0000000000000000,1.0000000000000000
M 0.9835714697837830,0.0000000078907423,0.1805191487073898,-0.0324102491140366,0.0000000000000000,1.0000000000000000,-0.0000000437113883,0.0000000259524420,-0.1805191487073898,0.0000000429932818,0.9835714697837830,-1.0436323881149292,0.0000000000000000,0.0000000000000000,0.0000000000000000,1.0000000000000000
M 0.9747246503829956,0.0000000097655448,0.2234096229076385,-0.0685360878705978,0.0000000000000000,1.0000000000000000,-0.0000000437113883,0.0000000259524420,-0.2234096229076385,0.0000000426065760,0.9747246503829956,-1.2932938337326050,0.0000000000000000,0.0000000000000000,0.0000000000000000,1.0000000000000000
M 0.9630451202392578,0.0000000117732304,0.2693400681018829,-0.1199047341942787,0.0000000000000000,1.0000000000000000,-0.0000000437113883,0.0000000259524420,-0.2693400681018829,0.0000000420960404,0.9630451202392578,-1.5614086389541626,0.0000000000000000,0.0000000000000000,0.0000000000000000,1.0000000000000000
M 0.9481678009033203,0.0000000138901752,0.3177701234817505,-0.1888014674186707,0.0000000000000000,1.0000000000000000,-0.0000000437113883,0.0000000259524420,-0.3177701234817505,0.0000000414457304,0.9481678009033203,-1.8449956178665161,0.0000000000000000,0.0000000000000000,0.0000000000000000,1.0000000000000000
M 0.9297764897346497,0.0000000160912350,0.3681245446205139,-0.2772421836853027,0.0000000000000000,1.0000000000000000,-0.0000000437113883,0.0000000259524420,-0.3681245446205139,0.0000000406418224,0.9297764897346497,-2.1408555507659912,0.0000000000000000,0.0000000000000000,0.0000000000000000,1.0000000000000000
M 0.9076172709465027,0.0000000183499811,0.4197986423969269,-0.3868948519229889,0.0000000000000000,1.0000000000000000,-0.0000000437113883,0.0000000259524420,-0.4197986423969269,0.0000000396732105,0.9076172709465027,-2.4455988407135010,0.0000000000000000,0.0000000000000000,0.0000000000000000,1.0000000000000000
M 0.8815095424652100,0.0000000206390371,0.4721661508083344,-0.5190127491950989,0.0000000000000000,1.0000000000000000,-0.0000000437113883,0.0000000259524420,-0.4721661508083344,0.0000000385320043,0.8815095424652100,-2.7556865215301514,0.0000000000000000,0.0000000000000000,0.0000000000000000,1.0000000000000000
M 0.8513551950454712,0.0000000229305446,0.5245897173881531,-0.6743796467781067,0.0000000000000000,1.0000000000000000,-0.0000000437113883,0.0000000259524420,-0.5245897173881531,0.0000000372139262,0.8513551950454712,-3.0674874782562256,0.0000000000000000,0.0000000000000000,0.0000000000000000,1.0000000000000000
M 0.8171448707580566,0.0000000251966590,0.5764323472976685,-0.8532679080963135,0.0000000000000000,1.0000000000000000,-0.0000000437113883,0.0000000259524420,-0.5764323472976685,0.0000000357185357,0.8171448707580566,-3.3773427009582520,0.0000000000000000,0.0000000000000000,0.0000000000000000,1.0000000000000000
M 0.7789618968963623,0.0000000274101559,0.6270712614059448,-1.0554127693176270,0.0000000000000000,1.0000000000000000,-0.0000000437113883,0.0000000259524420,-0.6270712614059448,0.0000000340495099,0.7789618968963623,-3.6816418170928955,0.0000000000000000,0.0000000000000000,0.0000000000000000,1.0000000000000000
M 0.7369824647903442,0.0000000295450455,0.6759118437767029,-1.2800059318542480,0.0000000000000000,1.0000000000000000,-0.0000000437113883,0.0000000259524420,-0.6759118437767029,0.0000000322145262,0.7369824647903442,-3.9769055843353271,0.0000000000000000,0.0000000000000000,0.0000000000000000,1.0000000000000000
M 0.6914736628532410,0.0000000315771764,0.7224016189575195,-1.5257003307342529,0.0000000000000000,1.0000000000000000,-0.0000000437113883,0.0000000259524420,-0.7224016189575195,0.0000000302252730,0.6914736628532410,-4.2598657608032227,0.0000000000000000,0.0000000000000000,0.0000000000000000,1.0000000000000000
M 0.6427876353263855,0.0000000334848664,0.7660444378852844,-1.7906427383422852,0.0000000000000000,1.0000000000000000,-0.0000000437113883,0.0000000259524420,-0.7660444378852844,0.0000000280971442,0.6427876353263855,-4.5275473594665527,0.0000000000000000,0.0000000000000000,0.0000000000000000,1.0000000000000000
M 0.5913537144660950,0.0000000352493998,0.8064122796058655,-2.0725114345550537,0.0000000000000000,1.0000000000000000,-0.0000000437113883,0.0000000259524420,-0.8064122796058655,0.0000000258488910,0.5913537144660950,-4.7773427963256836,0.0000000000000000,0.0000000000000000,0.0000000000000000,1.0000000000000000
M 0.5376676321029663,0.0000000368555568,0.8431568741798401,-2.3685753345489502,0.0000000000000000,1.0000000000000000,-0.0000000437113883,0.0000000259524420,-0.8431568741798401,0.0000000235022029,0.5376676321029663,-5.0070791244506836,0.0000000000000000,0.0000000000000000,0.0000000000000000,1.0000000000000000
M 0.4822793900966644,0.0000000382919403,0.8760174512863159,-2.6757619380950928,0.0000000000000000,1.0000000000000000,-0.0000000437113883,0.0000000259524420,-0.8760174512863159,0.0000000210811013,0.4822793900966644,-5.2150669097900391,0.0000000000000000,0.0000000000000000,0.0000000000000000,1.0000000000000000
M 0.4257793128490448,0.0000000395512529,0.9048270583152771,-2.9907341003417969,0.0000000000000000,1.0000000000000000,-0.0000000437113883,0.0000000259524420,-0.9048270583152771,0.0000000186114057,0.4257793128490448,-5.4001441001892090,0.0000000000000000,0.0000000000000000,0.0000000000000000,1.0000000000000000
M 0.3687837123870850,0.0000000406304004,0.9295152425765991,-3.3099722862243652,0.0000000000000000,1.0000000000000000,-0.0000000437113883,0.0000000259524420,-0.9295152425765991,0.0000000161200493,0.3687837123870850,-5.5616936683654785,0.0000000000000000,0.0000000000000000,0.0000000000000000,1.0000000000000000
M 0.3119206428527832,0.0000000415305479,0.9501081705093384,-3.6298561096191406,0.0000000000000000,1.0000000000000000,-0.0000000437113883,0.0000000259524420,-0.9501081705093384,0.0000000136344864,0.3119206428527832,-5.6996498107910156,0.0000000000000000,0.0000000000000000,0.0000000000000000,1.0000000000000000
