O WIPER_1_mvp_vl80c
A WIPER_1_mvp_vl80c_WIPER_1_mvp_vl80c
M 1.0000000000000000,0.0000000000000000,0.0000000000000000,0.0000000000000000,0.0000000000000000,1.0000000000000000,-0.0000000437113883,0.0000000616977118,-0.0000000000000000,0.0000000437113883,1.0000000000000000,-0.0000000095865289,0.0000000000000000,0.0000000000000000,0.0000000000000000,1.0000000000000000
M 1.0000000000000000,0.0000000000000000,0.0000000000000000,0.0000000000000000,0.0000000000000000,1.0000000000000000,-0.0000000437113883,0.0000000616977118,-0.0000000000000000,0.0000000437113883,1.0000000000000000,-0.0000000095865289,0.0000000000000000,0.0000000000000000,0.0000000000000000,1.0000000000000000
M 1.0000000000000000,0.0000000000000000,0.0000000000000000,0.0000000000000000,0.0000000000000000,1.0000000000000000,-0.0000000437113883,0.0000000616977118,-0.0000000000000000,0.0000000437113883,1.0000000000000000,-0.0000000095865289,0.0000000000000000,0.0000000000000000,0.0000000000000000,1.0000000000000000
M 1.0000000000000000,0.0000000000000000,0.0000000000000000,0.0000000000000000,0.0000000000000000,1.0000000000000000,-0.0000000437113883,0.0000000616977118,-0.0000000000000000,0.0000000437113883,1.0000000000000000,-0.0000000095865289,0.0000000000000000,0.0000000000000000,0.0000000000000000,1.0000000000000000
M 1.0000000000000000,0.0000000000000000,0.0000000000000000,0.0000000000000000,0.0000000000000000,1.0000000000000000,-0.0000000437113883,0.0000000616977118,-0.0000000000000000,0.0000000437113883,1.0000000000000000,-0.0000000095865289,0.0000000000000000,0.0000000000000000,0.0000000000000000,1.0000000000000000
M 1.0000000000000000,0.0000000000000000,0.0000000000000000,0.0000000000000000,0.0000000000000000,1.0000000000000000,-0.0000000437113883,0.0000000616977118,-0.0000000000000000,0.0000000437113883,1.0000000000000000,-0.0000000095865289,0.0000000000000000,0.0000000000000000,0.0000000000000000,1.0000000000000000
M 1.0000000000000000,0.0000000000000000,0.0000000000000000,0.0000000000000000,0.0000000000000000,1.0000000000000000,-0.0000000437113883,0.0000000616977118,-0.0000000000000000,0.0000000437113883,1.0000000000000000,-0.0000000095865289,0.0000000000000000,0.0000000000000000,0.0000000000000000,1.0000000000000000
M 1.0000000000000000,0.0000000000000000,0.0000000000000000,0.0000000000000000,0.0000000000000000,1.0000000000000000,-0.0000000437113883,0.0000000616977118,-0.0000000000000000,0.0000000437113883,1.0000000000000000,-0.0000000095865289,0.0000000000000000,0.0000000000000000,0.0000000000000000,1.0000000000000000
M 1.0000000000000000,0.0000000000000000,0.0000000000000000,0.0000000000000000,0.0000000000000000,1.0000000000000000,-0.0000000437113883,0.0000000616977118,-0.0000000000000000,0.0000000437113883,1.0000000000000000,-0.0000000095865289,0.0000000000000000,0.0000000000000000,0.0000000000000000,1.0000000000000000
M 1.0000000000000000,0.0000000000000000,0.0000000000000000,0.0000000000000000,0.0000000000000000,1.0000000000000000,-0.0000000437113883,0.0000000616977118,-0.0000000000000000,0.0000000437113883,1.0000000000000000,-0.0000000095865289,0.0000000000000000,0.0000000000000000,0.0000000000000000,1.0000000000000000
M 1.0000000000000000,0.0000000000000000,0.0000000000000000,0.0000000000000000,0.0000000000000000,1.0000000000000000,-0.0000000437113883,0.0000000616977118,-0.0000000000000000,0.0000000437113883,1.0000000000000000,-0.0000000095865289,0.0000000000000000,0.0000000000000000,0.0000000000000000,1.0000000000000000
M 0.9999961256980896,0.0025791698135436,0.0010482543148100,-0.0090246256440878,-0.0025891277473420,0.9999504685401917,0.0096117407083511,-0.0104942275211215,-0.0010234121000394,-0.0096144173294306,0.9999532699584961,0.0293656997382641,0.0000000000000000,0.0000000000000000,0.0000000000000000,1.0000000000000000
M 0.9999421834945679,0.0098455762490630,0.0043208706192672,-0.0344974584877491,-0.0099992332980037,0.9992610812187195,0.0371114686131477,-0.0384445339441299,-0.0039522945880890,-0.0371525287628174,0.9993017911911011,0.1130704358220100,0.0000000000000000,0.0000000000000000,0.0000000000000000,1.0000000000000000
M 0.9997279047966003,0.0209323745220900,0.0102928746491671,-0.0735082030296326,-0.0216934215277433,0.9965237379074097,0.0804352238774300,-0.0763138383626938,-0.0085733933374286,-0.0806366279721260,0.9967066645622253,0.2439913749694824,0.0000000000000000,0.0000000000000000,0.0000000000000000,1.0000000000000000
M 0.9992026686668396,0.0347580015659332,0.0196439325809479,-0.1224474757909775,-0.0371320880949497,0.9898263216018677,0.1373499780893326,-0.1147577464580536,-0.0146700693294406,-0.1379698961973190,0.9903277754783630,0.4141650199890137,0.0000000000000000,0.0000000000000000,0.0000000000000000,1.0000000000000000
M 0.9982007145881653,0.0500295422971249,0.0330510251224041,-0.1770093590021133,-0.0557712651789188,0.9770971536636353,0.2053548693656921,-0.1440108567476273,-0.0220202561467886,-0.2068286836147308,0.9781293272972107,0.6146404147148132,0.0000000000000000,0.0000000000000000,0.0000000000000000,1.0000000000000000
M 0.9965628981590271,0.0652777105569839,0.0510020703077316,-0.2323214262723923,-0.0770617425441742,0.9564232826232910,0.2816309332847595,-0.1551356762647629,-0.0303953457623720,-0.2845932543277740,0.9581663608551025,0.8354560732841492,0.0000000000000000,0.0000000000000000,0.0000000000000000,1.0000000000000000
M 0.9941554069519043,0.0789389908313751,0.0736458972096443,-0.2832471728324890,-0.1004492565989494,0.9263326525688171,0.3630670607089996,-0.1410825252532959,-0.0395604521036148,-0.3683427572250366,0.9288479685783386,1.0658352375030518,0.0000000000000000,0.0000000000000000,0.0000000000000000,1.0000000000000000
M 0.9908848404884338,0.0894844830036163,0.1006965562701225,-0.3248471319675446,-0.1253759264945984,0.8860220909118652,0.4463694691658020,-0.0974795818328857,-0.0492762364447117,-0.4549256563186646,0.8891650438308716,1.2946262359619141,0.0000000000000000,0.0000000000000000,0.0000000000000000,1.0000000000000000
M 0.9867100715637207,0.0955798178911209,0.1314066797494888,-0.3529294431209564,-0.1512827724218369,0.8355082273483276,0.5282418727874756,-0.0230821967124939,-0.0593020878732204,-0.5411011576652527,0.8388639688491821,1.5109636783599854,0.0000000000000000,0.0000000000000000,0.0000000000000000,1.0000000000000000
M 0.9816501736640930,0.0962501913309097,0.1646172553300858,-0.3645796477794647,-0.1776133477687836,0.7756839990615845,0.6056135892868042,0.0801730155944824,-0.0694005265831947,-0.6237388849258423,0.7785456180572510,1.7050788402557373,0.0000000000000000,0.0000000000000000,0.0000000000000000,1.0000000000000000
M 0.9757885932922363,0.0910195484757423,0.1988771110773087,-0.3585684299468994,-0.2038173377513885,0.7082750797271729,0.6758733987808228,0.2074996829032898,-0.0793420001864433,-0.7000441551208496,0.7096781134605408,1.8691385984420776,0.0000000000000000,0.0000000000000000,0.0000000000000000,1.0000000000000000
M 0.9692736864089966,0.0799968987703323,0.2326134443283081,-0.3355346620082855,-0.2293547093868256,0.6357039213180542,0.7370732426643372,0.3519176244735718,-0.0889096856117249,-0.7677767276763916,0.6345187425613403,1.9979813098907471,0.0000000000000000,0.0000000000000000,0.0000000000000000,1.0000000000000000
M 0.9623157978057861,0.0638919100165367,0.2643219828605652,-0.2979125976562500,-0.2536989450454712,0.5608861446380615,0.7880632281303406,0.5051180720329285,-0.0979036688804626,-0.8254238963127136,0.5559588670730591,2.0896220207214355,0.0000000000000000,0.0000000000000000,0.0000000000000000,1.0000000000000000
M 0.9551806449890137,0.0439570359885693,0.2927417755126953,-0.2496160566806793,-0.2763394713401794,0.4869943857192993,0.8285366296768188,0.6583849787712097,-0.1061435714364052,-0.8722982406616211,0.4773146510124207,2.1454360485076904,0.0000000000000000,0.0000000000000000,0.0000000000000000,1.0000000000000000
M 0.9481798410415649,0.0218687299638987,0.3169806301593781,-0.1955468356609344,-0.2967821359634399,0.4172310531139374,0.8589752912521362,0.8034159541130066,-0.1134694665670395,-0.9085372686386108,0.4021003246307373,2.1699657440185547,0.0000000000000000,0.0000000000000000,0.0000000000000000,1.0000000000000000
M 0.9416589736938477,-0.0004297324339859,0.3365682661533356,-0.1410392224788666,-0.3145483434200287,0.3546439111232758,0.8805038928985596,0.9329130053520203,-0.1197402775287628,-0.9350013732910156,0.3338184356689453,2.1703701019287109,0.0000000000000000,0.0000000000000000,0.0000000000000000,1.0000000000000000
M 0.9359826445579529,-0.0208966154605150,0.3514254093170166,-0.0913480967283249,-0.3291716873645782,0.3020107150077820,0.8946706652641296,1.0408685207366943,-0.1248298287391663,-0.9530755281448364,0.2757982015609741,2.1555650234222412,0.0000000000000000,0.0000000000000000,0.0000000000000000,1.0000000000000000
M 0.9315179586410522,-0.0375482104718685,0.3617518842220306,-0.0512600690126419,-0.3401928246021271,0.2618022263050079,0.9031769037246704,1.1225222349166870,-0.1286201328039169,-0.9643908739089966,0.2310998737812042,2.1351277828216553,0.0000000000000000,0.0000000000000000,0.0000000000000000,1.0000000000000000
M 0.9286154508590698,-0.0485909879207611,0.3678480982780457,-0.0248716920614243,-0.3471517264842987,0.2362185269594193,0.9075717926025391,1.1740287542343140,-0.1309923380613327,-0.9704843163490295,0.2024877220392227,2.1180403232574463,0.0000000000000000,0.0000000000000000,0.0000000000000000,1.0000000000000000
M 0.9275879263877869,-0.0525366440415382,0.3698926270008087,-0.0154842734336853,-0.3495787084102631,0.2272655516862869,0.9089252948760986,1.1919620037078857,-0.1318157315254211,-0.9724146723747253,0.1924430727958679,2.1113109588623047,0.0000000000000000,0.0000000000000000,0.0000000000000000,1.0000000000000000
M 0.9275879263877869,-0.0525366440415382,0.3698926270008087,-0.0154842734336853,-0.3495787084102631,0.2272655516862869,0.9089252948760986,1.1919620037078857,-0.1318157315254211,-0.9724146723747253,0.1924430727958679,2.1113109588623047,0.0000000000000000,0.0000000000000000,0.0000000000000000,1.0000000000000000
M 0.9275879263877869,-0.0525366440415382,0.3698926270008087,-0.0154842734336853,-0.3495787084102631,0.2272655516862869,0.9089252948760986,1.1919620037078857,-0.1318157315254211,-0.9724146723747253,0.1924430727958679,2.1113109588623047,0.0000000000000000,0.0000000000000000,0.0000000000000000,1.0000000000000000
M 0.9275879263877869,-0.0525366440415382,0.3698926270008087,-0.0154842734336853,-0.3495787084102631,0.2272655516862869,0.9089252948760986,1.1919620037078857,-0.1318157315254211,-0.9724146723747253,0.1924430727958679,2.1113109588623047,0.0000000000000000,0.0000000000000000,0.0000000000000000,1.0000000000000000
M 0.9275879263877869,-0.0525366440415382,0.3698926270008087,-0.0154842734336853,-0.3495787084102631,0.2272655516862869,0.9089252948760986,1.1919620037078857,-0.1318157315254211,-0.9724146723747253,0.1924430727958679,2.1113109588623047,0.0000000000000000,0.0000000000000000,0.0000000000000000,1.0000000000000000
M 0.9275879263877869,-0.0525366440415382,0.3698926270008087,-0.0154842734336853,-0.3495787084102631,0.2272655516862869,0.9089252948760986,1.1919620037078857,-0.1318157315254211,-0.9724146723747253,0.1924430727958679,2.1113109588623047,0.0000000000000000,0.0000000000000000,0.0000000000000000,1.0000000000000000
M 0.9275879263877869,-0.0525366440415382,0.3698926270008087,-0.0154842734336853,-0.3495787084102631,0.2272655516862869,0.9089252948760986,1.1919620037078857,-0.1318157315254211,-0.9724146723747253,0.1924430727958679,2.1113109588623047,0.0000000000000000,0.0000000000000000,0.0000000000000000,1.0000000000000000
M 0.9275879263877869,-0.0525366440415382,0.3698926270008087,-0.0154842734336853,-0.3495787084102631,0.2272655516862869,0.9089252948760986,1.1919620037078857,-0.1318157315254211,-0.9724146723747253,0.1924430727958679,2.1113109588623047,0.0000000000000000,0.0000000000000000,0.0000000000000000,1.0000000000000000
M 0.9275879263877869,-0.0525366440415382,0.3698926270008087,-0.0154842734336853,-0.3495787084102631,0.2272655516862869,0.9089252948760986,1.1919620037078857,-0.1318157315254211,-0.9724146723747253,0.1924430727958679,2.1113109588623047,0.0000000000000000,0.0000000000000000,0.0000000000000000,1.0000000000000000
M 0.9275879263877869,-0.0525366440415382,0.3698926270008087,-0.0154842734336853,-0.3495787084102631,0.2272655516862869,0.9089252948760986,1.1919620037078857,-0.1318157315254211,-0.9724146723747253,0.1924430727958679,2.1113109588623047,0.0000000000000000,0.0000000000000000,0.0000000000000000,1.0000000000000000
M 0.9275879263877869,-0.0525366440415382,0.3698926270008087,-0.0154842734336853,-0.3495787084102631,0.2272655516862869,0.9089252948760986,1.1919620037078857,-0.1318157315254211,-0.9724146723747253,0.1924430727958679,2.1113109588623047,0.0000000000000000,0.0000000000000000,0.0000000000000000,1.0000000000000000
M 0.9286154508590698,-0.0485909208655357,0.3678481280803680,-0.0248719304800034,-0.3471517562866211,0.2362186312675476,0.9075717329978943,1.1740281581878662,-0.1309923231601715,-0.9704842567443848,0.2024878412485123,2.1180403232574463,0.0000000000000000,0.0000000000000000,0.0000000000000000,1.0000000000000000
M 0.9315179586410522,-0.0375481285154819,0.3617519438266754,-0.0512603521347046,-0.3401928842067719,0.2618023455142975,0.9031768441200256,1.1225211620330811,-0.1286201179027557,-0.9643908739089966,0.2311000078916550,2.1351280212402344,0.0000000000000000,0.0000000000000000,0.0000000000000000,1.0000000000000000
M 0.9359826445579529,-0.0208966340869665,0.3514254391193390,-0.0913479924201965,-0.3291717171669006,0.3020105957984924,0.8946706652641296,1.0408687591552734,-0.1248298138380051,-0.9530755281448364,0.2757980823516846,2.1555650234222412,0.0000000000000000,0.0000000000000000,0.0000000000000000,1.0000000000000000
M 0.9416589736938477,-0.0004296849656384,0.3365682363510132,-0.1410394310951233,-0.3145483136177063,0.3546440005302429,0.8805038928985596,0.9329128861427307,-0.1197402551770210,-0.9350013136863708,0.3338185548782349,2.1703701019287109,0.0000000000000000,0.0000000000000000,0.0000000000000000,1.0000000000000000
M 0.9481798410415649,0.0218687579035759,0.3169806003570557,-0.1955469846725464,-0.2967821061611176,0.4172311127185822,0.8589752912521362,0.8034159541130066,-0.1134694516658783,-0.9085372686386108,0.4021003842353821,2.1699657440185547,0.0000000000000000,0.0000000000000000,0.0000000000000000,1.0000000000000000
M 0.9551806449890137,0.0439570024609566,0.2927417755126953,-0.2496159225702286,-0.2763394713401794,0.4869942665100098,0.8285366892814636,0.6583855152130127,-0.1061435714364052,-0.8722983002662659,0.4773145318031311,2.1454360485076904,0.0000000000000000,0.0000000000000000,0.0000000000000000,1.0000000000000000
M 0.9623157978057861,0.0638918951153755,0.2643220424652100,-0.2979124784469604,-0.2536989748477936,0.5608860254287720,0.7880632877349854,0.5051183700561523,-0.0979036688804626,-0.8254239559173584,0.5559588074684143,2.0896222591400146,0.0000000000000000,0.0000000000000000,0.0000000000000000,1.0000000000000000
M 0.9692736864089966,0.0799969136714935,0.2326134443283081,-0.3355347216129303,-0.2293547242879868,0.6357039213180542,0.7370732426643372,0.3519175052642822,-0.0889096781611443,-0.7677767276763916,0.6345187425613403,1.9979813098907471,0.0000000000000000,0.0000000000000000,0.0000000000000000,1.0000000000000000
M 0.9757885932922363,0.0910195708274841,0.1988770812749863,-0.3585685491561890,-0.2038173228502274,0.7082751393318176,0.6758733391761780,0.2074995040893555,-0.0793419852852821,-0.7000440359115601,0.7096782326698303,1.8691385984420776,0.0000000000000000,0.0000000000000000,0.0000000000000000,1.0000000000000000
M 0.9816501736640930,0.0962501913309097,0.1646172255277634,-0.3645796775817871,-0.1776133328676224,0.7756839990615845,0.6056135892868042,0.0801731348037720,-0.0694005116820335,-0.6237388849258423,0.7785456180572510,1.7050790786743164,0.0000000000000000,0.0000000000000000,0.0000000000000000,1.0000000000000000
M 0.9867100715637207,0.0955798253417015,0.1314066648483276,-0.3529294729232788,-0.1512827724218369,0.8355082273483276,0.5282418727874756,-0.0230821967124939,-0.0593020729720592,-0.5411011576652527,0.8388639688491821,1.5109636783599854,0.0000000000000000,0.0000000000000000,0.0000000000000000,1.0000000000000000
M 0.9908848404884338,0.0894844830036163,0.1006965115666389,-0.3248471617698669,-0.1253758966922760,0.8860221505165100,0.4463693797588348,-0.0974796414375305,-0.0492762140929699,-0.4549255669116974,0.8891651034355164,1.2946261167526245,0.0000000000000000,0.0000000000000000,0.0000000000000000,1.0000000000000000
M 0.9941554069519043,0.0789389535784721,0.0736458525061607,-0.2832470536231995,-0.1004492044448853,0.9263326525688171,0.3630670607089996,-0.1410821080207825,-0.0395604297518730,-0.3683427572250366,0.9288479685783386,1.0658353567123413,0.0000000000000000,0.0000000000000000,0.0000000000000000,1.0000000000000000
M 0.9965628981590271,0.0652776733040810,0.0510020516812801,-0.2323213070631027,-0.0770617127418518,0.9564232826232910,0.2816309332847595,-0.1551354378461838,-0.0303953383117914,-0.2845932543277740,0.9581663608551025,0.8354561328887939,0.0000000000000000,0.0000000000000000,0.0000000000000000,1.0000000000000000
M 0.9982007145881653,0.0500295013189316,0.0330509953200817,-0.1770092397928238,-0.0557712167501450,0.9770971536636353,0.2053548693656921,-0.1440104991197586,-0.0220202337950468,-0.2068286687135696,0.9781293272972107,0.6146404743194580,0.0000000000000000,0.0000000000000000,0.0000000000000000,1.0000000000000000
M 0.9992026686668396,0.0347579568624496,0.0196439027786255,-0.1224473416805267,-0.0371320396661758,0.9898263216018677,0.1373499780893326,-0.1147574186325073,-0.0146700469776988,-0.1379698812961578,0.9903277754783630,0.4141651093959808,0.0000000000000000,0.0000000000000000,0.0000000000000000,1.0000000000000000
M 0.9997279047966003,0.0209323000162840,0.0102928504347801,-0.0735079348087311,-0.0216933451592922,0.9965237379074097,0.0804352238774300,-0.0763133019208908,-0.0085733756422997,-0.0806366279721260,0.9967066645622253,0.2439914941787720,0.0000000000000000,0.0000000000000000,0.0000000000000000,1.0000000000000000
M 0.9999421834945679,0.0098455119878054,0.0043208380229771,-0.0344972386956215,-0.0099991681054235,0.9992610812187195,0.0371113494038582,-0.0384441614151001,-0.0039522657170892,-0.0371524095535278,0.9993017911911011,0.1130701825022697,0.0000000000000000,0.0000000000000000,0.0000000000000000,1.0000000000000000
M 0.9999961256980896,0.0025790864601731,0.0010482342913747,-0.0090243238955736,-0.0025890441611409,0.9999504685401917,0.0096116214990616,-0.0104937246069312,-0.0010233932407573,-0.0096142981201410,0.9999532699584961,0.0293653793632984,0.0000000000000000,0.0000000000000000,0.0000000000000000,1.0000000000000000
M 1.0000000000000000,-0.0000000223517400,-0.0000000298023171,0.0000000610391311,0.0000000223517382,1.0000000000000000,-0.0000000437113883,0.0000002217387021,0.0000000298023188,0.0000000437113883,1.0000000000000000,0.0000002038014486,0.0000000000000000,0.0000000000000000,0.0000000000000000,1.0000000000000000
O WIPER_2_mvp_vl80c
A WIPER_2_mvp_vl80c_WIPER_2_mvp_vl80c
M 1.0000000000000000,0.0000000000000000,0.0000000000000000,0.0000000000000000,0.0000000000000000,1.0000000000000000,-0.0000000437113883,-0.0000000616981737,-0.0000000000000000,0.0000000437113883,1.0000000000000000,-0.0000000095865005,0.0000000000000000,0.0000000000000000,0.0000000000000000,1.0000000000000000
M 1.0000000000000000,0.0000000000000000,0.0000000000000000,0.0000000000000000,0.0000000000000000,1.0000000000000000,-0.0000000437113883,-0.0000000616981737,-0.0000000000000000,0.0000000437113883,1.0000000000000000,-0.0000000095865005,0.0000000000000000,0.0000000000000000,0.0000000000000000,1.0000000000000000
M 1.0000000000000000,0.0000000000000000,0.0000000000000000,0.0000000000000000,0.0000000000000000,1.0000000000000000,-0.0000000437113883,-0.0000000616981737,-0.0000000000000000,0.0000000437113883,1.0000000000000000,-0.0000000095865005,0.0000000000000000,0.0000000000000000,0.0000000000000000,1.0000000000000000
M 1.0000000000000000,0.0000000000000000,0.0000000000000000,0.0000000000000000,0.0000000000000000,1.0000000000000000,-0.0000000437113883,-0.0000000616981737,-0.0000000000000000,0.0000000437113883,1.0000000000000000,-0.0000000095865005,0.0000000000000000,0.0000000000000000,0.0000000000000000,1.0000000000000000
M 1.0000000000000000,0.0000000000000000,0.0000000000000000,0.0000000000000000,0.0000000000000000,1.0000000000000000,-0.0000000437113883,-0.0000000616981737,-0.0000000000000000,0.0000000437113883,1.0000000000000000,-0.0000000095865005,0.0000000000000000,0.0000000000000000,0.0000000000000000,1.0000000000000000
M 1.0000000000000000,0.0000000000000000,0.0000000000000000,0.0000000000000000,0.0000000000000000,1.0000000000000000,-0.0000000437113883,-0.0000000616981737,-0.0000000000000000,0.0000000437113883,1.0000000000000000,-0.0000000095865005,0.0000000000000000,0.0000000000000000,0.0000000000000000,1.0000000000000000
M 1.0000000000000000,0.0000000000000000,0.0000000000000000,0.0000000000000000,0.0000000000000000,1.0000000000000000,-0.0000000437113883,-0.0000000616981737,-0.0000000000000000,0.0000000437113883,1.0000000000000000,-0.0000000095865005,0.0000000000000000,0.0000000000000000,0.0000000000000000,1.0000000000000000
M 1.0000000000000000,0.0000000000000000,0.0000000000000000,0.0000000000000000,0.0000000000000000,1.0000000000000000,-0.0000000437113883,-0.0000000616981737,-0.0000000000000000,0.0000000437113883,1.0000000000000000,-0.0000000095865005,0.0000000000000000,0.0000000000000000,0.0000000000000000,1.0000000000000000
M 1.0000000000000000,0.0000000000000000,0.0000000000000000,0.0000000000000000,0.0000000000000000,1.0000000000000000,-0.0000000437113883,-0.0000000616981737,-0.0000000000000000,0.0000000437113883,1.0000000000000000,-0.0000000095865005,0.0000000000000000,0.0000000000000000,0.0000000000000000,1.0000000000000000
M 1.0000000000000000,0.0000000000000000,0.0000000000000000,0.0000000000000000,0.0000000000000000,1.0000000000000000,-0.0000000437113883,-0.0000000616981737,-0.0000000000000000,0.0000000437113883,1.0000000000000000,-0.0000000095865005,0.0000000000000000,0.0000000000000000,0.0000000000000000,1.0000000000000000
M 1.0000000000000000,0.0000000000000000,0.0000000000000000,0.0000000000000000,0.0000000000000000,1.0000000000000000,-0.0000000437113883,-0.0000000616981737,-0.0000000000000000,0.0000000437113883,1.0000000000000000,-0.0000000095865005,0.0000000000000000,0.0000000000000000,0.0000000000000000,1.0000000000000000
M 0.9999961256980896,0.0025791695807129,-0.0010482548968866,-0.0090246191248298,-0.0025891275145113,0.9999504685401917,-0.0096118273213506,-0.0104942908510566,0.0010234123328701,0.0096145048737526,0.9999532699584961,-0.0293657202273607,0.0000000000000000,0.0000000000000000,0.0000000000000000,1.0000000000000000
M 0.9999421834945679,0.0098455762490630,-0.0043208729475737,-0.0344974361360073,-0.0099992332980037,0.9992610812187195,-0.0371115542948246,-0.0384444370865822,0.0039522955194116,0.0371526144444942,0.9993017911911011,-0.1130704432725906,0.0000000000000000,0.0000000000000000,0.0000000000000000,1.0000000000000000
M 0.9997279047966003,0.0209323745220900,-0.0102928793057799,-0.0735081434249878,-0.0216934196650982,0.9965237379074097,-0.0804353132843971,-0.0763134658336639,0.0085733961313963,0.0806367173790932,0.9967067241668701,-0.2439913749694824,0.0000000000000000,0.0000000000000000,0.0000000000000000,1.0000000000000000
M 0.9992026686668396,0.0347580015659332,-0.0196439381688833,-0.1224473789334297,-0.0371320843696594,0.9898263216018677,-0.1373500674962997,-0.1147570386528969,0.0146700730547309,0.1379699707031250,0.9903277754783630,-0.4141649305820465,0.0000000000000000,0.0000000000000000,0.0000000000000000,1.0000000000000000
M 0.9982007145881653,0.0500295348465443,-0.0330510362982750,-0.1770091801881790,-0.0557712577283382,0.9770972132682800,-0.2053549587726593,-0.1440099477767944,0.0220202598720789,0.2068287730216980,0.9781293272972107,-0.6146401762962341,0.0000000000000000,0.0000000000000000,0.0000000000000000,1.0000000000000000
M 0.9965628981590271,0.0652776882052422,-0.0510020777583122,-0.2323211133480072,-0.0770617350935936,0.9564232826232910,-0.2816309630870819,-0.1551340967416763,0.0303953532129526,0.2845932841300964,0.9581664204597473,-0.8354558348655701,0.0000000000000000,0.0000000000000000,0.0000000000000000,1.0000000000000000
M 0.9941554069519043,0.0789389684796333,-0.0736459121108055,-0.2832466959953308,-0.1004492491483688,0.9263326525688171,-0.3630672097206116,-0.1410802602767944,0.0395604595541954,0.3683429062366486,0.9288479685783386,-1.0658352375030518,0.0000000000000000,0.0000000000000000,0.0000000000000000,1.0000000000000000
M 0.9908848404884338,0.0894844532012939,-0.1006965860724449,-0.3248465359210968,-0.1253759264945984,0.8860220313072205,-0.4463696181774139,-0.0974769592285156,0.0492762438952923,0.4549258053302765,0.8891649842262268,-1.2946259975433350,0.0000000000000000,0.0000000000000000,0.0000000000000000,1.0000000000000000
M 0.9867100715637207,0.0955797880887985,-0.1314066648483276,-0.3529286980628967,-0.1512827575206757,0.8355081677436829,-0.5282419919967651,-0.0230795443058014,0.0593020990490913,0.5411012768745422,0.8388639092445374,-1.5109626054763794,0.0000000000000000,0.0000000000000000,0.0000000000000000,1.0000000000000000
M 0.9816501736640930,0.0962501391768456,-0.1646172255277634,-0.3645786345005035,-0.1776133179664612,0.7756839394569397,-0.6056137084960938,0.0801762342453003,0.0694005414843559,0.6237390041351318,0.7785456180572510,-1.7050777673721313,0.0000000000000000,0.0000000000000000,0.0000000000000000,1.0000000000000000
M 0.9757885932922363,0.0910194367170334,-0.1988770961761475,-0.3585669994354248,-0.2038172781467438,0.7082749009132385,-0.6758736968040466,0.2075042128562927,0.0793420150876045,0.7000444531440735,0.7096778154373169,-1.8691375255584717,0.0000000000000000,0.0000000000000000,0.0000000000000000,1.0000000000000000
M 0.9692736864089966,0.0799968540668488,-0.2326134294271469,-0.3355332911014557,-0.2293546944856644,0.6357037425041199,-0.7370733022689819,0.3519217967987061,0.0889097005128860,0.7677767872810364,0.6345186233520508,-1.9979795217514038,0.0000000000000000,0.0000000000000000,0.0000000000000000,1.0000000000000000
M 0.9623157978057861,0.0638918951153755,-0.2643219530582428,-0.2979112267494202,-0.2536989450454712,0.5608861446380615,-0.7880631685256958,0.5051218867301941,0.0979036837816238,0.8254238367080688,0.5559589266777039,-2.0896193981170654,0.0000000000000000,0.0000000000000000,0.0000000000000000,1.0000000000000000
M 0.9551806449890137,0.0439570024609566,-0.2927417755126953,-0.2496144175529480,-0.2763394713401794,0.4869943261146545,-0.8285366892814636,0.6583895087242126,0.1061435863375664,0.8722983002662659,0.4773145914077759,-2.1454331874847412,0.0000000000000000,0.0000000000000000,0.0000000000000000,1.0000000000000000
M 0.9481799006462097,0.0218687094748020,-0.3169805705547333,-0.1955446898937225,-0.2967820763587952,0.4172311127185822,-0.8589753508567810,0.8034204244613647,0.1134694814682007,0.9085372686386108,0.4021003842353821,-2.1699621677398682,0.0000000000000000,0.0000000000000000,0.0000000000000000,1.0000000000000000
M 0.9416589736938477,-0.0004298525745980,-0.3365682363510132,-0.1410370469093323,-0.3145483136177063,0.3546436727046967,-0.8805039525032043,0.9329184889793396,0.1197402775287628,0.9350013732910156,0.3338181972503662,-2.1703665256500244,0.0000000000000000,0.0000000000000000,0.0000000000000000,1.0000000000000000
M 0.9359826445579529,-0.0208967234939337,-0.3514253795146942,-0.0913458764553070,-0.3291716575622559,0.3020104467868805,-0.8946707248687744,1.0408744812011719,0.1248298138380051,0.9530755281448364,0.2757979333400726,-2.1555612087249756,0.0000000000000000,0.0000000000000000,0.0000000000000000,1.0000000000000000
M 0.9315179586410522,-0.0375482514500618,-0.3617519140243530,-0.0512580126523972,-0.3401928246021271,0.2618021965026855,-0.9031768441200256,1.1225268840789795,0.1286201477050781,0.9643908143043518,0.2310997694730759,-2.1351234912872314,0.0000000000000000,0.0000000000000000,0.0000000000000000,1.0000000000000000
M 0.9286155104637146,-0.0485910400748253,-0.3678480684757233,-0.0248695909976959,-0.3471516668796539,0.2362184375524521,-0.9075717926025391,1.1740338802337646,0.1309923529624939,0.9704842567443848,0.2024876326322556,-2.1180357933044434,0.0000000000000000,0.0000000000000000,0.0000000000000000,1.0000000000000000
M 0.9275879263877869,-0.0525367222726345,-0.3698925971984863,-0.0154820382595062,-0.3495786488056183,0.2272654175758362,-0.9089252352714539,1.1919672489166260,0.1318157613277435,0.9724146723747253,0.1924429535865784,-2.1113064289093018,0.0000000000000000,0.0000000000000000,0.0000000000000000,1.0000000000000000
M 0.9275879263877869,-0.0525367222726345,-0.3698925971984863,-0.0154820382595062,-0.3495786488056183,0.2272654175758362,-0.9089252352714539,1.1919672489166260,0.1318157613277435,0.9724146723747253,0.1924429535865784,-2.1113064289093018,0.0000000000000000,0.0000000000000000,0.0000000000000000,1.0000000000000000
M 0.9275879263877869,-0.0525367222726345,-0.3698925971984863,-0.0154820382595062,-0.3495786488056183,0.2272654175758362,-0.9089252352714539,1.1919672489166260,0.1318157613277435,0.9724146723747253,0.1924429535865784,-2.1113064289093018,0.0000000000000000,0.0000000000000000,0.0000000000000000,1.0000000000000000
M 0.9275879263877869,-0.0525367222726345,-0.3698925971984863,-0.0154820382595062,-0.3495786488056183,0.2272654175758362,-0.9089252352714539,1.1919672489166260,0.1318157613277435,0.9724146723747253,0.1924429535865784,-2.1113064289093018,0.0000000000000000,0.0000000000000000,0.0000000000000000,1.0000000000000000
M 0.9275879263877869,-0.0525367222726345,-0.3698925971984863,-0.0154820382595062,-0.3495786488056183,0.2272654175758362,-0.9089252352714539,1.1919672489166260,0.1318157613277435,0.9724146723747253,0.1924429535865784,-2.1113064289093018,0.0000000000000000,0.0000000000000000,0.0000000000000000,1.0000000000000000
M 0.9275879263877869,-0.0525367222726345,-0.3698925971984863,-0.0154820382595062,-0.3495786488056183,0.2272654175758362,-0.9089252352714539,1.1919672489166260,0.1318157613277435,0.9724146723747253,0.1924429535865784,-2.1113064289093018,0.0000000000000000,0.0000000000000000,0.0000000000000000,1.0000000000000000
M 0.9275879263877869,-0.0525367222726345,-0.3698925971984863,-0.0154820382595062,-0.3495786488056183,0.2272654175758362,-0.9089252352714539,1.1919672489166260,0.1318157613277435,0.9724146723747253,0.1924429535865784,-2.1113064289093018,0.0000000000000000,0.0000000000000000,0.0000000000000000,1.0000000000000000
M 0.9275879263877869,-0.0525367222726345,-0.3698925971984863,-0.0154820382595062,-0.3495786488056183,0.2272654175758362,-0.9089252352714539,1.1919672489166260,0.1318157613277435,0.9724146723747253,0.1924429535865784,-2.1113064289093018,0.0000000000000000,0.0000000000000000,0.0000000000000000,1.0000000000000000
M 0.9275879263877869,-0.0525367222726345,-0.3698925971984863,-0.0154820382595062,-0.3495786488056183,0.2272654175758362,-0.9089252352714539,1.1919672489166260,0.1318157613277435,0.9724146723747253,0.1924429535865784,-2.1113064289093018,0.0000000000000000,0.0000000000000000,0.0000000000000000,1.0000000000000000
M 0.9275879263877869,-0.0525367222726345,-0.3698925971984863,-0.0154820382595062,-0.3495786488056183,0.2272654175758362,-0.9089252352714539,1.1919672489166260,0.1318157613277435,0.9724146723747253,0.1924429535865784,-2.1113064289093018,0.0000000000000000,0.0000000000000000,0.0000000000000000,1.0000000000000000
M 0.9275879263877869,-0.0525367222726345,-0.3698925971984863,-0.0154820382595062,-0.3495786488056183,0.2272654175758362,-0.9089252352714539,1.1919672489166260,0.1318157613277435,0.9724146723747253,0.1924429535865784,-2.1113064289093018,0.0000000000000000,0.0000000000000000,0.0000000000000000,1.0000000000000000
M 0.9286154508590698,-0.0485910326242447,-0.3678480982780457,-0.0248695909976959,-0.3471516966819763,0.2362184226512909,-0.9075717329978943,1.1740336418151855,0.1309923529624939,0.9704842567443848,0.2024876326322556,-2.1180357933044434,0.0000000000000000,0.0000000000000000,0.0000000000000000,1.0000000000000000
M 0.9315179586410522,-0.0375481657683849,-0.3617519140243530,-0.0512583404779434,-0.3401928246021271,0.2618024051189423,-0.9031767845153809,1.1225259304046631,0.1286201477050781,0.9643908143043518,0.2310999929904938,-2.1351234912872314,0.0000000000000000,0.0000000000000000,0.0000000000000000,1.0000000000000000
M 0.9359826445579529,-0.0208967514336109,-0.3514253795146942,-0.0913457646965981,-0.3291716575622559,0.3020104467868805,-0.8946707248687744,1.0408744812011719,0.1248298436403275,0.9530755281448364,0.2757979333400726,-2.1555609703063965,0.0000000000000000,0.0000000000000000,0.0000000000000000,1.0000000000000000
M 0.9416589736938477,-0.0004297828127164,-0.3365682363510132,-0.1410373151302338,-0.3145482838153839,0.3546438813209534,-0.8805038332939148,0.9329179525375366,0.1197402849793434,0.9350013136863708,0.3338184058666229,-2.1703662872314453,0.0000000000000000,0.0000000000000000,0.0000000000000000,1.0000000000000000
M 0.9481799006462097,0.0218686349689960,-0.3169806003570557,-0.1955443918704987,-0.2967820763587952,0.4172309041023254,-0.8589754104614258,0.8034211993217468,0.1134694814682007,0.9085373878479004,0.4021001756191254,-2.1699626445770264,0.0000000000000000,0.0000000000000000,0.0000000000000000,1.0000000000000000
M 0.9551806449890137,0.0439569056034088,-0.2927417457103729,-0.2496140599250793,-0.2763394415378571,0.4869941174983978,-0.8285368084907532,0.6583904027938843,0.1061436012387276,0.8722984194755554,0.4773143827915192,-2.1454334259033203,0.0000000000000000,0.0000000000000000,0.0000000000000000,1.0000000000000000
M 0.9623157978057861,0.0638918280601501,-0.2643219828605652,-0.2979109883308411,-0.2536989450454712,0.5608859658241272,-0.7880632877349854,0.5051222443580627,0.0979036912322044,0.8254239559173584,0.5559586882591248,-2.0896196365356445,0.0000000000000000,0.0000000000000000,0.0000000000000000,1.0000000000000000
M 0.9692736864089966,0.0799968466162682,-0.2326134145259857,-0.3355332612991333,-0.2293546795845032,0.6357037425041199,-0.7370733022689819,0.3519219160079956,0.0889097005128860,0.7677767872810364,0.6345186233520508,-1.9979794025421143,0.0000000000000000,0.0000000000000000,0.0000000000000000,1.0000000000000000
M 0.9757885932922363,0.0910195037722588,-0.1988770663738251,-0.3585672974586487,-0.2038172930479050,0.7082750201225281,-0.6758735179901123,0.2075036764144897,0.0793420001864433,0.7000442743301392,0.7096779942512512,-1.8691370487213135,0.0000000000000000,0.0000000000000000,0.0000000000000000,1.0000000000000000
M 0.9816501736640930,0.0962501391768456,-0.1646172106266022,-0.3645786643028259,-0.1776133030653000,0.7756839394569397,-0.6056137084960938,0.0801765918731689,0.0694005265831947,0.6237390041351318,0.7785456180572510,-1.7050777673721313,0.0000000000000000,0.0000000000000000,0.0000000000000000,1.0000000000000000
M 0.9867100715637207,0.0955797806382179,-0.1314066499471664,-0.3529286682605743,-0.1512827426195145,0.8355081677436829,-0.5282419919967651,-0.0230791866779327,0.0593020878732204,0.5411012768745422,0.8388639092445374,-1.5109626054763794,0.0000000000000000,0.0000000000000000,0.0000000000000000,1.0000000000000000
M 0.9908848404884338,0.0894844606518745,-0.1006965413689613,-0.3248465955257416,-0.1253758966922760,0.8860221505165100,-0.4463694095611572,-0.0974773466587067,0.0492762289941311,0.4549255967140198,0.8891650438308716,-1.2946252822875977,0.0000000000000000,0.0000000000000000,0.0000000000000000,1.0000000000000000
M 0.9941554069519043,0.0789389461278915,-0.0736458599567413,-0.2832466363906860,-0.1004492044448853,0.9263327121734619,-0.3630671203136444,-0.1410805284976959,0.0395604297518730,0.3683427870273590,0.9288480281829834,-1.0658349990844727,0.0000000000000000,0.0000000000000000,0.0000000000000000,1.0000000000000000
M 0.9965628981590271,0.0652776584029198,-0.0510020628571510,-0.2323210090398788,-0.0770617127418518,0.9564232826232910,-0.2816310822963715,-0.1551340520381927,0.0303953383117914,0.2845934033393860,0.9581663608551025,-0.8354563713073730,0.0000000000000000,0.0000000000000000,0.0000000000000000,1.0000000000000000
M 0.9982007145881653,0.0500294975936413,-0.0330510027706623,-0.1770090758800507,-0.0557712167501450,0.9770972132682800,-0.2053549587726593,-0.1440096497535706,0.0220202337950468,0.2068287730216980,0.9781293272972107,-0.6146402955055237,0.0000000000000000,0.0000000000000000,0.0000000000000000,1.0000000000000000
M 0.9992026686668396,0.0347579643130302,-0.0196438767015934,-0.1224472820758820,-0.0371320396661758,0.9898263216018677,-0.1373500674962997,-0.1147567108273506,0.0146700171753764,0.1379699707031250,0.9903277754783630,-0.4141652584075928,0.0000000000000000,0.0000000000000000,0.0000000000000000,1.0000000000000000
M 0.9997279047966003,0.0209323037415743,-0.0102928234264255,-0.0735079199075699,-0.0216933451592922,0.9965237379074097,-0.0804353132843971,-0.0763129293918610,0.0085733458399773,0.0806367173790932,0.9967067241668701,-0.2439916729927063,0.0000000000000000,0.0000000000000000,0.0000000000000000,1.0000000000000000
M 0.9999421834945679,0.0098455129191279,-0.0043208394199610,-0.0344972237944603,-0.0099991681054235,0.9992610812187195,-0.0371114350855350,-0.0384440720081329,0.0039522657170892,0.0371524952352047,0.9993017911911011,-0.1130701303482056,0.0000000000000000,0.0000000000000000,0.0000000000000000,1.0000000000000000
M 0.9999961256980896,0.0025791465304792,-0.0010482054203749,-0.0090245716273785,-0.0025891037657857,0.9999504685401917,-0.0096117081120610,-0.0104942191392183,0.0010233634384349,0.0096143847331405,0.9999532699584961,-0.0293655525892973,0.0000000000000000,0.0000000000000000,0.0000000000000000,1.0000000000000000
M 1.0000000000000000,-0.0000000372529030,0.0000000298023224,0.0000001179682840,0.0000000372529030,1.0000000000000000,-0.0000000437113883,0.0000002050368408,-0.0000000298023224,0.0000000437113883,1.0000000000000000,-0.0000001633698758,0.0000000000000000,0.0000000000000000,0.0000000000000000,1.0000000000000000
