O Cab_DOOR_11_TOGGLE_INTERIOR_CG_DoorEngine3_LCG_EIL_mvp_vl80c
A Cab_DOOR_11_INTERIOR_CG_DoorEngine3_LCG_EIL_mvp_vl80c_Cab_DOOR_11_INTERIOR_CG_DoorEngine3_LCG_EIL_mvp_vl80c
M 1.0000000000000000,0.0000000000000000,0.0000000000000000,0.0000000000000000,0.0000000000000000,1.0000000000000000,-0.0000000437113883,-0.0000000212337472,-0.0000000000000000,0.0000000437113883,1.0000000000000000,-0.0000000145310111,0.0000000000000000,0.0000000000000000,0.0000000000000000,1.0000000000000000
M 1.0000000000000000,0.0000000000000000,0.0000000000000000,0.0000000000000000,0.0000000000000000,1.0000000000000000,-0.0000000437113883,-0.0000000212337472,-0.0000000000000000,0.0000000437113883,1.0000000000000000,-0.0000000145310111,0.0000000000000000,0.0000000000000000,0.0000000000000000,1.0000000000000000
M 1.0000000000000000,0.0000000000000000,0.0000000000000000,0.0000000000000000,0.0000000000000000,1.0000000000000000,-0.0000000437113883,-0.0000000212337472,-0.0000000000000000,0.0000000437113883,1.0000000000000000,-0.0000000145310111,0.0000000000000000,0.0000000000000000,0.0000000000000000,1.0000000000000000
M 1.0000000000000000,0.0000000000000000,0.0000000000000000,0.0000000000000000,0.0000000000000000,1.0000000000000000,-0.0000000437113883,-0.0000000212337472,-0.0000000000000000,0.0000000437113883,1.0000000000000000,-0.0000000145310111,0.0000000000000000,0.0000000000000000,0.0000000000000000,1.0000000000000000
M 1.0000000000000000,0.0000000000000000,0.0000000000000000,0.0000000000000000,0.0000000000000000,1.0000000000000000,-0.0000000437113883,-0.0000000212337472,-0.0000000000000000,0.0000000437113883,1.0000000000000000,-0.0000000145310111,0.0000000000000000,0.0000000000000000,0.0000000000000000,1.0000000000000000
M 1.0000000000000000,0.0000000000000000,0.0000000000000000,0.0000000000000000,0.0000000000000000,1.0000000000000000,-0.0000000437113883,-0.0000000212337472,-0.0000000000000000,0.0000000437113883,1.0000000000000000,-0.0000000145310111,0.0000000000000000,0.0000000000000000,0.0000000000000000,1.0000000000000000
M 1.0000000000000000,0.0000000000000000,0.0000000000000000,0.0000000000000000,0.0000000000000000,1.0000000000000000,-0.0000000437113883,-0.0000000212337472,-0.0000000000000000,0.0000000437113883,1.0000000000000000,-0.0000000145310111,0.0000000000000000,0.0000000000000000,0.0000000000000000,1.0000000000000000
M 1.0000000000000000,0.0000000000000000,0.0000000000000000,0.0000000000000000,0.0000000000000000,1.0000000000000000,-0.0000000437113883,-0.0000000212337472,-0.0000000000000000,0.0000000437113883,1.0000000000000000,-0.0000000145310111,0.0000000000000000,0.0000000000000000,0.0000000000000000,1.0000000000000000
M 1.0000000000000000,0.0000000000000000,0.0000000000000000,0.0000000000000000,0.0000000000000000,1.0000000000000000,-0.0000000437113883,-0.0000000212337472,-0.0000000000000000,0.0000000437113883,1.0000000000000000,-0.0000000145310111,0.0000000000000000,0.0000000000000000,0.0000000000000000,1.0000000000000000
M 1.0000000000000000,0.0000000000000000,0.0000000000000000,0.0000000000000000,0.0000000000000000,1.0000000000000000,-0.0000000437113883,-0.0000000212337472,-0.0000000000000000,0.0000000437113883,1.0000000000000000,-0.0000000145310111,0.0000000000000000,0.0000000000000000,0.0000000000000000,1.0000000000000000
M 1.0000000000000000,0.0000000000000000,0.0000000000000000,0.0000000000000000,0.0000000000000000,1.0000000000000000,-0.0000000437113883,-0.0000000212337472,-0.0000000000000000,0.0000000437113883,1.0000000000000000,-0.0000000145310111,0.0000000000000000,0.0000000000000000,0.0000000000000000,1.0000000000000000
M 1.0000000000000000,0.0000000000000000,0.0000000000000000,0.0000000000000000,0.0000000000000000,1.0000000000000000,-0.0000000437113883,-0.0000000212337472,-0.0000000000000000,0.0000000437113883,1.0000000000000000,-0.0000000145310111,0.0000000000000000,0.0000000000000000,0.0000000000000000,1.0000000000000000
M 1.0000000000000000,0.0000000000000000,0.0000000000000000,0.0000000000000000,0.0000000000000000,1.0000000000000000,-0.0000000437113883,-0.0000000212337472,-0.0000000000000000,0.0000000437113883,1.0000000000000000,-0.0000000145310111,0.0000000000000000,0.0000000000000000,0.0000000000000000,1.0000000000000000
M 1.0000000000000000,0.0000000000000000,0.0000000000000000,0.0000000000000000,0.0000000000000000,1.0000000000000000,-0.0000000437113883,-0.0000000212337472,-0.0000000000000000,0.0000000437113883,1.0000000000000000,-0.0000000145310111,0.0000000000000000,0.0000000000000000,0.0000000000000000,1.0000000000000000
M 1.0000000000000000,0.0000000000000000,0.0000000000000000,0.0000000000000000,0.0000000000000000,1.0000000000000000,-0.0000000437113883,-0.0000000212337472,-0.0000000000000000,0.0000000437113883,1.0000000000000000,-0.0000000145310111,0.0000000000000000,0.0000000000000000,0.0000000000000000,1.0000000000000000
M 1.0000000000000000,0.0000000000000000,0.0000000000000000,0.0000000000000000,0.0000000000000000,1.0000000000000000,-0.0000000437113883,-0.0000000212337472,-0.0000000000000000,0.0000000437113883,1.0000000000000000,-0.0000000145310111,0.0000000000000000,0.0000000000000000,0.0000000000000000,1.0000000000000000
M 1.0000000000000000,0.0000000000000000,0.0000000000000000,0.0000000000000000,0.0000000000000000,1.0000000000000000,-0.0000000437113883,-0.0000000212337472,-0.0000000000000000,0.0000000437113883,1.0000000000000000,-0.0000000145310111,0.0000000000000000,0.0000000000000000,0.0000000000000000,1.0000000000000000
M 1.0000000000000000,0.0000000000000000,0.0000000000000000,0.0000000000000000,0.0000000000000000,1.0000000000000000,-0.0000000437113883,-0.0000000212337472,-0.0000000000000000,0.0000000437113883,1.0000000000000000,-0.0000000145310111,0.0000000000000000,0.0000000000000000,0.0000000000000000,1.0000000000000000
M 1.0000000000000000,0.0000000000000000,0.0000000000000000,0.0000000000000000,0.0000000000000000,1.0000000000000000,-0.0000000437113883,-0.0000000212337472,-0.0000000000000000,0.0000000437113883,1.0000000000000000,-0.0000000145310111,0.0000000000000000,0.0000000000000000,0.0000000000000000,1.0000000000000000
M 1.0000000000000000,0.0000000000000000,0.0000000000000000,0.0000000000000000,0.0000000000000000,1.0000000000000000,-0.0000000437113883,-0.0000000212337472,-0.0000000000000000,0.0000000437113883,1.0000000000000000,-0.0000000145310111,0.0000000000000000,0.0000000000000000,0.0000000000000000,1.0000000000000000
M 1.0000000000000000,0.0000000000000000,0.0000000000000000,0.0000000000000000,0.0000000000000000,1.0000000000000000,-0.0000000437113883,-0.0000000212337472,-0.0000000000000000,0.0000000437113883,1.0000000000000000,-0.0000000145310111,0.0000000000000000,0.0000000000000000,0.0000000000000000,1.0000000000000000
M 0.9999962449073792,0.0000000001195618,0.0027352548204362,-0.0007444931543432,0.0000000000000000,1.0000000000000000,-0.0000000437113883,-0.0000000212337472,-0.0027352548204362,0.0000000437112249,0.9999962449073792,0.0182075686752796,0.0000000000000000,0.0000000000000000,0.0000000000000000,1.0000000000000000
M 0.9999421834945679,0.0000000004701328,0.0107553843408823,-0.0026401374489069,0.0000000000000000,1.0000000000000000,-0.0000000437113883,-0.0000000212337472,-0.0107553843408823,0.0000000437088694,0.9999421834945679,0.0716067850589752,0.0000000000000000,0.0000000000000000,0.0000000000000000,1.0000000000000000
M 0.9997171759605408,0.0000000010394828,0.0237805955111980,-0.0048057241365314,0.0000000000000000,1.0000000000000000,-0.0000000437113883,-0.0000000212337472,-0.0237805955111980,0.0000000436990248,0.9997171759605408,0.1583691090345383,0.0000000000000000,0.0000000000000000,0.0000000000000000,1.0000000000000000
M 0.9991374015808105,0.0000000018151984,0.0415268950164318,-0.0059378165751696,0.0000000000000000,1.0000000000000000,-0.0000000437113883,-0.0000000212337472,-0.0415268950164318,0.0000000436736904,0.9991374015808105,0.2766559720039368,0.0000000000000000,0.0000000000000000,0.0000000000000000,1.0000000000000000
M 0.9979689717292786,0.0000000027845146,0.0637022703886032,-0.0043974118307233,0.0000000000000000,1.0000000000000000,-0.0000000437113883,-0.0000000212337472,-0.0637022703886032,0.0000000436226166,0.9979689717292786,0.4245894551277161,0.0000000000000000,0.0000000000000000,0.0000000000000000,1.0000000000000000
M 0.9959415197372437,0.0000000039341330,0.0900024771690369,0.0017011156305671,0.0000000000000000,1.0000000000000000,-0.0000000437113883,-0.0000000212337472,-0.0900024771690369,0.0000000435339871,0.9959415197372437,0.6002204418182373,0.0000000000000000,0.0000000000000000,0.0000000000000000,1.0000000000000000
M 0.9927609562873840,0.0000000052500466,0.1201070621609688,0.0144048379734159,0.0000000000000000,1.0000000000000000,-0.0000000437113883,-0.0000000212337472,-0.1201070621609688,0.0000000433949587,0.9927609562873840,0.8014985918998718,0.0000000000000000,0.0000000000000000,0.0000000000000000,1.0000000000000000
M 0.9881213307380676,0.0000000067173782,0.1536757051944733,0.0358460396528244,0.0000000000000000,1.0000000000000000,-0.0000000437113883,-0.0000000212337472,-0.1536757051944733,0.0000000431921627,0.9881213307380676,1.0262447595596313,0.0000000000000000,0.0000000000000000,0.0000000000000000,1.0000000000000000
M 0.9817171096801758,0.0000000083202814,0.1903458535671234,0.0681608691811562,0.0000000000000000,1.0000000000000000,-0.0000000437113883,-0.0000000212337472,-0.1903458535671234,0.0000000429122160,0.9817171096801758,1.2721316814422607,0.0000000000000000,0.0000000000000000,0.0000000000000000,1.0000000000000000
M 0.9732540845870972,0.0000000100418713,0.2297312319278717,0.1134158670902252,0.0000000000000000,1.0000000000000000,-0.0000000437113883,-0.0000000212337472,-0.2297312319278717,0.0000000425422861,0.9732540845870972,1.5366706848144531,0.0000000000000000,0.0000000000000000,0.0000000000000000,1.0000000000000000
M 0.9624603986740112,0.0000000118642349,0.2714220583438873,0.1735358834266663,0.0000000000000000,1.0000000000000000,-0.0000000437113883,-0.0000000212337472,-0.2714220583438873,0.0000000420704787,0.9624603986740112,1.8172110319137573,0.0000000000000000,0.0000000000000000,0.0000000000000000,1.0000000000000000
M 0.9490961432456970,0.0000000137684975,0.3149864971637726,0.2502388060092926,0.0000000000000000,1.0000000000000000,-0.0000000437113883,-0.0000000212337472,-0.3149864971637726,0.0000000414863095,0.9490961432456970,2.1109454631805420,0.0000000000000000,0.0000000000000000,0.0000000000000000,1.0000000000000000
M 0.9329623579978943,0.0000000157349582,0.3599739074707031,0.3449770212173462,0.0000000000000000,1.0000000000000000,-0.0000000437113883,-0.0000000212337472,-0.3599739074707031,0.0000000407810816,0.9329623579978943,2.4149305820465088,0.0000000000000000,0.0000000000000000,0.0000000000000000,1.0000000000000000
M 0.9139089584350586,0.0000000177432948,0.4059192538261414,0.4588788151741028,0.0000000000000000,1.0000000000000000,-0.0000000437113883,-0.0000000212337472,-0.4059192538261414,0.0000000399482367,0.9139089584350586,2.7261130809783936,0.0000000000000000,0.0000000000000000,0.0000000000000000,1.0000000000000000
M 0.8918407559394836,0.0000000197728269,0.4523495435714722,0.5927119255065918,0.0000000000000000,1.0000000000000000,-0.0000000437113883,-0.0000000212337472,-0.4523495435714722,0.0000000389835968,0.8918407559394836,3.0413715839385986,0.0000000000000000,0.0000000000000000,0.0000000000000000,1.0000000000000000
M 0.8667227029800415,0.0000000218028156,0.4987902939319611,0.7468424439430237,0.0000000000000000,1.0000000000000000,-0.0000000437113883,-0.0000000212337472,-0.4987902939319611,0.0000000378856519,0.8667227029800415,3.3575570583343506,0.0000000000000000,0.0000000000000000,0.0000000000000000,1.0000000000000000
M 0.8385829329490662,0.0000000238128255,0.5447739362716675,0.9212150573730469,0.0000000000000000,1.0000000000000000,-0.0000000437113883,-0.0000000212337472,-0.5447739362716675,0.0000000366556314,0.8385829329490662,3.6715500354766846,0.0000000000000000,0.0000000000000000,0.0000000000000000,1.0000000000000000
M 0.8075140714645386,0.0000000257830877,0.5898482799530029,1.1153398752212524,0.0000000000000000,1.0000000000000000,-0.0000000437113883,-0.0000000212337472,-0.5898482799530029,0.0000000352975604,0.8075140714645386,3.9803140163421631,0.0000000000000000,0.0000000000000000,0.0000000000000000,1.0000000000000000
M 0.7736726999282837,0.0000000276949006,0.6335854530334473,1.3282957077026367,0.0000000000000000,1.0000000000000000,-0.0000000437113883,-0.0000000212337472,-0.6335854530334473,0.0000000338183099,0.7736726999282837,4.2809576988220215,0.0000000000000000,0.0000000000000000,0.0000000000000000,1.0000000000000000
M 0.7372773289680481,0.0000000295309839,0.6755901575088501,1.5587385892868042,0.0000000000000000,1.0000000000000000,-0.0000000437113883,-0.0000000212337472,-0.6755901575088501,0.0000000322274154,0.7372773289680481,4.5707879066467285,0.0000000000000000,0.0000000000000000,0.0000000000000000,1.0000000000000000
M 0.6986047029495239,0.0000000312758459,0.7155078649520874,1.8049265146255493,0.0000000000000000,1.0000000000000000,-0.0000000437113883,-0.0000000212337472,-0.7155078649520874,0.0000000305369809,0.6986047029495239,4.8473663330078125,0.0000000000000000,0.0000000000000000,0.0000000000000000,1.0000000000000000
M 0.6579834222793579,0.0000000329160947,0.7530324459075928,2.0647580623626709,0.0000000000000000,1.0000000000000000,-0.0000000437113883,-0.0000000212337472,-0.7530324459075928,0.0000000287613720,0.6579834222793579,5.1085638999938965,0.0000000000000000,0.0000000000000000,0.0000000000000000,1.0000000000000000
M 0.6157882809638977,0.0000000344407134,0.7879116535186768,2.3358097076416016,0.0000000000000000,1.0000000000000000,-0.0000000437113883,-0.0000000212337472,-0.7879116535186768,0.0000000269169611,0.6157882809638977,5.3525962829589844,0.0000000000000000,0.0000000000000000,0.0000000000000000,1.0000000000000000
M 0.5724321603775024,0.0000000358412429,0.8199520707130432,2.6153874397277832,0.0000000000000000,1.0000000000000000,-0.0000000437113883,-0.0000000212337472,-0.8199520707130432,0.0000000250218051,0.5724321603775024,5.5780591964721680,0.0000000000000000,0.0000000000000000,0.0000000000000000,1.0000000000000000
M 0.5283572673797607,0.0000000371119384,0.8490221500396729,2.9005849361419678,0.0000000000000000,1.0000000000000000,-0.0000000437113883,-0.0000000212337472,-0.8490221500396729,0.0000000230952324,0.5283572673797607,5.7839531898498535,0.0000000000000000,0.0000000000000000,0.0000000000000000,1.0000000000000000
M 0.4840272963047028,0.0000000382497767,0.8750528693199158,3.1883351802825928,0.0000000000000000,1.0000000000000000,-0.0000000437113883,-0.0000000212337472,-0.8750528693199158,0.0000000211575060,0.4840272963047028,5.9696874618530273,0.0000000000000000,0.0000000000000000,0.0000000000000000,1.0000000000000000
M 0.4399171471595764,0.0000000392545125,0.8980383872985840,3.4754786491394043,0.0000000000000000,1.0000000000000000,-0.0000000437113883,-0.0000000212337472,-0.8980383872985840,0.0000000192293896,0.4399171471595764,6.1350913047790527,0.0000000000000000,0.0000000000000000,0.0000000000000000,1.0000000000000000
M 0.3965073525905609,0.0000000401284410,0.9180315732955933,3.7588021755218506,0.0000000000000000,1.0000000000000000,-0.0000000437113883,-0.0000000212337472,-0.9180315732955933,0.0000000173318906,0.3965073525905609,6.2803797721862793,0.0000000000000000,0.0000000000000000,0.0000000000000000,1.0000000000000000
M 0.3542733490467072,0.0000000408763512,0.9351419210433960,4.0351099967956543,0.0000000000000000,1.0000000000000000,-0.0000000437113883,-0.0000000212337472,-0.9351419210433960,0.0000000154857798,0.3542733490467072,6.4061484336853027,0.0000000000000000,0.0000000000000000,0.0000000000000000,1.0000000000000000
M 0.3136818706989288,0.0000000415051957,0.9495281577110291,4.3012509346008301,0.0000000000000000,1.0000000000000000,-0.0000000437113883,-0.0000000212337472,-0.9495281577110291,0.0000000137114702,0.3136818706989288,6.5133233070373535,0.0000000000000000,0.0000000000000000,0.0000000000000000,1.0000000000000000
M 0.2751839160919189,0.0000000420237640,0.9613916277885437,4.5541663169860840,0.0000000000000000,1.0000000000000000,-0.0000000437113883,-0.0000000212337472,-0.9613916277885437,0.0000000120286696,0.2751839160919189,6.6031169891357422,0.0000000000000000,0.0000000000000000,0.0000000000000000,1.0000000000000000
M 0.2392114251852036,0.0000000424423447,0.9709675312042236,4.7909150123596191,0.0000000000000000,1.0000000000000000,-0.0000000437113883,-0.0000000212337472,-0.9709675312042236,0.0000000104562634,0.2392114251852036,6.6769738197326660,0.0000000000000000,0.0000000000000000,0.0000000000000000,1.0000000000000000
M 0.2061748504638672,0.0000000427722568,0.9785151481628418,5.0086917877197266,0.0000000000000000,1.0000000000000000,-0.0000000437113883,-0.0000000212337472,-0.9785151481628418,0.0000000090121892,0.2061748504638672,6.7365040779113770,0.0000000000000000,0.0000000000000000,0.0000000000000000,1.0000000000000000
M 0.1764622479677200,0.0000000430254445,0.9843074083328247,5.2048373222351074,0.0000000000000000,1.0000000000000000,-0.0000000437113883,-0.0000000212337472,-0.9843074083328247,0.0000000077134104,0.1764622479677200,6.7834153175354004,0.0000000000000000,0.0000000000000000,0.0000000000000000,1.0000000000000000
M 0.1504385918378830,0.0000000432139231,0.9886193275451660,5.3768444061279297,0.0000000000000000,1.0000000000000000,-0.0000000437113883,-0.0000000212337472,-0.9886193275451660,0.0000000065758807,0.1504385918378830,6.8194360733032227,0.0000000000000000,0.0000000000000000,0.0000000000000000,1.0000000000000000
M 0.1284496039152145,0.0000000433492922,0.9917160272598267,5.5223379135131836,0.0000000000000000,1.0000000000000000,-0.0000000437113883,-0.0000000212337472,-0.9917160272598267,0.0000000056147105,0.1284496039152145,6.8462328910827637,0.0000000000000000,0.0000000000000000,0.0000000000000000,1.0000000000000000
M 0.1108211502432823,0.0000000434421423,0.9938403367996216,5.6390795707702637,0.0000000000000000,1.0000000000000000,-0.0000000437113883,-0.0000000212337472,-0.9938403367996216,0.0000000048441464,0.1108211502432823,6.8653306961059570,0.0000000000000000,0.0000000000000000,0.0000000000000000,1.0000000000000000
M 0.0978654026985168,0.0000000435015650,0.9951996803283691,5.7249341011047363,0.0000000000000000,1.0000000000000000,-0.0000000437113883,-0.0000000212337472,-0.9951996803283691,0.0000000042778328,0.0978654026985168,6.8780226707458496,0.0000000000000000,0.0000000000000000,0.0000000000000000,1.0000000000000000
M 0.0898801982402802,0.0000000435344774,0.9959526062011719,5.7778739929199219,0.0000000000000000,1.0000000000000000,-0.0000000437113883,-0.0000000212337472,-0.9959526062011719,0.0000000039287884,0.0898801982402802,6.8852801322937012,0.0000000000000000,0.0000000000000000,0.0000000000000000,1.0000000000000000
M 0.0871558040380478,0.0000000435450538,0.9961947202682495,5.7959399223327637,0.0000000000000000,1.0000000000000000,-0.0000000437113883,-0.0000000212337472,-0.9961947202682495,0.0000000038097014,0.0871558040380478,6.8876576423645020,0.0000000000000000,0.0000000000000000,0.0000000000000000,1.0000000000000000
M 0.0871558040380478,0.0000000435450538,0.9961947202682495,5.7959399223327637,0.0000000000000000,1.0000000000000000,-0.0000000437113883,-0.0000000212337472,-0.9961947202682495,0.0000000038097014,0.0871558040380478,6.8876576423645020,0.0000000000000000,0.0000000000000000,0.0000000000000000,1.0000000000000000
M 0.0871558040380478,0.0000000435450538,0.9961947202682495,5.7959399223327637,0.0000000000000000,1.0000000000000000,-0.0000000437113883,-0.0000000212337472,-0.9961947202682495,0.0000000038097014,0.0871558040380478,6.8876576423645020,0.0000000000000000,0.0000000000000000,0.0000000000000000,1.0000000000000000
M 0.0871558040380478,0.0000000435450538,0.9961947202682495,5.7959399223327637,0.0000000000000000,1.0000000000000000,-0.0000000437113883,-0.0000000212337472,-0.9961947202682495,0.0000000038097014,0.0871558040380478,6.8876576423645020,0.0000000000000000,0.0000000000000000,0.0000000000000000,1.0000000000000000
M 0.0871558040380478,0.0000000435450538,0.9961947202682495,5.7959399223327637,0.0000000000000000,1.0000000000000000,-0.0000000437113883,-0.0000000212337472,-0.9961947202682495,0.0000000038097014,0.0871558040380478,6.8876576423645020,0.0000000000000000,0.0000000000000000,0.0000000000000000,1.0000000000000000
M 0.0871558040380478,0.0000000435450538,0.9961947202682495,5.7959399223327637,0.0000000000000000,1.0000000000000000,-0.0000000437113883,-0.0000000212337472,-0.9961947202682495,0.0000000038097014,0.0871558040380478,6.8876576423645020,0.0000000000000000,0.0000000000000000,0.0000000000000000,1.0000000000000000
M 0.0871558040380478,0.0000000435450538,0.9961947202682495,5.7959399223327637,0.0000000000000000,1.0000000000000000,-0.0000000437113883,-0.0000000212337472,-0.9961947202682495,0.0000000038097014,0.0871558040380478,6.8876576423645020,0.0000000000000000,0.0000000000000000,0.0000000000000000,1.0000000000000000
M 0.0871558040380478,0.0000000435450538,0.9961947202682495,5.7959399223327637,0.0000000000000000,1.0000000000000000,-0.0000000437113883,-0.0000000212337472,-0.9961947202682495,0.0000000038097014,0.0871558040380478,6.8876576423645020,0.0000000000000000,0.0000000000000000,0.0000000000000000,1.0000000000000000
M 0.0871558040380478,0.0000000435450538,0.9961947202682495,5.7959399223327637,0.0000000000000000,1.0000000000000000,-0.0000000437113883,-0.0000000212337472,-0.9961947202682495,0.0000000038097014,0.0871558040380478,6.8876576423645020,0.0000000000000000,0.0000000000000000,0.0000000000000000,1.0000000000000000
M 0.0871558040380478,0.0000000435450538,0.9961947202682495,5.7959399223327637,0.0000000000000000,1.0000000000000000,-0.0000000437113883,-0.0000000212337472,-0.9961947202682495,0.0000000038097014,0.0871558040380478,6.8876576423645020,0.0000000000000000,0.0000000000000000,0.0000000000000000,1.0000000000000000
M 0.0871558040380478,0.0000000435450538,0.9961947202682495,5.7959399223327637,0.0000000000000000,1.0000000000000000,-0.0000000437113883,-0.0000000212337472,-0.9961947202682495,0.0000000038097014,0.0871558040380478,6.8876576423645020,0.0000000000000000,0.0000000000000000,0.0000000000000000,1.0000000000000000
M 0.0871558040380478,0.0000000435450538,0.9961947202682495,5.7959399223327637,0.0000000000000000,1.0000000000000000,-0.0000000437113883,-0.0000000212337472,-0.9961947202682495,0.0000000038097014,0.0871558040380478,6.8876576423645020,0.0000000000000000,0.0000000000000000,0.0000000000000000,1.0000000000000000
M 0.0871558040380478,0.0000000435450538,0.9961947202682495,5.7959399223327637,0.0000000000000000,1.0000000000000000,-0.0000000437113883,-0.0000000212337472,-0.9961947202682495,0.0000000038097014,0.0871558040380478,6.8876576423645020,0.0000000000000000,0.0000000000000000,0.0000000000000000,1.0000000000000000
M 0.0871558040380478,0.0000000435450538,0.9961947202682495,5.7959399223327637,0.0000000000000000,1.0000000000000000,-0.0000000437113883,-0.0000000212337472,-0.9961947202682495,0.0000000038097014,0.0871558040380478,6.8876576423645020,0.0000000000000000,0.0000000000000000,0.0000000000000000,1.0000000000000000
M 0.0871558040380478,0.0000000435450538,0.9961947202682495,5.7959399223327637,0.0000000000000000,1.0000000000000000,-0.0000000437113883,-0.0000000212337472,-0.9961947202682495,0.0000000038097014,0.0871558040380478,6.8876576423645020,0.0000000000000000,0.0000000000000000,0.0000000000000000,1.0000000000000000
M 0.0871558040380478,0.0000000435450538,0.9961947202682495,5.7959399223327637,0.0000000000000000,1.0000000000000000,-0.0000000437113883,-0.0000000212337472,-0.9961947202682495,0.0000000038097014,0.0871558040380478,6.8876576423645020,0.0000000000000000,0.0000000000000000,0.0000000000000000,1.0000000000000000
M 0.0871558040380478,0.0000000435450538,0.9961947202682495,5.7959399223327637,0.0000000000000000,1.0000000000000000,-0.0000000437113883,-0.0000000212337472,-0.9961947202682495,0.0000000038097014,0.0871558040380478,6.8876576423645020,0.0000000000000000,0.0000000000000000,0.0000000000000000,1.0000000000000000
M 0.0871558040380478,0.0000000435450538,0.9961947202682495,5.7959399223327637,0.0000000000000000,1.0000000000000000,-0.0000000437113883,-0.0000000212337472,-0.9961947202682495,0.0000000038097014,0.0871558040380478,6.8876576423645020,0.0000000000000000,0.0000000000000000,0.0000000000000000,1.0000000000000000
M 0.0871558040380478,0.0000000435450538,0.9961947202682495,5.7959399223327637,0.0000000000000000,1.0000000000000000,-0.0000000437113883,-0.0000000212337472,-0.9961947202682495,0.0000000038097014,0.0871558040380478,6.8876576423645020,0.0000000000000000,0.0000000000000000,0.0000000000000000,1.0000000000000000
M 0.0871558040380478,0.0000000435450538,0.9961947202682495,5.7959399223327637,0.0000000000000000,1.0000000000000000,-0.0000000437113883,-0.0000000212337472,-0.9961947202682495,0.0000000038097014,0.0871558040380478,6.8876576423645020,0.0000000000000000,0.0000000000000000,0.0000000000000000,1.0000000000000000
M 0.0871558040380478,0.0000000435450538,0.9961947202682495,5.7959399223327637,0.0000000000000000,1.0000000000000000,-0.0000000437113883,-0.0000000212337472,-0.9961947202682495,0.0000000038097014,0.0871558040380478,6.8876576423645020,0.0000000000000000,0.0000000000000000,0.0000000000000000,1.0000000000000000
O Cab_DOOR_11_INTERIOR_LCG_EIL_handle
A Cab_DOOR_11_INTERIOR_LCG_EIL_handle_Cab_DOOR_11_INTERIOR_LCG_EIL_handle
M 1.0000000000000000,0.0000000000000000,0.0000000000000000,0.0000000000000000,0.0000000000000000,1.0000000000000000,-0.0000000437113883,0.0000000188742124,-0.0000000000000000,0.0000000437113883,1.0000000000000000,-0.0000000032329410,0.0000000000000000,0.0000000000000000,0.0000000000000000,1.0000000000000000
M 1.0000000000000000,0.0000000000000000,0.0000000000000000,0.0000000000000000,0.0000000000000000,0.9999901652336121,-0.0044287736527622,-0.0010744847822934,-0.0000000000000000,0.0044287736527622,0.9999901652336121,-0.0146726295351982,0.0000000000000000,0.0000000000000000,0.0000000000000000,1.0000000000000000
M 1.0000000000000000,0.0000000000000000,0.0000000000000000,0.0000000000000000,0.0000000000000000,0.9998537302017212,-0.0171033591032028,-0.0037912838160992,-0.0000000000000000,0.0171033591032028,0.9998537302017212,-0.0566913038492203,0.0000000000000000,0.0000000000000000,0.0000000000000000,1.0000000000000000
M 1.0000000000000000,0.0000000000000000,0.0000000000000000,0.0000000000000000,0.0000000000000000,0.9993115067481995,-0.0371016152203083,-0.0069945324212313,-0.0000000000000000,0.0371016152203083,0.9993115067481995,-0.1230710819363594,0.0000000000000000,0.0000000000000000,0.0000000000000000,1.0000000000000000
M 1.0000000000000000,0.0000000000000000,0.0000000000000000,0.0000000000000000,0.0000000000000000,0.9979826807975769,-0.0634872838854790,-0.0091891735792160,-0.0000000000000000,0.0634872838854790,0.9979826807975769,-0.2108058184385300,0.0000000000000000,0.0000000000000000,0.0000000000000000,1.0000000000000000
M 1.0000000000000000,0.0000000000000000,0.0000000000000000,0.0000000000000000,0.0000000000000000,0.9954483509063721,-0.0953028425574303,-0.0087479967623949,-0.0000000000000000,0.0953028425574303,0.9954483509063721,-0.3168284296989441,0.0000000000000000,0.0000000000000000,0.0000000000000000,1.0000000000000000
M 1.0000000000000000,0.0000000000000000,0.0000000000000000,0.0000000000000000,0.0000000000000000,0.9913076758384705,-0.1315643191337585,-0.0040972568094730,-0.0000000000000000,0.1315643191337585,0.9913076758384705,-0.4379797279834747,0.0000000000000000,0.0000000000000000,0.0000000000000000,1.0000000000000000
M 1.0000000000000000,0.0000000000000000,0.0000000000000000,0.0000000000000000,0.0000000000000000,0.9852253794670105,-0.1712628602981567,0.0061258077621460,-0.0000000000000000,0.1712628602981567,0.9852253794670105,-0.5710017085075378,0.0000000000000000,0.0000000000000000,0.0000000000000000,1.0000000000000000
M 1.0000000000000000,0.0000000000000000,0.0000000000000000,0.0000000000000000,0.0000000000000000,0.9769711494445801,-0.2133715003728867,0.0229408778250217,-0.0000000000000000,0.2133715003728867,0.9769711494445801,-0.7125501036643982,0.0000000000000000,0.0000000000000000,0.0000000000000000,1.0000000000000000
M 1.0000000000000000,0.0000000000000000,0.0000000000000000,0.0000000000000000,0.0000000000000000,0.9664490222930908,-0.2568586766719818,0.0469238758087158,-0.0000000000000000,0.2568586766719818,0.9664490222930908,-0.8592319488525391,0.0000000000000000,0.0000000000000000,0.0000000000000000,1.0000000000000000
M 1.0000000000000000,0.0000000000000000,0.0000000000000000,0.0000000000000000,0.0000000000000000,0.9537170529365540,-0.3007056415081024,0.0781368687748909,-0.0000000000000000,0.3007056415081024,0.9537170529365540,-1.0076580047607422,0.0000000000000000,0.0000000000000000,0.0000000000000000,1.0000000000000000
M 1.0000000000000000,0.0000000000000000,0.0000000000000000,0.0000000000000000,0.0000000000000000,0.9389968514442444,-0.3439258635044098,0.1160926148295403,-0.0000000000000000,0.3439258635044098,0.9389968514442444,-1.1545048952102661,0.0000000000000000,0.0000000000000000,0.0000000000000000,1.0000000000000000
M 1.0000000000000000,0.0000000000000000,0.0000000000000000,0.0000000000000000,0.0000000000000000,0.9226728081703186,-0.3855838775634766,0.1597518324851990,-0.0000000000000000,0.3855838775634766,0.9226728081703186,-1.2965781688690186,0.0000000000000000,0.0000000000000000,0.0000000000000000,1.0000000000000000
M 1.0000000000000000,0.0000000000000000,0.0000000000000000,0.0000000000000000,0.0000000000000000,0.9052817225456238,-0.4248116910457611,0.2075526714324951,-0.0000000000000000,0.4248116910457611,0.9052817225456238,-1.4308679103851318,0.0000000000000000,0.0000000000000000,0.0000000000000000,1.0000000000000000
M 1.0000000000000000,0.0000000000000000,0.0000000000000000,0.0000000000000000,0.0000000000000000,0.8874939680099487,-0.4608192741870880,0.2574729323387146,-0.0000000000000000,0.4608192741870880,0.8874939680099487,-1.5545898675918579,0.0000000000000000,0.0000000000000000,0.0000000000000000,1.0000000000000000
M 1.0000000000000000,0.0000000000000000,0.0000000000000000,0.0000000000000000,0.0000000000000000,0.8700869679450989,-0.4928982555866241,0.3071138858795166,-0.0000000000000000,0.4928982555866241,0.8700869679450989,-1.6652032136917114,0.0000000000000000,0.0000000000000000,0.0000000000000000,1.0000000000000000
M 1.0000000000000000,0.0000000000000000,0.0000000000000000,0.0000000000000000,0.0000000000000000,0.8539143800735474,-0.5204135775566101,0.3538068532943726,-0.0000000000000000,0.5204135775566101,0.8539143800735474,-1.7603907585144043,0.0000000000000000,0.0000000000000000,0.0000000000000000,1.0000000000000000
M 1.0000000000000000,0.0000000000000000,0.0000000000000000,0.0000000000000000,0.0000000000000000,0.8398686647415161,-0.5427896380424500,0.3947393596172333,-0.0000000000000000,0.5427896380424500,0.8398686647415161,-1.8380228281021118,0.0000000000000000,0.0000000000000000,0.0000000000000000,1.0000000000000000
M 1.0000000000000000,0.0000000000000000,0.0000000000000000,0.0000000000000000,0.0000000000000000,0.8288423418998718,-0.5594822764396667,0.4270910322666168,-0.0000000000000000,0.5594822764396667,0.8288423418998718,-1.8960736989974976,0.0000000000000000,0.0000000000000000,0.0000000000000000,1.0000000000000000
M 1.0000000000000000,0.0000000000000000,0.0000000000000000,0.0000000000000000,0.0000000000000000,0.8216841816902161,-0.5699430704116821,0.4481872916221619,-0.0000000000000000,0.5699430704116821,0.8216841816902161,-1.9325145483016968,0.0000000000000000,0.0000000000000000,0.0000000000000000,1.0000000000000000
M 1.0000000000000000,0.0000000000000000,0.0000000000000000,0.0000000000000000,0.0000000000000000,0.8191521167755127,-0.5735763907432556,0.4556663036346436,-0.0000000000000000,0.5735763907432556,0.8191521167755127,-1.9451829195022583,0.0000000000000000,0.0000000000000000,0.0000000000000000,1.0000000000000000
M 0.9999962449073792,0.0015688774874434,0.0022405898198485,-0.0060648932121694,0.0000000000000000,0.8191521167755127,-0.5735763907432556,0.4556663036346436,-0.0027352548204362,0.5735742449760437,0.8191490173339844,-1.9269682168960571,0.0000000000000000,0.0000000000000000,0.0000000000000000,1.0000000000000000
M 0.9999421834945679,0.0061690341681242,0.0088102957233787,-0.0235615111887455,0.0000000000000000,0.8191521167755127,-0.5735763907432556,0.4556663036346436,-0.0107553843408823,0.5735432505607605,0.8191047310829163,-1.8734637498855591,0.0000000000000000,0.0000000000000000,0.0000000000000000,1.0000000000000000
M 0.9997171759605408,0.0136399883776903,0.0194799248129129,-0.0510633066296577,0.0000000000000000,0.8191521167755127,-0.5735763907432556,0.4556663036346436,-0.0237805955111980,0.5734141469001770,0.8189204335212708,-1.7862637042999268,0.0000000000000000,0.0000000000000000,0.0000000000000000,1.0000000000000000
M 0.9991374015808105,0.0238188449293375,0.0340168476104736,-0.0867155715823174,0.0000000000000000,0.8191521167755127,-0.5735763907432556,0.4556663036346436,-0.0415268950164318,0.5730816125869751,0.8184455037117004,-1.6668490171432495,0.0000000000000000,0.0000000000000000,0.0000000000000000,1.0000000000000000
M 0.9979689717292786,0.0365381166338921,0.0521818511188030,-0.1283099949359894,0.0000000000000000,0.8191521167755127,-0.5735763907432556,0.4556663036346436,-0.0637022703886032,0.5724114179611206,0.8174883723258972,-1.5166426897048950,0.0000000000000000,0.0000000000000000,0.0000000000000000,1.0000000000000000
M 0.9959415197372437,0.0516232922673225,0.0737257152795792,-0.1733705997467041,0.0000000000000000,0.8191521167755127,-0.5735763907432556,0.4556663036346436,-0.0900024771690369,0.5712485313415527,0.8158276081085205,-1.3370679616928101,0.0000000000000000,0.0000000000000000,0.0000000000000000,1.0000000000000000
M 0.9927609562873840,0.0688905790448189,0.0983859524130821,-0.2192254960536957,0.0000000000000000,0.8191521167755127,-0.5735763907432556,0.4556663036346436,-0.1201070621609688,0.5694242715835571,0.8132222294807434,-1.1296031475067139,0.0000000000000000,0.0000000000000000,0.0000000000000000,1.0000000000000000
M 0.9881213307380676,0.0881447494029999,0.1258837878704071,-0.2630809843540192,0.0000000000000000,0.8191521167755127,-0.5735763907432556,0.4556663036346436,-0.1536757051944733,0.5667630434036255,0.8094216585159302,-0.8958319425582886,0.0000000000000000,0.0000000000000000,0.0000000000000000,1.0000000000000000
M 0.9817171096801758,0.1091778874397278,0.1559222042560577,-0.3020966351032257,0.0000000000000000,0.8191521167755127,-0.5735763907432556,0.4556663036346436,-0.1903458535671234,0.5630897879600525,0.8041756749153137,-0.6374877691268921,0.0000000000000000,0.0000000000000000,0.0000000000000000,1.0000000000000000
M 0.9732540845870972,0.1317684203386307,0.1881848275661469,-0.3334536850452423,0.0000000000000000,0.8191521167755127,-0.5735763907432556,0.4556663036346436,-0.2297312319278717,0.5582355856895447,0.7972431182861328,-0.3564865887165070,0.0000000000000000,0.0000000000000000,0.0000000000000000,1.0000000000000000
M 0.9624603986740112,0.1556812822818756,0.2223359495401382,-0.3544295132160187,0.0000000000000000,0.8191521167755127,-0.5735763907432556,0.4556663036346436,-0.2714220583438873,0.5520445704460144,0.7884014844894409,-0.0549506098031998,0.0000000000000000,0.0000000000000000,0.0000000000000000,1.0000000000000000
M 0.9490961432456970,0.1806688159704208,0.2580218613147736,-0.3624672889709473,0.0000000000000000,0.8191521167755127,-0.5735763907432556,0.4556663036346436,-0.3149864971637726,0.5443791747093201,0.7774541378021240,0.2647798061370850,0.0000000000000000,0.0000000000000000,0.0000000000000000,1.0000000000000000
M 0.9329623579978943,0.2064725160598755,0.2948733866214752,-0.3552384078502655,0.0000000000000000,0.8191521167755127,-0.5735763907432556,0.4556663036346436,-0.3599739074707031,0.5351251959800720,0.7642380595207214,0.6001480817794800,0.0000000000000000,0.0000000000000000,0.0000000000000000,1.0000000000000000
M 0.9139089584350586,0.2328256964683533,0.3325096070766449,-0.3307083249092102,0.0000000000000000,0.8191521167755127,-0.5735763907432556,0.4556663036346436,-0.4059192538261414,0.5241966247558594,0.7486304640769958,0.9483927488327026,0.0000000000000000,0.0000000000000000,0.0000000000000000,1.0000000000000000
M 0.8918407559394836,0.2594570219516754,0.3705430924892426,-0.2871904969215393,0.0000000000000000,0.8191521167755127,-0.5735763907432556,0.4556663036346436,-0.4523495435714722,0.5115388035774231,0.7305532097816467,1.3065781593322754,0.0000000000000000,0.0000000000000000,0.0000000000000000,1.0000000000000000
M 0.8667227029800415,0.2860943377017975,0.4085851311683655,-0.2233957946300507,0.0000000000000000,0.8191521167755127,-0.5735763907432556,0.4556663036346436,-0.4987902939319611,0.4971316754817963,0.7099777460098267,1.6716225147247314,0.0000000000000000,0.0000000000000000,0.0000000000000000,1.0000000000000000
M 0.8385829329490662,0.3124694526195526,0.4462527334690094,-0.1384700834751129,0.0000000000000000,0.8191521167755127,-0.5735763907432556,0.4556663036346436,-0.5447739362716675,0.4809913635253906,0.6869269609451294,2.0403523445129395,0.0000000000000000,0.0000000000000000,0.0000000000000000,1.0000000000000000
M 0.8075140714645386,0.3383230268955231,0.4831754863262177,-0.0320229083299637,0.0000000000000000,0.8191521167755127,-0.5735763907432556,0.4556663036346436,-0.5898482799530029,0.4631710052490234,0.6614768505096436,2.4095516204833984,0.0000000000000000,0.0000000000000000,0.0000000000000000,1.0000000000000000
M 0.7736726999282837,0.3634096384048462,0.5190029144287109,0.0958560556173325,0.0000000000000000,0.8191521167755127,-0.5735763907432556,0.4556663036346436,-0.6335854530334473,0.4437603950500488,0.6337556242942810,2.7760226726531982,0.0000000000000000,0.0000000000000000,0.0000000000000000,1.0000000000000000
M 0.7372773289680481,0.3875025510787964,0.5534111261367798,0.2445918470621109,0.0000000000000000,0.8191521167755127,-0.5735763907432556,0.4556663036346436,-0.6755901575088501,0.4228848814964294,0.6039422750473022,3.1366484165191650,0.0000000000000000,0.0000000000000000,0.0000000000000000,1.0000000000000000
M 0.6986047029495239,0.4103983938694000,0.5861097574234009,0.4131328165531158,0.0000000000000000,0.8191521167755127,-0.5735763907432556,0.4556663036346436,-0.7155078649520874,0.4007031321525574,0.5722634792327881,3.4884524345397949,0.0000000000000000,0.0000000000000000,0.0000000000000000,1.0000000000000000
M 0.6579834222793579,0.4319216310977936,0.6168481111526489,0.5999718308448792,0.0000000000000000,0.8191521167755127,-0.5735763907432556,0.4556663036346436,-0.7530324459075928,0.3774037361145020,0.5389885306358337,3.8286659717559814,0.0000000000000000,0.0000000000000000,0.0000000000000000,1.0000000000000000
M 0.6157882809638977,0.4519275128841400,0.6454194784164429,0.8031774759292603,0.0000000000000000,0.8191521167755127,-0.5735763907432556,0.4556663036346436,-0.7879116535186768,0.3532015979290009,0.5044243335723877,4.1547756195068359,0.0000000000000000,0.0000000000000000,0.0000000000000000,1.0000000000000000
M 0.5724321603775024,0.4703051447868347,0.6716654896736145,1.0204303264617920,0.0000000000000000,0.8191521167755127,-0.5735763907432556,0.4556663036346436,-0.8199520707130432,0.3283335566520691,0.4689090251922607,4.4645738601684570,0.0000000000000000,0.0000000000000000,0.0000000000000000,1.0000000000000000
M 0.5283572673797607,0.4869790375232697,0.6954782605171204,1.2490811347961426,0.0000000000000000,0.8191521167755127,-0.5735763907432556,0.4556663036346436,-0.8490221500396729,0.3030532598495483,0.4328049719333649,4.7562012672424316,0.0000000000000000,0.0000000000000000,0.0000000000000000,1.0000000000000000
M 0.4840272963047028,0.5019096732139587,0.7168014049530029,1.4861969947814941,0.0000000000000000,0.8191521167755127,-0.5735763907432556,0.4556663036346436,-0.8750528693199158,0.2776266336441040,0.3964919745922089,5.0281658172607422,0.0000000000000000,0.0000000000000000,0.0000000000000000,1.0000000000000000
