O Engine_DOOR_1_TOGGLE_CG_DoorEngine1_EXTERNAL_mvp_vl80c
A Engine_DOOR_1_CG_DoorEngine1_EXTERNAL_mvp_vl80c_Engine_DOOR_1_CG_DoorEngine1_EXTERNAL_mvp_vl80c
M 1.0000000000000000,0.0000000000000000,0.0000000000000000,0.0000000000000000,0.0000000000000000,1.0000000000000000,-0.0000000437113883,0.0000000036031622,-0.0000000000000000,0.0000000437113883,1.0000000000000000,0.0000000199899262,0.0000000000000000,0.0000000000000000,0.0000000000000000,1.0000000000000000
M 1.0000000000000000,0.0000000000000000,0.0000000000000000,0.0000000000000000,0.0000000000000000,1.0000000000000000,-0.0000000437113883,0.0000000036031622,-0.0000000000000000,0.0000000437113883,1.0000000000000000,0.0000000199899262,0.0000000000000000,0.0000000000000000,0.0000000000000000,1.0000000000000000
M 1.0000000000000000,0.0000000000000000,0.0000000000000000,0.0000000000000000,0.0000000000000000,1.0000000000000000,-0.0000000437113883,0.0000000036031622,-0.0000000000000000,0.0000000437113883,1.0000000000000000,0.0000000199899262,0.0000000000000000,0.0000000000000000,0.0000000000000000,1.0000000000000000
M 1.0000000000000000,0.0000000000000000,0.0000000000000000,0.0000000000000000,0.0000000000000000,1.0000000000000000,-0.0000000437113883,0.0000000036031622,-0.0000000000000000,0.0000000437113883,1.0000000000000000,0.0000000199899262,0.0000000000000000,0.0000000000000000,0.0000000000000000,1.0000000000000000
M 1.0000000000000000,0.0000000000000000,0.0000000000000000,0.0000000000000000,0.0000000000000000,1.0000000000000000,-0.0000000437113883,0.0000000036031622,-0.0000000000000000,0.0000000437113883,1.0000000000000000,0.0000000199899262,0.0000000000000000,0.0000000000000000,0.0000000000000000,1.0000000000000000
M 1.0000000000000000,0.0000000000000000,0.0000000000000000,0.0000000000000000,0.0000000000000000,1.0000000000000000,-0.0000000437113883,0.0000000036031622,-0.0000000000000000,0.0000000437113883,1.0000000000000000,0.0000000199899262,0.0000000000000000,0.0000000000000000,0.0000000000000000,1.0000000000000000
M 1.0000000000000000,0.0000000000000000,0.0000000000000000,0.0000000000000000,0.0000000000000000,1.0000000000000000,-0.0000000437113883,0.0000000036031622,-0.0000000000000000,0.0000000437113883,1.0000000000000000,0.0000000199899262,0.0000000000000000,0.0000000000000000,0.0000000000000000,1.0000000000000000
M 1.0000000000000000,0.0000000000000000,0.0000000000000000,0.0000000000000000,0.0000000000000000,1.0000000000000000,-0.0000000437113883,0.0000000036031622,-0.0000000000000000,0.0000000437113883,1.0000000000000000,0.0000000199899262,0.0000000000000000,0.0000000000000000,0.0000000000000000,1.0000000000000000
M 1.0000000000000000,0.0000000000000000,0.0000000000000000,0.0000000000000000,0.0000000000000000,1.0000000000000000,-0.0000000437113883,0.0000000036031622,-0.0000000000000000,0.0000000437113883,1.0000000000000000,0.0000000199899262,0.0000000000000000,0.0000000000000000,0.0000000000000000,1.0000000000000000
M 1.0000000000000000,0.0000000000000000,0.0000000000000000,0.0000000000000000,0.0000000000000000,1.0000000000000000,-0.0000000437113883,0.0000000036031622,-0.0000000000000000,0.0000000437113883,1.0000000000000000,0.0000000199899262,0.0000000000000000,0.0000000000000000,0.0000000000000000,1.0000000000000000
M 1.0000000000000000,0.0000000000000000,0.0000000000000000,0.0000000000000000,0.0000000000000000,1.0000000000000000,-0.0000000437113883,0.0000000036031622,-0.0000000000000000,0.0000000437113883,1.0000000000000000,0.0000000199899262,0.0000000000000000,0.0000000000000000,0.0000000000000000,1.0000000000000000
M 1.0000000000000000,0.0000000000000000,0.0000000000000000,0.0000000000000000,0.0000000000000000,1.0000000000000000,-0.0000000437113883,0.0000000036031622,-0.0000000000000000,0.0000000437113883,1.0000000000000000,0.0000000199899262,0.0000000000000000,0.0000000000000000,0.0000000000000000,1.0000000000000000
M 1.0000000000000000,0.0000000000000000,0.0000000000000000,0.0000000000000000,0.0000000000000000,1.0000000000000000,-0.0000000437113883,0.0000000036031622,-0.0000000000000000,0.0000000437113883,1.0000000000000000,0.0000000199899262,0.0000000000000000,0.0000000000000000,0.0000000000000000,1.0000000000000000
M 1.0000000000000000,0.0000000000000000,0.0000000000000000,0.0000000000000000,0.0000000000000000,1.0000000000000000,-0.0000000437113883,0.0000000036031622,-0.0000000000000000,0.0000000437113883,1.0000000000000000,0.0000000199899262,0.0000000000000000,0.0000000000000000,0.0000000000000000,1.0000000000000000
M 1.0000000000000000,0.0000000000000000,0.0000000000000000,0.0000000000000000,0.0000000000000000,1.0000000000000000,-0.0000000437113883,0.0000000036031622,-0.0000000000000000,0.0000000437113883,1.0000000000000000,0.0000000199899262,0.0000000000000000,0.0000000000000000,0.0000000000000000,1.0000000000000000
M 1.0000000000000000,0.0000000000000000,0.0000000000000000,0.0000000000000000,0.0000000000000000,1.0000000000000000,-0.0000000437113883,0.0000000036031622,-0.0000000000000000,0.0000000437113883,1.0000000000000000,0.0000000199899262,0.0000000000000000,0.0000000000000000,0.0000000000000000,1.0000000000000000
M 1.0000000000000000,0.0000000000000000,0.0000000000000000,0.0000000000000000,0.0000000000000000,1.0000000000000000,-0.0000000437113883,0.0000000036031622,-0.0000000000000000,0.0000000437113883,1.0000000000000000,0.0000000199899262,0.0000000000000000,0.0000000000000000,0.0000000000000000,1.0000000000000000
M 1.0000000000000000,0.0000000000000000,0.0000000000000000,0.0000000000000000,0.0000000000000000,1.0000000000000000,-0.0000000437113883,0.0000000036031622,-0.0000000000000000,0.0000000437113883,1.0000000000000000,0.0000000199899262,0.0000000000000000,0.0000000000000000,0.0000000000000000,1.0000000000000000
M 1.0000000000000000,0.0000000000000000,0.0000000000000000,0.0000000000000000,0.0000000000000000,1.0000000000000000,-0.0000000437113883,0.0000000036031622,-0.0000000000000000,0.0000000437113883,1.0000000000000000,0.0000000199899262,0.0000000000000000,0.0000000000000000,0.0000000000000000,1.0000000000000000
M 1.0000000000000000,0.0000000000000000,0.0000000000000000,0.0000000000000000,0.0000000000000000,1.0000000000000000,-0.0000000437113883,0.0000000036031622,-0.0000000000000000,0.0000000437113883,1.0000000000000000,0.0000000199899262,0.0000000000000000,0.0000000000000000,0.0000000000000000,1.0000000000000000
M 1.0000000000000000,0.0000000000000000,0.0000000000000000,0.0000000000000000,0.0000000000000000,1.0000000000000000,-0.0000000437113883,0.0000000036031622,-0.0000000000000000,0.0000000437113883,1.0000000000000000,0.0000000199899262,0.0000000000000000,0.0000000000000000,0.0000000000000000,1.0000000000000000
M 0.9999948143959045,-0.0000000001406609,-0.0032179458066821,0.0049031586386263,0.0000000000000000,1.0000000000000000,-0.0000000437113883,0.0000000036031622,0.0032179458066821,0.0000000437111609,0.9999948143959045,0.0150921279564500,0.0000000000000000,0.0000000000000000,0.0000000000000000,1.0000000000000000
M 0.9999199509620667,-0.0000000005530933,-0.0126533014699817,0.0190000887960196,0.0000000000000000,1.0000000000000000,-0.0000000437113883,0.0000000036031622,0.0126533014699817,0.0000000437078889,0.9999199509620667,0.0594349168241024,0.0000000000000000,0.0000000000000000,0.0000000000000000,1.0000000000000000
M 0.9996085762977600,-0.0000000012228768,-0.0279761590063572,0.0410036072134972,0.0000000000000000,1.0000000000000000,-0.0000000437113883,0.0000000036031622,0.0279761590063572,0.0000000436942784,0.9996085762977600,0.1317376494407654,0.0000000000000000,0.0000000000000000,0.0000000000000000,1.0000000000000000
M 0.9988061189651489,-0.0000000021352915,-0.0488497763872147,0.0692050307989120,0.0000000000000000,1.0000000000000000,-0.0000000437113883,0.0000000036031622,0.0488497763872147,0.0000000436592025,0.9988061189651489,0.2308114171028137,0.0000000000000000,0.0000000000000000,0.0000000000000000,1.0000000000000000
M 0.9971892237663269,-0.0000000032750471,-0.0749243572354317,0.1015523895621300,0.0000000000000000,1.0000000000000000,-0.0000000437113883,0.0000000036031622,0.0749243572354317,0.0000000435885248,0.9971892237663269,0.3555119931697845,0.0000000000000000,0.0000000000000000,0.0000000000000000,1.0000000000000000
M 0.9943842291831970,-0.0000000046259863,-0.1058302074670792,0.1357286423444748,0.0000000000000000,1.0000000000000000,-0.0000000437113883,0.0000000036031622,0.1058302074670792,0.0000000434659135,0.9943842291831970,0.5046782493591309,0.0000000000000000,0.0000000000000000,0.0000000000000000,1.0000000000000000
M 0.9899851679801941,-0.0000000061707914,-0.1411712318658829,0.1692237555980682,0.0000000000000000,1.0000000000000000,-0.0000000437113883,0.0000000036031622,0.1411712318658829,0.0000000432736265,0.9899851679801941,0.6770753264427185,0.0000000000000000,0.0000000000000000,0.0000000000000000,1.0000000000000000
M 0.9835714697837830,-0.0000000078907423,-0.1805191487073898,0.1994110941886902,0.0000000000000000,1.0000000000000000,-0.0000000437113883,0.0000000036031622,0.1805191487073898,0.0000000429932818,0.9835714697837830,0.8713396787643433,0.0000000000000000,0.0000000000000000,0.0000000000000000,1.0000000000000000
M 0.9747246503829956,-0.0000000097655448,-0.2234096229076385,0.2236175537109375,0.0000000000000000,1.0000000000000000,-0.0000000437113883,0.0000000036031622,0.2234096229076385,0.0000000426065760,0.9747246503829956,1.0859354734420776,0.0000000000000000,0.0000000000000000,0.0000000000000000,1.0000000000000000
M 0.9630451202392578,-0.0000000117732304,-0.2693400681018829,0.2392009347677231,0.0000000000000000,1.0000000000000000,-0.0000000437113883,0.0000000036031622,0.2693400681018829,0.0000000420960404,0.9630451202392578,1.3191186189651489,0.0000000000000000,0.0000000000000000,0.0000000000000000,1.0000000000000000
M 0.9481678009033203,-0.0000000138901752,-0.3177701234817505,0.2436219900846481,0.0000000000000000,1.0000000000000000,-0.0000000437113883,0.0000000036031622,0.3177701234817505,0.0000000414457304,0.9481678009033203,1.5689154863357544,0.0000000000000000,0.0000000000000000,0.0000000000000000,1.0000000000000000
M 0.9297764897346497,-0.0000000160912350,-0.3681245446205139,0.2345178872346878,0.0000000000000000,1.0000000000000000,-0.0000000437113883,0.0000000036031622,0.3681245446205139,0.0000000406418224,0.9297764897346497,1.8331135511398315,0.0000000000000000,0.0000000000000000,0.0000000000000000,1.0000000000000000
M 0.9076172709465027,-0.0000000183499811,-0.4197986423969269,0.2097724676132202,0.0000000000000000,1.0000000000000000,-0.0000000437113883,0.0000000036031622,0.4197986423969269,0.0000000396732105,0.9076172709465027,2.1092672348022461,0.0000000000000000,0.0000000000000000,0.0000000000000000,1.0000000000000000
M 0.8815095424652100,-0.0000000206390371,-0.4721661508083344,0.1675799489021301,0.0000000000000000,1.0000000000000000,-0.0000000437113883,0.0000000036031622,0.4721661508083344,0.0000000385320043,0.8815095424652100,2.3947172164916992,0.0000000000000000,0.0000000000000000,0.0000000000000000,1.0000000000000000
M 0.8513551950454712,-0.0000000229305446,-0.5245897173881531,0.1065050810575485,0.0000000000000000,1.0000000000000000,-0.0000000437113883,0.0000000036031622,0.5245897173881531,0.0000000372139262,0.8513551950454712,2.6866266727447510,0.0000000000000000,0.0000000000000000,0.0000000000000000,1.0000000000000000
M 0.8171448707580566,-0.0000000251966590,-0.5764323472976685,0.0255282912403345,0.0000000000000000,1.0000000000000000,-0.0000000437113883,0.0000000036031622,0.5764323472976685,0.0000000357185357,0.8171448707580566,2.9820234775543213,0.0000000000000000,0.0000000000000000,0.0000000000000000,1.0000000000000000
M 0.7789618968963623,-0.0000000274101559,-0.6270712614059448,-0.0759136378765106,0.0000000000000000,1.0000000000000000,-0.0000000437113883,0.0000000036031622,0.6270712614059448,0.0000000340495099,0.7789618968963623,3.2778611183166504,0.0000000000000000,0.0000000000000000,0.0000000000000000,1.0000000000000000
M 0.7369824647903442,-0.0000000295450455,-0.6759118437767029,-0.1979050338268280,0.0000000000000000,1.0000000000000000,-0.0000000437113883,0.0000000036031622,0.6759118437767029,0.0000000322145262,0.7369824647903442,3.5710823535919189,0.0000000000000000,0.0000000000000000,0.0000000000000000,1.0000000000000000
M 0.6914736628532410,-0.0000000315771764,-0.7224016189575195,-0.3400402963161469,0.0000000000000000,1.0000000000000000,-0.0000000437113883,0.0000000036031622,0.7224016189575195,0.0000000302252730,0.6914736628532410,3.8586883544921875,0.0000000000000000,0.0000000000000000,0.0000000000000000,1.0000000000000000
M 0.6427876353263855,-0.0000000334848664,-0.7660444378852844,-0.5014278888702393,0.0000000000000000,1.0000000000000000,-0.0000000437113883,0.0000000036031622,0.7660444378852844,0.0000000280971442,0.6427876353263855,4.1378145217895508,0.0000000000000000,0.0000000000000000,0.0000000000000000,1.0000000000000000
M 0.5913537144660950,-0.0000000352493998,-0.8064122796058655,-0.6807111501693726,0.0000000000000000,1.0000000000000000,-0.0000000437113883,0.0000000036031622,0.8064122796058655,0.0000000258488910,0.5913537144660950,4.4057970046997070,0.0000000000000000,0.0000000000000000,0.0000000000000000,1.0000000000000000
M 0.5376676321029663,-0.0000000368555568,-0.8431568741798401,-0.8760994672775269,0.0000000000000000,1.0000000000000000,-0.0000000437113883,0.0000000036031622,0.8431568741798401,0.0000000235022029,0.5376676321029663,4.6602439880371094,0.0000000000000000,0.0000000000000000,0.0000000000000000,1.0000000000000000
M 0.4822793900966644,-0.0000000382919403,-0.8760174512863159,-1.0854140520095825,0.0000000000000000,1.0000000000000000,-0.0000000437113883,0.0000000036031622,0.8760174512863159,0.0000000210811013,0.4822793900966644,4.8990912437438965,0.0000000000000000,0.0000000000000000,0.0000000000000000,1.0000000000000000
M 0.4257793128490448,-0.0000000395512529,-0.9048270583152771,-1.3061435222625732,0.0000000000000000,1.0000000000000000,-0.0000000437113883,0.0000000036031622,0.9048270583152771,0.0000000186114057,0.4257793128490448,5.1206517219543457,0.0000000000000000,0.0000000000000000,0.0000000000000000,1.0000000000000000
M 0.3687837123870850,-0.0000000406304004,-0.9295152425765991,-1.5355066061019897,0.0000000000000000,1.0000000000000000,-0.0000000437113883,0.0000000036031622,0.9295152425765991,0.0000000161200493,0.3687837123870850,5.3236522674560547,0.0000000000000000,0.0000000000000000,0.0000000000000000,1.0000000000000000
M 0.3119206428527832,-0.0000000415305479,-0.9501081705093384,-1.7705193758010864,0.0000000000000000,1.0000000000000000,-0.0000000437113883,0.0000000036031622,0.9501081705093384,0.0000000136344864,0.3119206428527832,5.5072531700134277,0.0000000000000000,0.0000000000000000,0.0000000000000000,1.0000000000000000
M 0.2558147907257080,-0.0000000422569286,-0.9667258262634277,-2.0080697536468506,0.0000000000000000,1.0000000000000000,-0.0000000437113883,0.0000000036031622,0.9667258262634277,0.0000000111820215,0.2558147907257080,5.6710605621337891,0.0000000000000000,0.0000000000000000,0.0000000000000000,1.0000000000000000
M 0.2010780572891235,-0.0000000428185913,-0.9795752167701721,-2.2449727058410645,0.0000000000000000,1.0000000000000000,-0.0000000437113883,0.0000000036031622,0.9795752167701721,0.0000000087894012,0.2010780572891235,5.8151073455810547,0.0000000000000000,0.0000000000000000,0.0000000000000000,1.0000000000000000
M 0.1482950896024704,-0.0000000432280771,-0.9889431595802307,-2.4780483245849609,0.0000000000000000,1.0000000000000000,-0.0000000437113883,0.0000000036031622,0.9889431595802307,0.0000000064821841,0.1482950896024704,5.9398436546325684,0.0000000000000000,0.0000000000000000,0.0000000000000000,1.0000000000000000
M 0.0980170145630836,-0.0000000435009042,-0.9951847195625305,-2.7041692733764648,0.0000000000000000,1.0000000000000000,-0.0000000437113883,0.0000000036031622,0.9951847195625305,0.0000000042844599,0.0980170145630836,6.0460891723632812,0.0000000000000000,0.0000000000000000,0.0000000000000000,1.0000000000000000
M 0.0507562868297100,-0.0000000436550458,-0.9987110495567322,-2.9203042984008789,0.0000000000000000,1.0000000000000000,-0.0000000437113883,0.0000000036031622,0.9987110495567322,0.0000000022186273,0.0507562868297100,6.1349868774414062,0.0000000000000000,0.0000000000000000,0.0000000000000000,1.0000000000000000
M 0.0069811530411243,-0.0000000437103225,-0.9999756217002869,-3.1235637664794922,0.0000000000000000,1.0000000000000000,-0.0000000437113883,0.0000000036031622,0.9999756217002869,0.0000000003051559,0.0069811530411243,6.2079448699951172,0.0000000000000000,0.0000000000000000,0.0000000000000000,1.0000000000000000
M -0.0328826457262039,-0.0000000436877485,-0.9994592070579529,-3.3112161159515381,0.0000000000000000,1.0000000000000000,-0.0000000437113883,0.0000000036031622,0.9994592070579529,-0.0000000014373461,-0.0328826457262039,6.2665662765502930,0.0000000000000000,0.0000000000000000,0.0000000000000000,1.0000000000000000
M -0.0684506893157959,-0.0000000436088641,-0.9976544976234436,-3.4807047843933105,0.0000000000000000,1.0000000000000000,-0.0000000437113883,0.0000000036031622,0.9976544976234436,-0.0000000029920746,-0.0684506893157959,6.3125700950622559,0.0000000000000000,0.0000000000000000,0.0000000000000000,1.0000000000000000
M -0.0993739664554596,-0.0000000434950245,-0.9950501322746277,-3.6296455860137939,0.0000000000000000,1.0000000000000000,-0.0000000437113883,0.0000000036031622,0.9950501322746277,-0.0000000043437742,-0.0993739664554596,6.3477134704589844,0.0000000000000000,0.0000000000000000,0.0000000000000000,1.0000000000000000
M -0.1253334432840347,-0.0000000433667076,-0.9921146631240845,-3.7558255195617676,0.0000000000000000,1.0000000000000000,-0.0000000437113883,0.0000000036031622,0.9921146631240845,-0.0000000054784990,-0.1253334432840347,6.3737034797668457,0.0000000000000000,0.0000000000000000,0.0000000000000000,1.0000000000000000
M -0.1460289210081100,-0.0000000432428244,-0.9892803430557251,-3.8571758270263672,0.0000000000000000,1.0000000000000000,-0.0000000437113883,0.0000000036031622,0.9892803430557251,-0.0000000063831269,-0.1460289210081100,6.3921074867248535,0.0000000000000000,0.0000000000000000,0.0000000000000000,1.0000000000000000
M -0.1611731499433517,-0.0000000431399130,-0.9869261384010315,-3.9317691326141357,0.0000000000000000,1.0000000000000000,-0.0000000437113883,0.0000000036031622,0.9869261384010315,-0.0000000070451023,-0.1611731499433517,6.4042620658874512,0.0000000000000000,0.0000000000000000,0.0000000000000000,1.0000000000000000
M -0.1704781204462051,-0.0000000430715161,-0.9853614568710327,-3.9777820110321045,0.0000000000000000,1.0000000000000000,-0.0000000437113883,0.0000000036031622,0.9853614568710327,-0.0000000074518347,-0.1704781204462051,6.4111757278442383,0.0000000000000000,0.0000000000000000,0.0000000000000000,1.0000000000000000
M -0.1736481934785843,-0.0000000430473115,-0.9848077297210693,-3.9934897422790527,0.0000000000000000,1.0000000000000000,-0.0000000437113883,0.0000000036031622,0.9848077297210693,-0.0000000075904047,-0.1736481934785843,6.4134345054626465,0.0000000000000000,0.0000000000000000,0.0000000000000000,1.0000000000000000
M -0.1736481934785843,-0.0000000430473115,-0.9848077297210693,-3.9934897422790527,0.0000000000000000,1.0000000000000000,-0.0000000437113883,0.0000000036031622,0.9848077297210693,-0.0000000075904047,-0.1736481934785843,6.4134345054626465,0.0000000000000000,0.0000000000000000,0.0000000000000000,1.0000000000000000
M -0.1736481934785843,-0.0000000430473115,-0.9848077297210693,-3.9934897422790527,0.0000000000000000,1.0000000000000000,-0.0000000437113883,0.0000000036031622,0.9848077297210693,-0.0000000075904047,-0.1736481934785843,6.4134345054626465,0.0000000000000000,0.0000000000000000,0.0000000000000000,1.0000000000000000
M -0.1736481934785843,-0.0000000430473115,-0.9848077297210693,-3.9934897422790527,0.0000000000000000,1.0000000000000000,-0.0000000437113883,0.0000000036031622,0.9848077297210693,-0.0000000075904047,-0.1736481934785843,6.4134345054626465,0.0000000000000000,0.0000000000000000,0.0000000000000000,1.0000000000000000
M -0.1736481934785843,-0.0000000430473115,-0.9848077297210693,-3.9934897422790527,0.0000000000000000,1.0000000000000000,-0.0000000437113883,0.0000000036031622,0.9848077297210693,-0.0000000075904047,-0.1736481934785843,6.4134345054626465,0.0000000000000000,0.0000000000000000,0.0000000000000000,1.0000000000000000
M -0.1736481934785843,-0.0000000430473115,-0.9848077297210693,-3.9934897422790527,0.0000000000000000,1.0000000000000000,-0.0000000437113883,0.0000000036031622,0.9848077297210693,-0.0000000075904047,-0.1736481934785843,6.4134345054626465,0.0000000000000000,0.0000000000000000,0.0000000000000000,1.0000000000000000
M -0.1736481934785843,-0.0000000430473115,-0.9848077297210693,-3.9934897422790527,0.0000000000000000,1.0000000000000000,-0.0000000437113883,0.0000000036031622,0.9848077297210693,-0.0000000075904047,-0.1736481934785843,6.4134345054626465,0.0000000000000000,0.0000000000000000,0.0000000000000000,1.0000000000000000
M -0.1736481934785843,-0.0000000430473115,-0.9848077297210693,-3.9934897422790527,0.0000000000000000,1.0000000000000000,-0.0000000437113883,0.0000000036031622,0.9848077297210693,-0.0000000075904047,-0.1736481934785843,6.4134345054626465,0.0000000000000000,0.0000000000000000,0.0000000000000000,1.0000000000000000
M -0.1736481934785843,-0.0000000430473115,-0.9848077297210693,-3.9934897422790527,0.0000000000000000,1.0000000000000000,-0.0000000437113883,0.0000000036031622,0.9848077297210693,-0.0000000075904047,-0.1736481934785843,6.4134345054626465,0.0000000000000000,0.0000000000000000,0.0000000000000000,1.0000000000000000
M -0.1736481934785843,-0.0000000430473115,-0.9848077297210693,-3.9934897422790527,0.0000000000000000,1.0000000000000000,-0.0000000437113883,0.0000000036031622,0.9848077297210693,-0.0000000075904047,-0.1736481934785843,6.4134345054626465,0.0000000000000000,0.0000000000000000,0.0000000000000000,1.0000000000000000
M -0.1736481934785843,-0.0000000430473115,-0.9848077297210693,-3.9934897422790527,0.0000000000000000,1.0000000000000000,-0.0000000437113883,0.0000000036031622,0.9848077297210693,-0.0000000075904047,-0.1736481934785843,6.4134345054626465,0.0000000000000000,0.0000000000000000,0.0000000000000000,1.0000000000000000
M -0.1736481934785843,-0.0000000430473115,-0.9848077297210693,-3.9934897422790527,0.0000000000000000,1.0000000000000000,-0.0000000437113883,0.0000000036031622,0.9848077297210693,-0.0000000075904047,-0.1736481934785843,6.4134345054626465,0.0000000000000000,0.0000000000000000,0.0000000000000000,1.0000000000000000
M -0.1736481934785843,-0.0000000430473115,-0.9848077297210693,-3.9934897422790527,0.0000000000000000,1.0000000000000000,-0.0000000437113883,0.0000000036031622,0.9848077297210693,-0.0000000075904047,-0.1736481934785843,6.4134345054626465,0.0000000000000000,0.0000000000000000,0.0000000000000000,1.0000000000000000
M -0.1736481934785843,-0.0000000430473115,-0.9848077297210693,-3.9934897422790527,0.0000000000000000,1.0000000000000000,-0.0000000437113883,0.0000000036031622,0.9848077297210693,-0.0000000075904047,-0.1736481934785843,6.4134345054626465,0.0000000000000000,0.0000000000000000,0.0000000000000000,1.0000000000000000
M -0.1736481934785843,-0.0000000430473115,-0.9848077297210693,-3.9934897422790527,0.0000000000000000,1.0000000000000000,-0.0000000437113883,0.0000000036031622,0.9848077297210693,-0.0000000075904047,-0.1736481934785843,6.4134345054626465,0.0000000000000000,0.0000000000000000,0.0000000000000000,1.0000000000000000
M -0.1736481934785843,-0.0000000430473115,-0.9848077297210693,-3.9934897422790527,0.0000000000000000,1.0000000000000000,-0.0000000437113883,0.0000000036031622,0.9848077297210693,-0.0000000075904047,-0.1736481934785843,6.4134345054626465,0.0000000000000000,0.0000000000000000,0.0000000000000000,1.0000000000000000
M -0.1736481934785843,-0.0000000430473115,-0.9848077297210693,-3.9934897422790527,0.0000000000000000,1.0000000000000000,-0.0000000437113883,0.0000000036031622,0.9848077297210693,-0.0000000075904047,-0.1736481934785843,6.4134345054626465,0.0000000000000000,0.0000000000000000,0.0000000000000000,1.0000000000000000
M -0.1736481934785843,-0.0000000430473115,-0.9848077297210693,-3.9934897422790527,0.0000000000000000,1.0000000000000000,-0.0000000437113883,0.0000000036031622,0.9848077297210693,-0.0000000075904047,-0.1736481934785843,6.4134345054626465,0.0000000000000000,0.0000000000000000,0.0000000000000000,1.0000000000000000
M -0.1736481934785843,-0.0000000430473115,-0.9848077297210693,-3.9934897422790527,0.0000000000000000,1.0000000000000000,-0.0000000437113883,0.0000000036031622,0.9848077297210693,-0.0000000075904047,-0.1736481934785843,6.4134345054626465,0.0000000000000000,0.0000000000000000,0.0000000000000000,1.0000000000000000
M -0.1736481934785843,-0.0000000430473115,-0.9848077297210693,-3.9934897422790527,0.0000000000000000,1.0000000000000000,-0.0000000437113883,0.0000000036031622,0.9848077297210693,-0.0000000075904047,-0.1736481934785843,6.4134345054626465,0.0000000000000000,0.0000000000000000,0.0000000000000000,1.0000000000000000
M -0.1736481934785843,-0.0000000430473115,-0.9848077297210693,-3.9934897422790527,0.0000000000000000,1.0000000000000000,-0.0000000437113883,0.0000000036031622,0.9848077297210693,-0.0000000075904047,-0.1736481934785843,6.4134345054626465,0.0000000000000000,0.0000000000000000,0.0000000000000000,1.0000000000000000
O Engine_DOOR_1_INTERIOR_LCG_EIL_mvp_vl80c
A Engine_DOOR_1_INTERIOR_LCG_EIL_mvp_vl80c_Engine_DOOR_1_INTERIOR_LCG_EIL_mvp_vl80c
M 1.0000000000000000,0.0000000000000000,0.0000000000000000,0.0000000000000000,0.0000000000000000,1.0000000000000000,-0.0000000437113883,0.0000000036031622,-0.0000000000000000,0.0000000437113883,1.0000000000000000,0.0000000199899262,0.0000000000000000,0.0000000000000000,0.0000000000000000,1.0000000000000000
M 1.0000000000000000,0.0000000000000000,0.0000000000000000,0.0000000000000000,0.0000000000000000,1.0000000000000000,-0.0000000437113883,0.0000000036031622,-0.0000000000000000,0.0000000437113883,1.0000000000000000,0.0000000199899262,0.0000000000000000,0.0000000000000000,0.0000000000000000,1.0000000000000000
M 1.0000000000000000,0.0000000000000000,0.0000000000000000,0.0000000000000000,0.0000000000000000,1.0000000000000000,-0.0000000437113883,0.0000000036031622,-0.0000000000000000,0.0000000437113883,1.0000000000000000,0.0000000199899262,0.0000000000000000,0.0000000000000000,0.0000000000000000,1.0000000000000000
M 1.0000000000000000,0.0000000000000000,0.0000000000000000,0.0000000000000000,0.0000000000000000,1.0000000000000000,-0.0000000437113883,0.0000000036031622,-0.0000000000000000,0.0000000437113883,1.0000000000000000,0.0000000199899262,0.0000000000000000,0.0000000000000000,0.0000000000000000,1.0000000000000000
M 1.0000000000000000,0.0000000000000000,0.0000000000000000,0.0000000000000000,0.0000000000000000,1.0000000000000000,-0.0000000437113883,0.0000000036031622,-0.0000000000000000,0.0000000437113883,1.0000000000000000,0.0000000199899262,0.0000000000000000,0.0000000000000000,0.0000000000000000,1.0000000000000000
M 1.0000000000000000,0.0000000000000000,0.0000000000000000,0.0000000000000000,0.0000000000000000,1.0000000000000000,-0.0000000437113883,0.0000000036031622,-0.0000000000000000,0.0000000437113883,1.0000000000000000,0.0000000199899262,0.0000000000000000,0.0000000000000000,0.0000000000000000,1.0000000000000000
M 1.0000000000000000,0.0000000000000000,0.0000000000000000,0.0000000000000000,0.0000000000000000,1.0000000000000000,-0.0000000437113883,0.0000000036031622,-0.0000000000000000,0.0000000437113883,1.0000000000000000,0.0000000199899262,0.0000000000000000,0.0000000000000000,0.0000000000000000,1.0000000000000000
M 1.0000000000000000,0.0000000000000000,0.0000000000000000,0.0000000000000000,0.0000000000000000,1.0000000000000000,-0.0000000437113883,0.0000000036031622,-0.0000000000000000,0.0000000437113883,1.0000000000000000,0.0000000199899262,0.0000000000000000,0.0000000000000000,0.0000000000000000,1.0000000000000000
M 1.0000000000000000,0.0000000000000000,0.0000000000000000,0.0000000000000000,0.0000000000000000,1.0000000000000000,-0.0000000437113883,0.0000000036031622,-0.0000000000000000,0.0000000437113883,1.0000000000000000,0.0000000199899262,0.0000000000000000,0.0000000000000000,0.0000000000000000,1.0000000000000000
M 1.0000000000000000,0.0000000000000000,0.0000000000000000,0.0000000000000000,0.0000000000000000,1.0000000000000000,-0.0000000437113883,0.0000000036031622,-0.0000000000000000,0.0000000437113883,1.0000000000000000,0.0000000199899262,0.0000000000000000,0.0000000000000000,0.0000000000000000,1.0000000000000000
M 1.0000000000000000,0.0000000000000000,0.0000000000000000,0.0000000000000000,0.0000000000000000,1.0000000000000000,-0.0000000437113883,0.0000000036031622,-0.0000000000000000,0.0000000437113883,1.0000000000000000,0.0000000199899262,0.0000000000000000,0.0000000000000000,0.0000000000000000,1.0000000000000000
M 1.0000000000000000,0.0000000000000000,0.0000000000000000,0.0000000000000000,0.0000000000000000,1.0000000000000000,-0.0000000437113883,0.0000000036031622,-0.0000000000000000,0.0000000437113883,1.0000000000000000,0.0000000199899262,0.0000000000000000,0.0000000000000000,0.0000000000000000,1.0000000000000000
M 1.0000000000000000,0.0000000000000000,0.0000000000000000,0.0000000000000000,0.0000000000000000,1.0000000000000000,-0.0000000437113883,0.0000000036031622,-0.0000000000000000,0.0000000437113883,1.0000000000000000,0.0000000199899262,0.0000000000000000,0.0000000000000000,0.0000000000000000,1.0000000000000000
M 1.0000000000000000,0.0000000000000000,0.0000000000000000,0.0000000000000000,0.0000000000000000,1.0000000000000000,-0.0000000437113883,0.0000000036031622,-0.0000000000000000,0.0000000437113883,1.0000000000000000,0.0000000199899262,0.0000000000000000,0.0000000000000000,0.0000000000000000,1.0000000000000000
M 1.0000000000000000,0.0000000000000000,0.0000000000000000,0.0000000000000000,0.0000000000000000,1.0000000000000000,-0.0000000437113883,0.0000000036031622,-0.0000000000000000,0.0000000437113883,1.0000000000000000,0.0000000199899262,0.0000000000000000,0.0000000000000000,0.0000000000000000,1.0000000000000000
M 1.0000000000000000,0.0000000000000000,0.0000000000000000,0.0000000000000000,0.0000000000000000,1.0000000000000000,-0.0000000437113883,0.0000000036031622,-0.0000000000000000,0.0000000437113883,1.0000000000000000,0.0000000199899262,0.0000000000000000,0.0000000000000000,0.0000000000000000,1.0000000000000000
M 1.0000000000000000,0.0000000000000000,0.0000000000000000,0.0000000000000000,0.0000000000000000,1.0000000000000000,-0.0000000437113883,0.0000000036031622,-0.0000000000000000,0.0000000437113883,1.0000000000000000,0.0000000199899262,0.0000000000000000,0.0000000000000000,0.0000000000000000,1.0000000000000000
M 1.0000000000000000,0.0000000000000000,0.0000000000000000,0.0000000000000000,0.0000000000000000,1.0000000000000000,-0.0000000437113883,0.0000000036031622,-0.0000000000000000,0.0000000437113883,1.0000000000000000,0.0000000199899262,0.0000000000000000,0.0000000000000000,0.0000000000000000,1.0000000000000000
M 1.0000000000000000,0.0000000000000000,0.0000000000000000,0.0000000000000000,0.0000000000000000,1.0000000000000000,-0.0000000437113883,0.0000000036031622,-0.0000000000000000,0.0000000437113883,1.0000000000000000,0.0000000199899262,0.0000000000000000,0.0000000000000000,0.0000000000000000,1.0000000000000000
M 1.0000000000000000,0.0000000000000000,0.0000000000000000,0.0000000000000000,0.0000000000000000,1.0000000000000000,-0.0000000437113883,0.0000000036031622,-0.0000000000000000,0.0000000437113883,1.0000000000000000,0.0000000199899262,0.0000000000000000,0.0000000000000000,0.0000000000000000,1.0000000000000000
M 1.0000000000000000,0.0000000000000000,0.0000000000000000,0.0000000000000000,0.0000000000000000,1.0000000000000000,-0.0000000437113883,0.0000000036031622,-0.0000000000000000,0.0000000437113883,1.0000000000000000,0.0000000199899262,0.0000000000000000,0.0000000000000000,0.0000000000000000,1.0000000000000000
M 0.9999948143959045,-0.0000000001406609,-0.0032179458066821,0.0049031586386263,0.0000000000000000,1.0000000000000000,-0.0000000437113883,0.0000000036031622,0.0032179458066821,0.0000000437111609,0.9999948143959045,0.0150921279564500,0.0000000000000000,0.0000000000000000,0.0000000000000000,1.0000000000000000
M 0.9999199509620667,-0.0000000005530933,-0.0126533014699817,0.0190000887960196,0.0000000000000000,1.0000000000000000,-0.0000000437113883,0.0000000036031622,0.0126533014699817,0.0000000437078889,0.9999199509620667,0.0594349168241024,0.0000000000000000,0.0000000000000000,0.0000000000000000,1.0000000000000000
M 0.9996085762977600,-0.0000000012228768,-0.0279761590063572,0.0410036072134972,0.0000000000000000,1.0000000000000000,-0.0000000437113883,0.0000000036031622,0.0279761590063572,0.0000000436942784,0.9996085762977600,0.1317377686500549,0.0000000000000000,0.0000000000000000,0.0000000000000000,1.0000000000000000
M 0.9988061189651489,-0.0000000021352915,-0.0488497763872147,0.0692050307989120,0.0000000000000000,1.0000000000000000,-0.0000000437113883,0.0000000036031622,0.0488497763872147,0.0000000436592025,0.9988061189651489,0.2308115363121033,0.0000000000000000,0.0000000000000000,0.0000000000000000,1.0000000000000000
M 0.9971892237663269,-0.0000000032750471,-0.0749243572354317,0.1015523895621300,0.0000000000000000,1.0000000000000000,-0.0000000437113883,0.0000000036031622,0.0749243572354317,0.0000000435885248,0.9971892237663269,0.3555119931697845,0.0000000000000000,0.0000000000000000,0.0000000000000000,1.0000000000000000
M 0.9943842291831970,-0.0000000046259863,-0.1058302074670792,0.1357286423444748,0.0000000000000000,1.0000000000000000,-0.0000000437113883,0.0000000036031622,0.1058302074670792,0.0000000434659135,0.9943842291831970,0.5046782493591309,0.0000000000000000,0.0000000000000000,0.0000000000000000,1.0000000000000000
M 0.9899851679801941,-0.0000000061707914,-0.1411712318658829,0.1692237555980682,0.0000000000000000,1.0000000000000000,-0.0000000437113883,0.0000000036031622,0.1411712318658829,0.0000000432736265,0.9899851679801941,0.6770753264427185,0.0000000000000000,0.0000000000000000,0.0000000000000000,1.0000000000000000
M 0.9835714697837830,-0.0000000078907423,-0.1805191487073898,0.1994110941886902,0.0000000000000000,1.0000000000000000,-0.0000000437113883,0.0000000036031622,0.1805191487073898,0.0000000429932818,0.9835714697837830,0.8713396787643433,0.0000000000000000,0.0000000000000000,0.0000000000000000,1.0000000000000000
M 0.9747246503829956,-0.0000000097655448,-0.2234096229076385,0.2236175537109375,0.0000000000000000,1.0000000000000000,-0.0000000437113883,0.0000000036031622,0.2234096229076385,0.0000000426065760,0.9747246503829956,1.0859354734420776,0.0000000000000000,0.0000000000000000,0.0000000000000000,1.0000000000000000
M 0.9630451202392578,-0.0000000117732304,-0.2693400681018829,0.2392009347677231,0.0000000000000000,1.0000000000000000,-0.0000000437113883,0.0000000036031622,0.2693400681018829,0.0000000420960404,0.9630451202392578,1.3191186189651489,0.0000000000000000,0.0000000000000000,0.0000000000000000,1.0000000000000000
M 0.9481678009033203,-0.0000000138901752,-0.3177701234817505,0.2436219900846481,0.0000000000000000,1.0000000000000000,-0.0000000437113883,0.0000000036031622,0.3177701234817505,0.0000000414457304,0.9481678009033203,1.5689154863357544,0.0000000000000000,0.0000000000000000,0.0000000000000000,1.0000000000000000
M 0.9297764897346497,-0.0000000160912350,-0.3681245446205139,0.2345178872346878,0.0000000000000000,1.0000000000000000,-0.0000000437113883,0.0000000036031622,0.3681245446205139,0.0000000406418224,0.9297764897346497,1.8331135511398315,0.0000000000000000,0.0000000000000000,0.0000000000000000,1.0000000000000000
M 0.9076172709465027,-0.0000000183499811,-0.4197986423969269,0.2097724676132202,0.0000000000000000,1.0000000000000000,-0.0000000437113883,0.0000000036031622,0.4197986423969269,0.0000000396732105,0.9076172709465027,2.1092672348022461,0.0000000000000000,0.0000000000000000,0.0000000000000000,1.0000000000000000
M 0.8815095424652100,-0.0000000206390371,-0.4721661508083344,0.1675799489021301,0.0000000000000000,1.0000000000000000,-0.0000000437113883,0.0000000036031622,0.4721661508083344,0.0000000385320043,0.8815095424652100,2.3947172164916992,0.0000000000000000,0.0000000000000000,0.0000000000000000,1.0000000000000000
M 0.8513551950454712,-0.0000000229305446,-0.5245897173881531,0.1065050810575485,0.0000000000000000,1.0000000000000000,-0.0000000437113883,0.0000000036031622,0.5245897173881531,0.0000000372139262,0.8513551950454712,2.6866264343261719,0.0000000000000000,0.0000000000000000,0.0000000000000000,1.0000000000000000
M 0.8171448707580566,-0.0000000251966590,-0.5764323472976685,0.0255282912403345,0.0000000000000000,1.0000000000000000,-0.0000000437113883,0.0000000036031622,0.5764323472976685,0.0000000357185357,0.8171448707580566,2.9820232391357422,0.0000000000000000,0.0000000000000000,0.0000000000000000,1.0000000000000000
M 0.7789618968963623,-0.0000000274101559,-0.6270712614059448,-0.0759136378765106,0.0000000000000000,1.0000000000000000,-0.0000000437113883,0.0000000036031622,0.6270712614059448,0.0000000340495099,0.7789618968963623,3.2778611183166504,0.0000000000000000,0.0000000000000000,0.0000000000000000,1.0000000000000000
M 0.7369824647903442,-0.0000000295450455,-0.6759118437767029,-0.1979050338268280,0.0000000000000000,1.0000000000000000,-0.0000000437113883,0.0000000036031622,0.6759118437767029,0.0000000322145262,0.7369824647903442,3.5710818767547607,0.0000000000000000,0.0000000000000000,0.0000000000000000,1.0000000000000000
M 0.6914736628532410,-0.0000000315771764,-0.7224016189575195,-0.3400402963161469,0.0000000000000000,1.0000000000000000,-0.0000000437113883,0.0000000036031622,0.7224016189575195,0.0000000302252730,0.6914736628532410,3.8586883544921875,0.0000000000000000,0.0000000000000000,0.0000000000000000,1.0000000000000000
M 0.6427876353263855,-0.0000000334848664,-0.7660444378852844,-0.5014278888702393,0.0000000000000000,1.0000000000000000,-0.0000000437113883,0.0000000036031622,0.7660444378852844,0.0000000280971442,0.6427876353263855,4.1378145217895508,0.0000000000000000,0.0000000000000000,0.0000000000000000,1.0000000000000000
M 0.5913537144660950,-0.0000000352493998,-0.8064122796058655,-0.6807111501693726,0.0000000000000000,1.0000000000000000,-0.0000000437113883,0.0000000036031622,0.8064122796058655,0.0000000258488910,0.5913537144660950,4.4057970046997070,0.0000000000000000,0.0000000000000000,0.0000000000000000,1.0000000000000000
M 0.5376676321029663,-0.0000000368555568,-0.8431568741798401,-0.8760994672775269,0.0000000000000000,1.0000000000000000,-0.0000000437113883,0.0000000036031622,0.8431568741798401,0.0000000235022029,0.5376676321029663,4.6602439880371094,0.0000000000000000,0.0000000000000000,0.0000000000000000,1.0000000000000000
M 0.4822793900966644,-0.0000000382919403,-0.8760174512863159,-1.0854140520095825,0.0000000000000000,1.0000000000000000,-0.0000000437113883,0.0000000036031622,0.8760174512863159,0.0000000210811013,0.4822793900966644,4.8990912437438965,0.0000000000000000,0.0000000000000000,0.0000000000000000,1.0000000000000000
M 0.4257793128490448,-0.0000000395512529,-0.9048270583152771,-1.3061435222625732,0.0000000000000000,1.0000000000000000,-0.0000000437113883,0.0000000036031622,0.9048270583152771,0.0000000186114057,0.4257793128490448,5.1206517219543457,0.0000000000000000,0.0000000000000000,0.0000000000000000,1.0000000000000000
M 0.3687837123870850,-0.0000000406304004,-0.9295152425765991,-1.5355066061019897,0.0000000000000000,1.0000000000000000,-0.0000000437113883,0.0000000036031622,0.9295152425765991,0.0000000161200493,0.3687837123870850,5.3236522674560547,0.0000000000000000,0.0000000000000000,0.0000000000000000,1.0000000000000000
M 0.3119206428527832,-0.0000000415305479,-0.9501081705093384,-1.7705193758010864,0.0000000000000000,1.0000000000000000,-0.0000000437113883,0.0000000036031622,0.9501081705093384,0.0000000136344864,0.3119206428527832,5.5072526931762695,0.0000000000000000,0.0000000000000000,0.0000000000000000,1.0000000000000000
