O Cab_DOOR_10_TOGGLE_INTERIOR_CG_DoorEngine4_LCG_EIL_mvp_vl80c
A Cab_DOOR_10_INTERIOR_CG_DoorEngine4_LCG_EIL_mvp_vl80c_Cab_DOOR_10_INTERIOR_CG_DoorEngine4_LCG_EIL_mvp_vl80c
M 1.0000000000000000,0.0000000000000000,0.0000000000000000,0.0000000000000000,0.0000000000000000,1.0000000000000000,-0.0000000437113883,-0.0000000507892821,-0.0000000000000000,0.0000000437113883,1.0000000000000000,0.0000000152713113,0.0000000000000000,0.0000000000000000,0.0000000000000000,1.0000000000000000
M 1.0000000000000000,0.0000000000000000,0.0000000000000000,0.0000000000000000,0.0000000000000000,1.0000000000000000,-0.0000000437113883,-0.0000000507892821,-0.0000000000000000,0.0000000437113883,1.0000000000000000,0.0000000152713113,0.0000000000000000,0.0000000000000000,0.0000000000000000,1.0000000000000000
M 1.0000000000000000,0.0000000000000000,0.0000000000000000,0.0000000000000000,0.0000000000000000,1.0000000000000000,-0.0000000437113883,-0.0000000507892821,-0.0000000000000000,0.0000000437113883,1.0000000000000000,0.0000000152713113,0.0000000000000000,0.0000000000000000,0.0000000000000000,1.0000000000000000
M 1.0000000000000000,0.0000000000000000,0.0000000000000000,0.0000000000000000,0.0000000000000000,1.0000000000000000,-0.0000000437113883,-0.0000000507892821,-0.0000000000000000,0.0000000437113883,1.0000000000000000,0.0000000152713113,0.0000000000000000,0.0000000000000000,0.0000000000000000,1.0000000000000000
M 1.0000000000000000,0.0000000000000000,0.0000000000000000,0.0000000000000000,0.0000000000000000,1.0000000000000000,-0.0000000437113883,-0.0000000507892821,-0.0000000000000000,0.0000000437113883,1.0000000000000000,0.0000000152713113,0.0000000000000000,0.0000000000000000,0.0000000000000000,1.0000000000000000
M 1.0000000000000000,0.0000000000000000,0.0000000000000000,0.0000000000000000,0.0000000000000000,1.0000000000000000,-0.0000000437113883,-0.0000000507892821,-0.0000000000000000,0.0000000437113883,1.0000000000000000,0.0000000152713113,0.0000000000000000,0.0000000000000000,0.0000000000000000,1.0000000000000000
M 1.0000000000000000,0.0000000000000000,0.0000000000000000,0.0000000000000000,0.0000000000000000,1.0000000000000000,-0.0000000437113883,-0.0000000507892821,-0.0000000000000000,0.0000000437113883,1.0000000000000000,0.0000000152713113,0.0000000000000000,0.0000000000000000,0.0000000000000000,1.0000000000000000
M 1.0000000000000000,0.0000000000000000,0.0000000000000000,0.0000000000000000,0.0000000000000000,1.0000000000000000,-0.0000000437113883,-0.0000000507892821,-0.0000000000000000,0.0000000437113883,1.0000000000000000,0.0000000152713113,0.0000000000000000,0.0000000000000000,0.0000000000000000,1.0000000000000000
M 1.0000000000000000,0.0000000000000000,0.0000000000000000,0.0000000000000000,0.0000000000000000,1.0000000000000000,-0.0000000437113883,-0.0000000507892821,-0.0000000000000000,0.0000000437113883,1.0000000000000000,0.0000000152713113,0.0000000000000000,0.0000000000000000,0.0000000000000000,1.0000000000000000
M 1.0000000000000000,0.0000000000000000,0.0000000000000000,0.0000000000000000,0.0000000000000000,1.0000000000000000,-0.0000000437113883,-0.0000000507892821,-0.0000000000000000,0.0000000437113883,1.0000000000000000,0.0000000152713113,0.0000000000000000,0.0000000000000000,0.0000000000000000,1.0000000000000000
M 1.0000000000000000,0.0000000000000000,0.0000000000000000,0.0000000000000000,0.0000000000000000,1.0000000000000000,-0.0000000437113883,-0.0000000507892821,-0.0000000000000000,0.0000000437113883,1.0000000000000000,0.0000000152713113,0.0000000000000000,0.0000000000000000,0.0000000000000000,1.0000000000000000
M 1.0000000000000000,0.0000000000000000,0.0000000000000000,0.0000000000000000,0.0000000000000000,1.0000000000000000,-0.0000000437113883,-0.0000000507892821,-0.0000000000000000,0.0000000437113883,1.0000000000000000,0.0000000152713113,0.0000000000000000,0.0000000000000000,0.0000000000000000,1.0000000000000000
M 1.0000000000000000,0.0000000000000000,0.0000000000000000,0.0000000000000000,0.0000000000000000,1.0000000000000000,-0.0000000437113883,-0.0000000507892821,-0.0000000000000000,0.0000000437113883,1.0000000000000000,0.0000000152713113,0.0000000000000000,0.0000000000000000,0.0000000000000000,1.0000000000000000
M 1.0000000000000000,0.0000000000000000,0.0000000000000000,0.0000000000000000,0.0000000000000000,1.0000000000000000,-0.0000000437113883,-0.0000000507892821,-0.0000000000000000,0.0000000437113883,1.0000000000000000,0.0000000152713113,0.0000000000000000,0.0000000000000000,0.0000000000000000,1.0000000000000000
M 1.0000000000000000,0.0000000000000000,0.0000000000000000,0.0000000000000000,0.0000000000000000,1.0000000000000000,-0.0000000437113883,-0.0000000507892821,-0.0000000000000000,0.0000000437113883,1.0000000000000000,0.0000000152713113,0.0000000000000000,0.0000000000000000,0.0000000000000000,1.0000000000000000
M 1.0000000000000000,0.0000000000000000,0.0000000000000000,0.0000000000000000,0.0000000000000000,1.0000000000000000,-0.0000000437113883,-0.0000000507892821,-0.0000000000000000,0.0000000437113883,1.0000000000000000,0.0000000152713113,0.0000000000000000,0.0000000000000000,0.0000000000000000,1.0000000000000000
M 1.0000000000000000,0.0000000000000000,0.0000000000000000,0.0000000000000000,0.0000000000000000,1.0000000000000000,-0.0000000437113883,-0.0000000507892821,-0.0000000000000000,0.0000000437113883,1.0000000000000000,0.0000000152713113,0.0000000000000000,0.0000000000000000,0.0000000000000000,1.0000000000000000
M 1.0000000000000000,0.0000000000000000,0.0000000000000000,0.0000000000000000,0.0000000000000000,1.0000000000000000,-0.0000000437113883,-0.0000000507892821,-0.0000000000000000,0.0000000437113883,1.0000000000000000,0.0000000152713113,0.0000000000000000,0.0000000000000000,0.0000000000000000,1.0000000000000000
M 1.0000000000000000,0.0000000000000000,0.0000000000000000,0.0000000000000000,0.0000000000000000,1.0000000000000000,-0.0000000437113883,-0.0000000507892821,-0.0000000000000000,0.0000000437113883,1.0000000000000000,0.0000000152713113,0.0000000000000000,0.0000000000000000,0.0000000000000000,1.0000000000000000
M 1.0000000000000000,0.0000000000000000,0.0000000000000000,0.0000000000000000,0.0000000000000000,1.0000000000000000,-0.0000000437113883,-0.0000000507892821,-0.0000000000000000,0.0000000437113883,1.0000000000000000,0.0000000152713113,0.0000000000000000,0.0000000000000000,0.0000000000000000,1.0000000000000000
M 1.0000000000000000,0.0000000000000000,0.0000000000000000,0.0000000000000000,0.0000000000000000,1.0000000000000000,-0.0000000437113883,-0.0000000507892821,-0.0000000000000000,0.0000000437113883,1.0000000000000000,0.0000000152713113,0.0000000000000000,0.0000000000000000,0.0000000000000000,1.0000000000000000
M 0.9999953508377075,0.0000000001336279,0.0030570491217077,0.0028014469426125,0.0000000000000000,1.0000000000000000,-0.0000000437113883,-0.0000000507892821,-0.0030570491217077,0.0000000437111929,0.9999953508377075,0.0203442666679621,0.0000000000000000,0.0000000000000000,0.0000000000000000,1.0000000000000000
M 0.9999277591705322,0.0000000005254401,0.0120206670835614,0.0113743878901005,0.0000000000000000,1.0000000000000000,-0.0000000437113883,-0.0000000507892821,-0.0120206670835614,0.0000000437082299,0.9999277591705322,0.0799471363425255,0.0000000000000000,0.0000000000000000,0.0000000000000000,1.0000000000000000
M 0.9996467232704163,0.0000000011617478,0.0265776906162500,0.0264373309910297,0.0000000000000000,1.0000000000000000,-0.0000000437113883,-0.0000000507892821,-0.0265776906162500,0.0000000436959446,0.9996467232704163,0.1765876263380051,0.0000000000000000,0.0000000000000000,0.0000000000000000,1.0000000000000000
M 0.9989225268363953,0.0000000020286059,0.0464090891182423,0.0492303706705570,0.0000000000000000,1.0000000000000000,-0.0000000437113883,-0.0000000507892821,-0.0464090891182423,0.0000000436642900,0.9989225268363953,0.3079340755939484,0.0000000000000000,0.0000000000000000,0.0000000000000000,1.0000000000000000
M 0.9974631667137146,0.0000000031115801,0.0711846426129341,0.0813968777656555,0.0000000000000000,1.0000000000000000,-0.0000000437113883,-0.0000000507892821,-0.0711846426129341,0.0000000436005010,0.9974631667137146,0.4715237915515900,0.0000000000000000,0.0000000000000000,0.0000000000000000,1.0000000000000000
M 0.9949312806129456,0.0000000043954889,0.1005570665001869,0.1248685121536255,0.0000000000000000,1.0000000000000000,-0.0000000437113883,-0.0000000507892821,-0.1005570665001869,0.0000000434898269,0.9949312806129456,0.6647394299507141,0.0000000000000000,0.0000000000000000,0.0000000000000000,1.0000000000000000
M 0.9909601807594299,0.0000000058641660,0.1341564655303955,0.1817505061626434,0.0000000000000000,1.0000000000000000,-0.0000000437113883,-0.0000000507892821,-0.1341564655303955,0.0000000433162448,0.9909601807594299,0.8847866058349609,0.0000000000000000,0.0000000000000000,0.0000000000000000,1.0000000000000000
M 0.9851692914962769,0.0000000075002289,0.1715852320194244,0.2542159557342529,0.0000000000000000,1.0000000000000000,-0.0000000437113883,-0.0000000507892821,-0.1715852320194244,0.0000000430631175,0.9851692914962769,1.1286739110946655,0.0000000000000000,0.0000000000000000,0.0000000000000000,1.0000000000000000
M 0.9771795868873596,0.0000000092849506,0.2124148607254028,0.3443994522094727,0.0000000000000000,1.0000000000000000,-0.0000000437113883,-0.0000000507892821,-0.2124148607254028,0.0000000427138751,0.9771795868873596,1.3932054042816162,0.0000000000000000,0.0000000000000000,0.0000000000000000,1.0000000000000000
M 0.9666280746459961,0.0000000111981553,0.2561839222908020,0.4542985558509827,0.0000000000000000,1.0000000000000000,-0.0000000437113883,-0.0000000507892821,-0.2561839222908020,0.0000000422526547,0.9666280746459961,1.6749809980392456,0.0000000000000000,0.0000000000000000,0.0000000000000000,1.0000000000000000
M 0.9531816244125366,0.0000000132182567,0.3023984730243683,0.5856838226318359,0.0000000000000000,1.0000000000000000,-0.0000000437113883,-0.0000000507892821,-0.3023984730243683,0.0000000416649009,0.9531816244125366,1.9704107046127319,0.0000000000000000,0.0000000000000000,0.0000000000000000,1.0000000000000000
M 0.9365499019622803,0.0000000153223425,0.3505343198776245,0.7400118112564087,0.0000000000000000,1.0000000000000000,-0.0000000437113883,-0.0000000507892821,-0.3505343198776245,0.0000000409378949,0.9365499019622803,2.2757425308227539,0.0000000000000000,0.0000000000000000,0.0000000000000000,1.0000000000000000
M 0.9164969325065613,0.0000000174863750,0.4000416398048401,0.9183550477027893,0.0000000000000000,1.0000000000000000,-0.0000000437113883,-0.0000000507892821,-0.4000416398048401,0.0000000400613516,0.9164969325065613,2.5871024131774902,0.0000000000000000,0.0000000000000000,0.0000000000000000,1.0000000000000000
M 0.8928512930870056,0.0000000196854959,0.4503516554832458,1.1213401556015015,0.0000000000000000,1.0000000000000000,-0.0000000437113883,-0.0000000507892821,-0.4503516554832458,0.0000000390277783,0.8928512930870056,2.9005496501922607,0.0000000000000000,0.0000000000000000,0.0000000000000000,1.0000000000000000
M 0.8655136227607727,0.0000000218943974,0.5008854269981384,1.3491027355194092,0.0000000000000000,1.0000000000000000,-0.0000000437113883,-0.0000000507892821,-0.5008854269981384,0.0000000378328018,0.8655136227607727,3.2121403217315674,0.0000000000000000,0.0000000000000000,0.0000000000000000,1.0000000000000000
M 0.8344633579254150,0.0000000240877505,0.5510634779930115,1.6012549400329590,0.0000000000000000,1.0000000000000000,-0.0000000437113883,-0.0000000507892821,-0.5510634779930115,0.0000000364755515,0.8344633579254150,3.5179984569549561,0.0000000000000000,0.0000000000000000,0.0000000000000000,1.0000000000000000
M 0.7997615933418274,0.0000000262407269,0.6003177762031555,1.8768754005432129,0.0000000000000000,1.0000000000000000,-0.0000000437113883,-0.0000000507892821,-0.6003177762031555,0.0000000349586884,0.7997615933418274,3.8143990039825439,0.0000000000000000,0.0000000000000000,0.0000000000000000,1.0000000000000000
M 0.7615524530410767,0.0000000283294987,0.6481032967567444,2.1745102405548096,0.0000000000000000,1.0000000000000000,-0.0000000437113883,-0.0000000507892821,-0.6481032967567444,0.0000000332885151,0.7615524530410767,4.0978446006774902,0.0000000000000000,0.0000000000000000,0.0000000000000000,1.0000000000000000
M 0.7200611829757690,0.0000000303317975,0.6939105987548828,2.4921996593475342,0.0000000000000000,1.0000000000000000,-0.0000000437113883,-0.0000000507892821,-0.6939105987548828,0.0000000314748760,0.7200611829757690,4.3651480674743652,0.0000000000000000,0.0000000000000000,0.0000000000000000,1.0000000000000000
M 0.6755902171134949,0.0000000322274154,0.7372773289680481,2.8275108337402344,0.0000000000000000,1.0000000000000000,-0.0000000437113883,-0.0000000507892821,-0.7372773289680481,0.0000000295309857,0.6755902171134949,4.6135058403015137,0.0000000000000000,0.0000000000000000,0.0000000000000000,1.0000000000000000
M 0.6285126805305481,0.0000000339986883,0.7777993083000183,3.1775934696197510,0.0000000000000000,1.0000000000000000,-0.0000000437113883,-0.0000000507892821,-0.7777993083000183,0.0000000274731615,0.6285126805305481,4.8405661582946777,0.0000000000000000,0.0000000000000000,0.0000000000000000,1.0000000000000000
M 0.5792633891105652,0.0000000356309187,0.8151404261589050,3.5392494201660156,0.0000000000000000,1.0000000000000000,-0.0000000437113883,-0.0000000507892821,-0.8151404261589050,0.0000000253204071,0.5792633891105652,5.0444855690002441,0.0000000000000000,0.0000000000000000,0.0000000000000000,1.0000000000000000
M 0.5283295512199402,0.0000000371126916,0.8490393757820129,3.9089987277984619,0.0000000000000000,1.0000000000000000,-0.0000000437113883,-0.0000000507892821,-0.8490393757820129,0.0000000230940209,0.5283295512199402,5.2239665985107422,0.0000000000000000,0.0000000000000000,0.0000000000000000,1.0000000000000000
M 0.4762381613254547,0.0000000384361449,0.8793163299560547,4.2831707000732422,0.0000000000000000,1.0000000000000000,-0.0000000437113883,-0.0000000507892821,-0.8793163299560547,0.0000000208170352,0.4762381613254547,5.3782896995544434,0.0000000000000000,0.0000000000000000,0.0000000000000000,1.0000000000000000
M 0.4235449135303497,0.0000000395970581,0.9058750867843628,4.6579790115356445,0.0000000000000000,1.0000000000000000,-0.0000000437113883,-0.0000000507892821,-0.9058750867843628,0.0000000185137399,0.4235449135303497,5.5073184967041016,0.0000000000000000,0.0000000000000000,0.0000000000000000,1.0000000000000000
M 0.3708207905292511,0.0000000405949621,0.9287044405937195,5.0296130180358887,0.0000000000000000,1.0000000000000000,-0.0000000437113883,-0.0000000507892821,-0.9287044405937195,0.0000000162090927,0.3708207905292511,5.6114950180053711,0.0000000000000000,0.0000000000000000,0.0000000000000000,1.0000000000000000
M 0.3186413943767548,0.0000000414329477,0.9478753209114075,5.3943057060241699,0.0000000000000000,1.0000000000000000,-0.0000000437113883,-0.0000000507892821,-0.9478753209114075,0.0000000139282577,0.3186413943767548,5.6918134689331055,0.0000000000000000,0.0000000000000000,0.0000000000000000,1.0000000000000000
M 0.2675747871398926,0.0000000421175521,0.9635370969772339,5.7484111785888672,0.0000000000000000,1.0000000000000000,-0.0000000437113883,-0.0000000507892821,-0.9635370969772339,0.0000000116960654,0.2675747871398926,5.7497830390930176,0.0000000000000000,0.0000000000000000,0.0000000000000000,1.0000000000000000
M 0.2181724905967712,0.0000000426583924,0.9759102463722229,6.0884585380554199,0.0000000000000000,1.0000000000000000,-0.0000000437113883,-0.0000000507892821,-0.9759102463722229,0.0000000095366239,0.2181724905967712,5.7873711585998535,0.0000000000000000,0.0000000000000000,0.0000000000000000,1.0000000000000000
M 0.1709617376327515,0.0000000430678533,0.9852776527404785,6.4111943244934082,0.0000000000000000,1.0000000000000000,-0.0000000437113883,-0.0000000507892821,-0.9852776527404785,0.0000000074729751,0.1709617376327515,5.8069376945495605,0.0000000000000000,0.0000000000000000,0.0000000000000000,1.0000000000000000
M 0.1264396905899048,0.0000000433605720,0.9919742941856384,6.7136130332946777,0.0000000000000000,1.0000000000000000,-0.0000000437113883,-0.0000000507892821,-0.9919742941856384,0.0000000055268545,0.1264396905899048,5.8111643791198730,0.0000000000000000,0.0000000000000000,0.0000000000000000,1.0000000000000000
M 0.0850689560174942,0.0000000435529444,0.9963750839233398,6.9929752349853516,0.0000000000000000,1.0000000000000000,-0.0000000437113883,-0.0000000507892821,-0.9963750839233398,0.0000000037184826,0.0850689560174942,5.8029646873474121,0.0000000000000000,0.0000000000000000,0.0000000000000000,1.0000000000000000
M 0.0472780168056488,0.0000000436625101,0.9988817572593689,7.2467927932739258,0.0000000000000000,1.0000000000000000,-0.0000000437113883,-0.0000000507892821,-0.9988817572593689,0.0000000020665880,0.0472780168056488,5.7854018211364746,0.0000000000000000,0.0000000000000000,0.0000000000000000,1.0000000000000000
M 0.0134603055194020,0.0000000437074270,0.9999094009399414,7.4728231430053711,0.0000000000000000,1.0000000000000000,-0.0000000437113883,-0.0000000507892821,-0.9999094009399414,0.0000000005883686,0.0134603055194020,5.7615947723388672,0.0000000000000000,0.0000000000000000,0.0000000000000000,1.0000000000000000
M -0.0160209666937590,0.0000000437057786,0.9998716711997986,7.6690239906311035,0.0000000000000000,1.0000000000000000,-0.0000000437113883,-0.0000000507892821,-0.9998716711997986,-0.0000000007002987,-0.0160209666937590,5.7346262931823730,0.0000000000000000,0.0000000000000000,0.0000000000000000,1.0000000000000000
M -0.0408294349908829,0.0000000436749374,0.9991661310195923,7.8335156440734863,0.0000000000000000,1.0000000000000000,-0.0000000437113883,-0.0000000507892821,-0.9991661310195923,-0.0000000017847113,-0.0408294349908829,5.7074475288391113,0.0000000000000000,0.0000000000000000,0.0000000000000000,1.0000000000000000
M -0.0606485567986965,0.0000000436309229,0.9981591701507568,7.9645242691040039,0.0000000000000000,1.0000000000000000,-0.0000000437113883,-0.0000000507892821,-0.9981591701507568,-0.0000000026510325,-0.0606485567986965,5.6827840805053711,0.0000000000000000,0.0000000000000000,0.0000000000000000,1.0000000000000000
M -0.0751745551824570,0.0000000435877006,0.9971703886985779,8.0603170394897461,0.0000000000000000,1.0000000000000000,-0.0000000437113883,-0.0000000507892821,-0.9971703886985779,-0.0000000032859837,-0.0751745551824570,5.6630377769470215,0.0000000000000000,0.0000000000000000,0.0000000000000000,1.0000000000000000
M -0.0841101184487343,0.0000000435564935,0.9964564442634583,8.1191473007202148,0.0000000000000000,1.0000000000000000,-0.0000000437113883,-0.0000000507892821,-0.9964564442634583,-0.0000000036765704,-0.0841101184487343,5.6501879692077637,0.0000000000000000,0.0000000000000000,0.0000000000000000,1.0000000000000000
M -0.0871557667851448,0.0000000435450538,0.9961947202682495,8.1391830444335938,0.0000000000000000,1.0000000000000000,-0.0000000437113883,-0.0000000507892821,-0.9961947202682495,-0.0000000038096997,-0.0871557667851448,5.6456851959228516,0.0000000000000000,0.0000000000000000,0.0000000000000000,1.0000000000000000
M -0.0871557667851448,0.0000000435450538,0.9961947202682495,8.1391830444335938,0.0000000000000000,1.0000000000000000,-0.0000000437113883,-0.0000000507892821,-0.9961947202682495,-0.0000000038096997,-0.0871557667851448,5.6456851959228516,0.0000000000000000,0.0000000000000000,0.0000000000000000,1.0000000000000000
M -0.0871557667851448,0.0000000435450538,0.9961947202682495,8.1391830444335938,0.0000000000000000,1.0000000000000000,-0.0000000437113883,-0.0000000507892821,-0.9961947202682495,-0.0000000038096997,-0.0871557667851448,5.6456851959228516,0.0000000000000000,0.0000000000000000,0.0000000000000000,1.0000000000000000
M -0.0871557667851448,0.0000000435450538,0.9961947202682495,8.1391830444335938,0.0000000000000000,1.0000000000000000,-0.0000000437113883,-0.0000000507892821,-0.9961947202682495,-0.0000000038096997,-0.0871557667851448,5.6456851959228516,0.0000000000000000,0.0000000000000000,0.0000000000000000,1.0000000000000000
M -0.0871557667851448,0.0000000435450538,0.9961947202682495,8.1391830444335938,0.0000000000000000,1.0000000000000000,-0.0000000437113883,-0.0000000507892821,-0.9961947202682495,-0.0000000038096997,-0.0871557667851448,5.6456851959228516,0.0000000000000000,0.0000000000000000,0.0000000000000000,1.0000000000000000
M -0.0871557667851448,0.0000000435450538,0.9961947202682495,8.1391830444335938,0.0000000000000000,1.0000000000000000,-0.0000000437113883,-0.0000000507892821,-0.9961947202682495,-0.0000000038096997,-0.0871557667851448,5.6456851959228516,0.0000000000000000,0.0000000000000000,0.0000000000000000,1.0000000000000000
M -0.0871557667851448,0.0000000435450538,0.9961947202682495,8.1391830444335938,0.0000000000000000,1.0000000000000000,-0.0000000437113883,-0.0000000507892821,-0.9961947202682495,-0.0000000038096997,-0.0871557667851448,5.6456851959228516,0.0000000000000000,0.0000000000000000,0.0000000000000000,1.0000000000000000
M -0.0871557667851448,0.0000000435450538,0.9961947202682495,8.1391830444335938,0.0000000000000000,1.0000000000000000,-0.0000000437113883,-0.0000000507892821,-0.9961947202682495,-0.0000000038096997,-0.0871557667851448,5.6456851959228516,0.0000000000000000,0.0000000000000000,0.0000000000000000,1.0000000000000000
M -0.0871557667851448,0.0000000435450538,0.9961947202682495,8.1391830444335938,0.0000000000000000,1.0000000000000000,-0.0000000437113883,-0.0000000507892821,-0.9961947202682495,-0.0000000038096997,-0.0871557667851448,5.6456851959228516,0.0000000000000000,0.0000000000000000,0.0000000000000000,1.0000000000000000
M -0.0871557667851448,0.0000000435450538,0.9961947202682495,8.1391830444335938,0.0000000000000000,1.0000000000000000,-0.0000000437113883,-0.0000000507892821,-0.9961947202682495,-0.0000000038096997,-0.0871557667851448,5.6456851959228516,0.0000000000000000,0.0000000000000000,0.0000000000000000,1.0000000000000000
M -0.0871557667851448,0.0000000435450538,0.9961947202682495,8.1391830444335938,0.0000000000000000,1.0000000000000000,-0.0000000437113883,-0.0000000507892821,-0.9961947202682495,-0.0000000038096997,-0.0871557667851448,5.6456851959228516,0.0000000000000000,0.0000000000000000,0.0000000000000000,1.0000000000000000
M -0.0871557667851448,0.0000000435450538,0.9961947202682495,8.1391830444335938,0.0000000000000000,1.0000000000000000,-0.0000000437113883,-0.0000000507892821,-0.9961947202682495,-0.0000000038096997,-0.0871557667851448,5.6456851959228516,0.0000000000000000,0.0000000000000000,0.0000000000000000,1.0000000000000000
M -0.0871557667851448,0.0000000435450538,0.9961947202682495,8.1391830444335938,0.0000000000000000,1.0000000000000000,-0.0000000437113883,-0.0000000507892821,-0.9961947202682495,-0.0000000038096997,-0.0871557667851448,5.6456851959228516,0.0000000000000000,0.0000000000000000,0.0000000000000000,1.0000000000000000
M -0.0871557667851448,0.0000000435450538,0.9961947202682495,8.1391830444335938,0.0000000000000000,1.0000000000000000,-0.0000000437113883,-0.0000000507892821,-0.9961947202682495,-0.0000000038096997,-0.0871557667851448,5.6456851959228516,0.0000000000000000,0.0000000000000000,0.0000000000000000,1.0000000000000000
M -0.0871557667851448,0.0000000435450538,0.9961947202682495,8.1391830444335938,0.0000000000000000,1.0000000000000000,-0.0000000437113883,-0.0000000507892821,-0.9961947202682495,-0.0000000038096997,-0.0871557667851448,5.6456851959228516,0.0000000000000000,0.0000000000000000,0.0000000000000000,1.0000000000000000
M -0.0871557667851448,0.0000000435450538,0.9961947202682495,8.1391830444335938,0.0000000000000000,1.0000000000000000,-0.0000000437113883,-0.0000000507892821,-0.9961947202682495,-0.0000000038096997,-0.0871557667851448,5.6456851959228516,0.0000000000000000,0.0000000000000000,0.0000000000000000,1.0000000000000000
M -0.0871557667851448,0.0000000435450538,0.9961947202682495,8.1391830444335938,0.0000000000000000,1.0000000000000000,-0.0000000437113883,-0.0000000507892821,-0.9961947202682495,-0.0000000038096997,-0.0871557667851448,5.6456851959228516,0.0000000000000000,0.0000000000000000,0.0000000000000000,1.0000000000000000
M -0.0871557667851448,0.0000000435450538,0.9961947202682495,8.1391830444335938,0.0000000000000000,1.0000000000000000,-0.0000000437113883,-0.0000000507892821,-0.9961947202682495,-0.0000000038096997,-0.0871557667851448,5.6456851959228516,0.0000000000000000,0.0000000000000000,0.0000000000000000,1.0000000000000000
M -0.0871557667851448,0.0000000435450538,0.9961947202682495,8.1391830444335938,0.0000000000000000,1.0000000000000000,-0.0000000437113883,-0.0000000507892821,-0.9961947202682495,-0.0000000038096997,-0.0871557667851448,5.6456851959228516,0.0000000000000000,0.0000000000000000,0.0000000000000000,1.0000000000000000
M -0.0871557667851448,0.0000000435450538,0.9961947202682495,8.1391830444335938,0.0000000000000000,1.0000000000000000,-0.0000000437113883,-0.0000000507892821,-0.9961947202682495,-0.0000000038096997,-0.0871557667851448,5.6456851959228516,0.0000000000000000,0.0000000000000000,0.0000000000000000,1.0000000000000000
M -0.0871557667851448,0.0000000435450538,0.9961947202682495,8.1391830444335938,0.0000000000000000,1.0000000000000000,-0.0000000437113883,-0.0000000507892821,-0.9961947202682495,-0.0000000038096997,-0.0871557667851448,5.6456851959228516,0.0000000000000000,0.0000000000000000,0.0000000000000000,1.0000000000000000
O Cab_DOOR_10_INTERIOR_LCG_EIL_handle
A Cab_DOOR_10_INTERIOR_LCG_EIL_handle_Cab_DOOR_10_INTERIOR_LCG_EIL_handle
M 1.0000000000000000,0.0000000000000000,0.0000000000000000,0.0000000000000000,0.0000000000000000,1.0000000000000000,-0.0000000437113883,0.0000001038096045,-0.0000000000000000,0.0000000437113883,1.0000000000000000,-0.0000000213621121,0.0000000000000000,0.0000000000000000,0.0000000000000000,1.0000000000000000
M 1.0000000000000000,0.0000000000000000,0.0000000000000000,0.0000000000000000,0.0000000000000000,0.9999901652336121,-0.0044287736527622,-0.0060610272921622,-0.0000000000000000,0.0044287736527622,0.9999901652336121,-0.0127460910007358,0.0000000000000000,0.0000000000000000,0.0000000000000000,1.0000000000000000
M 1.0000000000000000,0.0000000000000000,0.0000000000000000,0.0000000000000000,0.0000000000000000,0.9998537302017212,-0.0171033591032028,-0.0230963826179504,-0.0000000000000000,0.0171033591032028,0.9998537302017212,-0.0493731573224068,0.0000000000000000,0.0000000000000000,0.0000000000000000,1.0000000000000000
M 1.0000000000000000,0.0000000000000000,0.0000000000000000,0.0000000000000000,0.0000000000000000,0.9993115067481995,-0.0371016152203083,-0.0490352027118206,-0.0000000000000000,0.0371016152203083,0.9993115067481995,-0.1076136827468872,0.0000000000000000,0.0000000000000000,0.0000000000000000,1.0000000000000000
M 1.0000000000000000,0.0000000000000000,0.0000000000000000,0.0000000000000000,0.0000000000000000,0.9979826807975769,-0.0634872838854790,-0.0814950764179230,-0.0000000000000000,0.0634872838854790,0.9979826807975769,-0.1852996051311493,0.0000000000000000,0.0000000000000000,0.0000000000000000,1.0000000000000000
M 1.0000000000000000,0.0000000000000000,0.0000000000000000,0.0000000000000000,0.0000000000000000,0.9954483509063721,-0.0953028425574303,-0.1179551482200623,-0.0000000000000000,0.0953028425574303,0.9954483509063721,-0.2802540659904480,0.0000000000000000,0.0000000000000000,0.0000000000000000,1.0000000000000000
M 1.0000000000000000,0.0000000000000000,0.0000000000000000,0.0000000000000000,0.0000000000000000,0.9913076758384705,-0.1315643191337585,-0.1559104323387146,-0.0000000000000000,0.1315643191337585,0.9913076758384705,-0.3901992440223694,0.0000000000000000,0.0000000000000000,0.0000000000000000,1.0000000000000000
M 1.0000000000000000,0.0000000000000000,0.0000000000000000,0.0000000000000000,0.0000000000000000,0.9852253794670105,-0.1712628602981567,-0.1930091232061386,-0.0000000000000000,0.1712628602981567,0.9852253794670105,-0.5126956701278687,0.0000000000000000,0.0000000000000000,0.0000000000000000,1.0000000000000000
M 1.0000000000000000,0.0000000000000000,0.0000000000000000,0.0000000000000000,0.0000000000000000,0.9769711494445801,-0.2133715003728867,-0.2271777391433716,-0.0000000000000000,0.2133715003728867,0.9769711494445801,-0.6451075673103333,0.0000000000000000,0.0000000000000000,0.0000000000000000,1.0000000000000000
M 1.0000000000000000,0.0000000000000000,0.0000000000000000,0.0000000000000000,0.0000000000000000,0.9664490222930908,-0.2568586766719818,-0.2567213773727417,-0.0000000000000000,0.2568586766719818,0.9664490222930908,-0.7846012115478516,0.0000000000000000,0.0000000000000000,0.0000000000000000,1.0000000000000000
M 1.0000000000000000,0.0000000000000000,0.0000000000000000,0.0000000000000000,0.0000000000000000,0.9537170529365540,-0.3007056415081024,-0.2804065346717834,-0.0000000000000000,0.3007056415081024,0.9537170529365540,-0.9281677603721619,0.0000000000000000,0.0000000000000000,0.0000000000000000,1.0000000000000000
M 1.0000000000000000,0.0000000000000000,0.0000000000000000,0.0000000000000000,0.0000000000000000,0.9389968514442444,-0.3439258635044098,-0.2975138425827026,-0.0000000000000000,0.3439258635044098,0.9389968514442444,-1.0726661682128906,0.0000000000000000,0.0000000000000000,0.0000000000000000,1.0000000000000000
M 1.0000000000000000,0.0000000000000000,0.0000000000000000,0.0000000000000000,0.0000000000000000,0.9226728081703186,-0.3855838775634766,-0.3078618645668030,-0.0000000000000000,0.3855838775634766,0.9226728081703186,-1.2148785591125488,0.0000000000000000,0.0000000000000000,0.0000000000000000,1.0000000000000000
M 1.0000000000000000,0.0000000000000000,0.0000000000000000,0.0000000000000000,0.0000000000000000,0.9052817225456238,-0.4248116910457611,-0.3118011355400085,-0.0000000000000000,0.4248116910457611,0.9052817225456238,-1.3515712022781372,0.0000000000000000,0.0000000000000000,0.0000000000000000,1.0000000000000000
M 1.0000000000000000,0.0000000000000000,0.0000000000000000,0.0000000000000000,0.0000000000000000,0.8874939680099487,-0.4608192741870880,-0.3101717233657837,-0.0000000000000000,0.4608192741870880,0.8874939680099487,-1.4795511960983276,0.0000000000000000,0.0000000000000000,0.0000000000000000,1.0000000000000000
M 1.0000000000000000,0.0000000000000000,0.0000000000000000,0.0000000000000000,0.0000000000000000,0.8700869679450989,-0.4928982555866241,-0.3042350411415100,-0.0000000000000000,0.4928982555866241,0.8700869679450989,-1.5957127809524536,0.0000000000000000,0.0000000000000000,0.0000000000000000,1.0000000000000000
M 1.0000000000000000,0.0000000000000000,0.0000000000000000,0.0000000000000000,0.0000000000000000,0.8539143800735474,-0.5204135775566101,-0.2955724000930786,-0.0000000000000000,0.5204135775566101,0.8539143800735474,-1.6970565319061279,0.0000000000000000,0.0000000000000000,0.0000000000000000,1.0000000000000000
M 1.0000000000000000,0.0000000000000000,0.0000000000000000,0.0000000000000000,0.0000000000000000,0.8398686647415161,-0.5427896380424500,-0.2859580516815186,-0.0000000000000000,0.5427896380424500,0.8398686647415161,-1.7807005643844604,0.0000000000000000,0.0000000000000000,0.0000000000000000,1.0000000000000000
M 1.0000000000000000,0.0000000000000000,0.0000000000000000,0.0000000000000000,0.0000000000000000,0.8288423418998718,-0.5594822764396667,-0.2772098183631897,-0.0000000000000000,0.5594822764396667,0.8288423418998718,-1.8438531160354614,0.0000000000000000,0.0000000000000000,0.0000000000000000,1.0000000000000000
M 1.0000000000000000,0.0000000000000000,0.0000000000000000,0.0000000000000000,0.0000000000000000,0.8216841816902161,-0.5699430704116821,-0.2710136175155640,-0.0000000000000000,0.5699430704116821,0.8216841816902161,-1.8837704658508301,0.0000000000000000,0.0000000000000000,0.0000000000000000,1.0000000000000000
M 1.0000000000000000,0.0000000000000000,0.0000000000000000,0.0000000000000000,0.0000000000000000,0.8191521167755127,-0.5735763907432556,-0.2687298059463501,-0.0000000000000000,0.5735763907432556,0.8191521167755127,-1.8976976871490479,0.0000000000000000,0.0000000000000000,0.0000000000000000,1.0000000000000000
M 0.9999953508377075,0.0017534511862323,0.0025041881017387,-0.0029998139943928,0.0000000000000000,0.8191521167755127,-0.5735763907432556,-0.2687298059463501,-0.0030570491217077,0.5735737085342407,0.8191483020782471,-1.8773444890975952,0.0000000000000000,0.0000000000000000,0.0000000000000000,1.0000000000000000
M 0.9999277591705322,0.0068947710096836,0.0098467543721199,-0.0114373089745641,0.0000000000000000,0.8191521167755127,-0.5735763907432556,-0.2687298059463501,-0.0120206670835614,0.5735349655151367,0.8190929293632507,-1.8176136016845703,0.0000000000000000,0.0000000000000000,0.0000000000000000,1.0000000000000000
M 0.9996467232704163,0.0152443358674645,0.0217711720615625,-0.0239991378039122,0.0000000000000000,0.8191521167755127,-0.5735763907432556,-0.2687298059463501,-0.0265776906162500,0.5733737349510193,0.8188627362251282,-1.7204396724700928,0.0000000000000000,0.0000000000000000,0.0000000000000000,1.0000000000000000
M 0.9989225268363953,0.0266191586852074,0.0380161032080650,-0.0388400778174400,0.0000000000000000,0.8191521167755127,-0.5735763907432556,-0.2687298059463501,-0.0464090891182423,0.5729583501815796,0.8182694911956787,-1.5877189636230469,0.0000000000000000,0.0000000000000000,0.0000000000000000,1.0000000000000000
M 0.9974631667137146,0.0408298298716545,0.0583110526204109,-0.0536899194121361,0.0000000000000000,0.8191521167755127,-0.5735763907432556,-0.2687298059463501,-0.0711846426129341,0.5721213221549988,0.8170740604400635,-1.4213597774505615,0.0000000000000000,0.0000000000000000,0.0000000000000000,1.0000000000000000
M 0.9949312806129456,0.0576771572232246,0.0823715329170227,-0.0659586265683174,0.0000000000000000,0.8191521167755127,-0.5735763907432556,-0.2687298059463501,-0.1005570665001869,0.5706691145896912,0.8150000572204590,-1.2233395576477051,0.0000000000000000,0.0000000000000000,0.0000000000000000,1.0000000000000000
M 0.9909601807594299,0.0769489780068398,0.1098945513367653,-0.0728379040956497,0.0000000000000000,0.8191521167755127,-0.5735763907432556,-0.2687298059463501,-0.1341564655303955,0.5683913826942444,0.8117471337318420,-0.9957565069198608,0.0000000000000000,0.0000000000000000,0.0000000000000000,1.0000000000000000
M 0.9851692914962769,0.0984172299504280,0.1405544131994247,-0.0714009702205658,0.0000000000000000,0.8191521167755127,-0.5735763907432556,-0.2687298059463501,-0.1715852320194244,0.5650698542594910,0.8070034980773926,-0.7408800125122070,0.0000000000000000,0.0000000000000000,0.0000000000000000,1.0000000000000000
M 0.9771795868873596,0.1218361482024193,0.1740000844001770,-0.0586996823549271,0.0000000000000000,0.8191521167755127,-0.5735763907432556,-0.2687298059463501,-0.2124148607254028,0.5604871511459351,0.8004587292671204,-0.4611862897872925,0.0000000000000000,0.0000000000000000,0.0000000000000000,1.0000000000000000
M 0.9666280746459961,0.1469410508871078,0.2098536044359207,-0.0318611860275269,0.0000000000000000,0.8191521167755127,-0.5735763907432556,-0.2687298059463501,-0.2561839222908020,0.5544350743293762,0.7918154597282410,-0.1593872308731079,0.0000000000000000,0.0000000000000000,0.0000000000000000,1.0000000000000000
M 0.9531816244125366,0.1734486222267151,0.2477103322744370,0.0118231177330017,0.0000000000000000,0.8191521167755127,-0.5735763907432556,-0.2687298059463501,-0.3023984730243683,0.5467224717140198,0.7808007597923279,0.1615601778030396,0.0000000000000000,0.0000000000000000,0.0000000000000000,1.0000000000000000
M 0.9365499019622803,0.2010581940412521,0.2871409356594086,0.0748036503791809,0.0000000000000000,0.8191521167755127,-0.5735763907432556,-0.2687298059463501,-0.3505343198776245,0.5371829271316528,0.7671768069267273,0.4984538555145264,0.0000000000000000,0.0000000000000000,0.0000000000000000,1.0000000000000000
M 0.9164969325065613,0.2294544428586960,0.3276949524879456,0.1591967642307281,0.0000000000000000,0.8191521167755127,-0.5735763907432556,-0.2687298059463501,-0.4000416398048401,0.5256810188293457,0.7507504224777222,0.8478685617446899,0.0000000000000000,0.0000000000000000,0.0000000000000000,1.0000000000000000
M 0.8928512930870056,0.2583110928535461,0.3689064979553223,0.2667089104652405,0.0000000000000000,0.8191521167755127,-0.5735763907432556,-0.2687298059463501,-0.4503516554832458,0.5121184587478638,0.7313809990882874,1.2061878442764282,0.0000000000000000,0.0000000000000000,0.0000000000000000,1.0000000000000000
M 0.8655136227607727,0.2872960567474365,0.4103013575077057,0.3985734581947327,0.0000000000000000,0.8191521167755127,-0.5735763907432556,-0.2687298059463501,-0.5008854269981384,0.4964381754398346,0.7089872956275940,1.5696568489074707,0.0000000000000000,0.0000000000000000,0.0000000000000000,1.0000000000000000
M 0.8344633579254150,0.3160769939422607,0.4514048099517822,0.5555029511451721,0.0000000000000000,0.8191521167755127,-0.5735763907432556,-0.2687298059463501,-0.5510634779930115,0.4786284565925598,0.6835524439811707,1.9344394207000732,0.0000000000000000,0.0000000000000000,0.0000000000000000,1.0000000000000000
M 0.7997615933418274,0.3443281054496765,0.4917515516281128,0.7376536130905151,0.0000000000000000,0.8191521167755127,-0.5735763907432556,-0.2687298059463501,-0.6003177762031555,0.4587243497371674,0.6551263928413391,2.2966933250427246,0.0000000000000000,0.0000000000000000,0.0000000000000000,1.0000000000000000
M 0.7615524530410767,0.3717367351055145,0.5308952331542969,0.9446060061454773,0.0000000000000000,0.8191521167755127,-0.5735763907432556,-0.2687298059463501,-0.6481032967567444,0.4368084967136383,0.6238272786140442,2.6526474952697754,0.0000000000000000,0.0000000000000000,0.0000000000000000,1.0000000000000000
M 0.7200611829757690,0.3980107009410858,0.5684183239936829,1.1753667593002319,0.0000000000000000,0.8191521167755127,-0.5735763907432556,-0.2687298059463501,-0.6939105987548828,0.4130100607872009,0.5898396372795105,2.9986891746520996,0.0000000000000000,0.0000000000000000,0.0000000000000000,1.0000000000000000
M 0.6755902171134949,0.4228848814964294,0.6039422750473022,1.4283814430236816,0.0000000000000000,0.8191521167755127,-0.5735763907432556,-0.2687298059463501,-0.7372773289680481,0.3875025808811188,0.5534111857414246,3.3314394950866699,0.0000000000000000,0.0000000000000000,0.0000000000000000,1.0000000000000000
M 0.6285126805305481,0.4461273252964020,0.6371359229087830,1.7015651464462280,0.0000000000000000,0.8191521167755127,-0.5735763907432556,-0.2687298059463501,-0.7777993083000183,0.3605000078678131,0.5148475170135498,3.6478385925292969,0.0000000000000000,0.0000000000000000,0.0000000000000000,1.0000000000000000
M 0.5792633891105652,0.4675453007221222,0.6677240133285522,1.9923590421676636,0.0000000000000000,0.8191521167755127,-0.5735763907432556,-0.2687298059463501,-0.8151404261589050,0.3322517871856689,0.4745048284530640,3.9452185630798340,0.0000000000000000,0.0000000000000000,0.0000000000000000,1.0000000000000000
M 0.5283295512199402,0.4869889318943024,0.6954923868179321,2.2977783679962158,0.0000000000000000,0.8191521167755127,-0.5735763907432556,-0.2687298059463501,-0.8490393757820129,0.3030373454093933,0.4327822625637054,4.2213568687438965,0.0000000000000000,0.0000000000000000,0.0000000000000000,1.0000000000000000
M 0.4762381613254547,0.5043550729751587,0.7202938199043274,2.6144938468933105,0.0000000000000000,0.8191521167755127,-0.5735763907432556,-0.2687298059463501,-0.8793163299560547,0.2731589674949646,0.3901115059852600,4.4745335578918457,0.0000000000000000,0.0000000000000000,0.0000000000000000,1.0000000000000000
M 0.4235449135303497,0.5195885896682739,0.7420495152473450,2.9389019012451172,0.0000000000000000,0.8191521167755127,-0.5735763907432556,-0.2687298059463501,-0.9058750867843628,0.2429353594779968,0.3469476997852325,4.7035584449768066,0.0000000000000000,0.0000000000000000,0.0000000000000000,1.0000000000000000
M 0.3708207905292511,0.5326829552650452,0.7607501745223999,3.2672126293182373,0.0000000000000000,0.8191521167755127,-0.5735763907432556,-0.2687298059463501,-0.9287044405937195,0.2126940488815308,0.3037586212158203,4.9077892303466797,0.0000000000000000,0.0000000000000000,0.0000000000000000,1.0000000000000000
