O DOOR_1_TOGGLE_CG_Door1_mvp_tem2y
A DOOR_1_TOGGLE_CG_Door1_mvp_tem2y_DOOR_1_TOGGLE_CG_Door1_mvp_tem2y
M 1.0000000000000000,0.0000000000000000,0.0000000000000000,0.0000000000000000,0.0000000000000000,1.0000000000000000,-0.0000000437113883,0.0000000754981926,-0.0000000000000000,0.0000000437113883,1.0000000000000000,0.0000000277502465,0.0000000000000000,0.0000000000000000,0.0000000000000000,1.0000000000000000
M 1.0000000000000000,0.0000000000000000,0.0000000000000000,0.0000000000000000,0.0000000000000000,1.0000000000000000,-0.0000000437113883,0.0000000754981926,-0.0000000000000000,0.0000000437113883,1.0000000000000000,0.0000000277502465,0.0000000000000000,0.0000000000000000,0.0000000000000000,1.0000000000000000
M 1.0000000000000000,0.0000000000000000,0.0000000000000000,0.0000000000000000,0.0000000000000000,1.0000000000000000,-0.0000000437113883,0.0000000754981926,-0.0000000000000000,0.0000000437113883,1.0000000000000000,0.0000000277502465,0.0000000000000000,0.0000000000000000,0.0000000000000000,1.0000000000000000
M 1.0000000000000000,0.0000000000000000,0.0000000000000000,0.0000000000000000,0.0000000000000000,1.0000000000000000,-0.0000000437113883,0.0000000754981926,-0.0000000000000000,0.0000000437113883,1.0000000000000000,0.0000000277502465,0.0000000000000000,0.0000000000000000,0.0000000000000000,1.0000000000000000
M 1.0000000000000000,0.0000000000000000,0.0000000000000000,0.0000000000000000,0.0000000000000000,1.0000000000000000,-0.0000000437113883,0.0000000754981926,-0.0000000000000000,0.0000000437113883,1.0000000000000000,0.0000000277502465,0.0000000000000000,0.0000000000000000,0.0000000000000000,1.0000000000000000
M 1.0000000000000000,0.0000000000000000,0.0000000000000000,0.0000000000000000,0.0000000000000000,1.0000000000000000,-0.0000000437113883,0.0000000754981926,-0.0000000000000000,0.0000000437113883,1.0000000000000000,0.0000000277502465,0.0000000000000000,0.0000000000000000,0.0000000000000000,1.0000000000000000
M 1.0000000000000000,0.0000000000000000,0.0000000000000000,0.0000000000000000,0.0000000000000000,1.0000000000000000,-0.0000000437113883,0.0000000754981926,-0.0000000000000000,0.0000000437113883,1.0000000000000000,0.0000000277502465,0.0000000000000000,0.0000000000000000,0.0000000000000000,1.0000000000000000
M 1.0000000000000000,0.0000000000000000,0.0000000000000000,0.0000000000000000,0.0000000000000000,1.0000000000000000,-0.0000000437113883,0.0000000754981926,-0.0000000000000000,0.0000000437113883,1.0000000000000000,0.0000000277502465,0.0000000000000000,0.0000000000000000,0.0000000000000000,1.0000000000000000
M 1.0000000000000000,0.0000000000000000,0.0000000000000000,0.0000000000000000,0.0000000000000000,1.0000000000000000,-0.0000000437113883,0.0000000754981926,-0.0000000000000000,0.0000000437113883,1.0000000000000000,0.0000000277502465,0.0000000000000000,0.0000000000000000,0.0000000000000000,1.0000000000000000
M 1.0000000000000000,0.0000000000000000,0.0000000000000000,0.0000000000000000,0.0000000000000000,1.0000000000000000,-0.0000000437113883,0.0000000754981926,-0.0000000000000000,0.0000000437113883,1.0000000000000000,0.0000000277502465,0.0000000000000000,0.0000000000000000,0.0000000000000000,1.0000000000000000
M 1.0000000000000000,0.0000000000000000,0.0000000000000000,0.0000000000000000,0.0000000000000000,1.0000000000000000,-0.0000000437113883,0.0000000754981926,-0.0000000000000000,0.0000000437113883,1.0000000000000000,0.0000000277502465,0.0000000000000000,0.0000000000000000,0.0000000000000000,1.0000000000000000
M 1.0000000000000000,0.0000000000000000,0.0000000000000000,0.0000000000000000,0.0000000000000000,1.0000000000000000,-0.0000000437113883,0.0000000754981926,-0.0000000000000000,0.0000000437113883,1.0000000000000000,0.0000000277502465,0.0000000000000000,0.0000000000000000,0.0000000000000000,1.0000000000000000
M 1.0000000000000000,0.0000000000000000,0.0000000000000000,0.0000000000000000,0.0000000000000000,1.0000000000000000,-0.0000000437113883,0.0000000754981926,-0.0000000000000000,0.0000000437113883,1.0000000000000000,0.0000000277502465,0.0000000000000000,0.0000000000000000,0.0000000000000000,1.0000000000000000
M 1.0000000000000000,0.0000000000000000,0.0000000000000000,0.0000000000000000,0.0000000000000000,1.0000000000000000,-0.0000000437113883,0.0000000754981926,-0.0000000000000000,0.0000000437113883,1.0000000000000000,0.0000000277502465,0.0000000000000000,0.0000000000000000,0.0000000000000000,1.0000000000000000
M 1.0000000000000000,0.0000000000000000,0.0000000000000000,0.0000000000000000,0.0000000000000000,1.0000000000000000,-0.0000000437113883,0.0000000754981926,-0.0000000000000000,0.0000000437113883,1.0000000000000000,0.0000000277502465,0.0000000000000000,0.0000000000000000,0.0000000000000000,1.0000000000000000
M 1.0000000000000000,0.0000000000000000,0.0000000000000000,0.0000000000000000,0.0000000000000000,1.0000000000000000,-0.0000000437113883,0.0000000754981926,-0.0000000000000000,0.0000000437113883,1.0000000000000000,0.0000000277502465,0.0000000000000000,0.0000000000000000,0.0000000000000000,1.0000000000000000
M 1.0000000000000000,0.0000000000000000,0.0000000000000000,0.0000000000000000,0.0000000000000000,1.0000000000000000,-0.0000000437113883,0.0000000754981926,-0.0000000000000000,0.0000000437113883,1.0000000000000000,0.0000000277502465,0.0000000000000000,0.0000000000000000,0.0000000000000000,1.0000000000000000
M 1.0000000000000000,0.0000000000000000,0.0000000000000000,0.0000000000000000,0.0000000000000000,1.0000000000000000,-0.0000000437113883,0.0000000754981926,-0.0000000000000000,0.0000000437113883,1.0000000000000000,0.0000000277502465,0.0000000000000000,0.0000000000000000,0.0000000000000000,1.0000000000000000
M 1.0000000000000000,0.0000000000000000,0.0000000000000000,0.0000000000000000,0.0000000000000000,1.0000000000000000,-0.0000000437113883,0.0000000754981926,-0.0000000000000000,0.0000000437113883,1.0000000000000000,0.0000000277502465,0.0000000000000000,0.0000000000000000,0.0000000000000000,1.0000000000000000
M 1.0000000000000000,0.0000000000000000,0.0000000000000000,0.0000000000000000,0.0000000000000000,1.0000000000000000,-0.0000000437113883,0.0000000754981926,-0.0000000000000000,0.0000000437113883,1.0000000000000000,0.0000000277502465,0.0000000000000000,0.0000000000000000,0.0000000000000000,1.0000000000000000
M 0.9999966621398926,-0.0000000001125288,-0.0025743583682925,-0.0025528951082379,0.0000000000000000,1.0000000000000000,-0.0000000437113883,0.0000000754981926,0.0025743583682925,0.0000000437112426,0.9999966621398926,-0.0164952930063009,0.0000000000000000,0.0000000000000000,0.0000000000000000,1.0000000000000000
M 0.9999487400054932,-0.0000000004424789,-0.0101227378472686,-0.0097941746935248,0.0000000000000000,1.0000000000000000,-0.0000000437113883,0.0000000754981926,0.0101227378472686,0.0000000437091465,0.9999487400054932,-0.0649000182747841,0.0000000000000000,0.0000000000000000,0.0000000000000000,1.0000000000000000
M 0.9997494816780090,-0.0000000009783473,-0.0223819818347692,-0.0207768976688385,0.0000000000000000,1.0000000000000000,-0.0000000437113883,0.0000000754981926,0.0223819818347692,0.0000000437004388,0.9997494816780090,-0.1436350643634796,0.0000000000000000,0.0000000000000000,0.0000000000000000,1.0000000000000000
M 0.9992358684539795,-0.0000000017084778,-0.0390854254364967,-0.0341901294887066,0.0000000000000000,1.0000000000000000,-0.0000000437113883,0.0000000754981926,0.0390854254364967,0.0000000436779715,0.9992358684539795,-0.2511551082134247,0.0000000000000000,0.0000000000000000,0.0000000000000000,1.0000000000000000
M 0.9982007741928101,-0.0000000026209217,-0.0599597208201885,-0.0484334789216518,0.0000000000000000,1.0000000000000000,-0.0000000437113883,0.0000000754981926,0.0599597208201885,0.0000000436327419,0.9982007741928101,-0.3859161436557770,0.0000000000000000,0.0000000000000000,0.0000000000000000,1.0000000000000000
M 0.9964047074317932,-0.0000000037032872,-0.0847213342785835,-0.0616889558732510,0.0000000000000000,1.0000000000000000,-0.0000000437113883,0.0000000754981926,0.0847213342785835,0.0000000435542198,0.9964047074317932,-0.5463413596153259,0.0000000000000000,0.0000000000000000,0.0000000000000000,1.0000000000000000
M 0.9935866594314575,-0.0000000049425855,-0.1130731776356697,-0.0719876810908318,0.0000000000000000,1.0000000000000000,-0.0000000437113883,0.0000000754981926,0.1130731776356697,0.0000000434310508,0.9935866594314575,-0.7307883501052856,0.0000000000000000,0.0000000000000000,0.0000000000000000,1.0000000000000000
M 0.9894753098487854,-0.0000000063251080,-0.1447016000747681,-0.0772774517536163,0.0000000000000000,1.0000000000000000,-0.0000000437113883,0.0000000754981926,0.1447016000747681,0.0000000432513403,0.9894753098487854,-0.9375192523002625,0.0000000000000000,0.0000000000000000,0.0000000000000000,1.0000000000000000
M 0.9837990999221802,-0.0000000078363334,-0.1792744547128677,-0.0754871144890785,0.0000000000000000,1.0000000000000000,-0.0000000437113883,0.0000000754981926,0.1792744547128677,0.0000000430032259,0.9837990999221802,-1.1646777391433716,0.0000000000000000,0.0000000000000000,0.0000000000000000,1.0000000000000000
M 0.9762960076332092,-0.0000000094608730,-0.2164396196603775,-0.0645855739712715,0.0000000000000000,1.0000000000000000,-0.0000000437113883,0.0000000754981926,0.2164396196603775,0.0000000426752536,0.9762960076332092,-1.4102702140808105,0.0000000000000000,0.0000000000000000,0.0000000000000000,1.0000000000000000
M 0.9667230248451233,-0.0000000111824807,-0.2558254301548004,-0.0426443107426167,0.0000000000000000,1.0000000000000000,-0.0000000437113883,0.0000000754981926,0.2558254301548004,0.0000000422568043,0.9667230248451233,-1.6721585988998413,0.0000000000000000,0.0000000000000000,0.0000000000000000,1.0000000000000000
M 0.9548645615577698,-0.0000000129841009,-0.2970415949821472,-0.0078921355307102,0.0000000000000000,1.0000000000000000,-0.0000000437113883,0.0000000754981926,0.2970415949821472,0.0000000417384420,0.9548645615577698,-1.9480581283569336,0.0000000000000000,0.0000000000000000,0.0000000000000000,1.0000000000000000
M 0.9405403137207031,-0.0000000148479691,-0.3396820127964020,0.0412324815988541,0.0000000000000000,1.0000000000000000,-0.0000000437113883,0.0000000754981926,0.3396820127964020,0.0000000411123224,0.9405403137207031,-2.2355473041534424,0.0000000000000000,0.0000000000000000,0.0000000000000000,1.0000000000000000
M 0.9236121177673340,-0.0000000167558127,-0.3833283185958862,0.1060324013233185,0.0000000000000000,1.0000000000000000,-0.0000000437113883,0.0000000754981926,0.3833283185958862,0.0000000403723668,0.9236121177673340,-2.5320847034454346,0.0000000000000000,0.0000000000000000,0.0000000000000000,1.0000000000000000
M 0.9039893150329590,-0.0000000186890254,-0.4275550842285156,0.1875143200159073,0.0000000000000000,1.0000000000000000,-0.0000000437113883,0.0000000754981926,0.4275550842285156,0.0000000395146280,0.9039893150329590,-2.8350350856781006,0.0000000000000000,0.0000000000000000,0.0000000000000000,1.0000000000000000
M 0.8816331028938293,-0.0000000206289528,-0.4719354212284088,0.2863535284996033,0.0000000000000000,1.0000000000000000,-0.0000000437113883,0.0000000754981926,0.4719354212284088,0.0000000385374079,0.8816331028938293,-3.1417028903961182,0.0000000000000000,0.0000000000000000,0.0000000000000000,1.0000000000000000
M 0.8565599322319031,-0.0000000225571544,-0.5160475373268127,0.4028665125370026,0.0000000000000000,1.0000000000000000,-0.0000000437113883,0.0000000754981926,0.5160475373268127,0.0000000374414242,0.8565599322319031,-3.4493691921234131,0.0000000000000000,0.0000000000000000,0.0000000000000000,1.0000000000000000
M 0.8288423418998718,-0.0000000244557405,-0.5594822764396667,0.5369979143142700,0.0000000000000000,1.0000000000000000,-0.0000000437113883,0.0000000754981926,0.5594822764396667,0.0000000362298351,0.8288423418998718,-3.7553405761718750,0.0000000000000000,0.0000000000000000,0.0000000000000000,1.0000000000000000
M 0.7986092567443848,-0.0000000263076920,-0.6018498539924622,0.6883107423782349,0.0000000000000000,1.0000000000000000,-0.0000000437113883,0.0000000754981926,0.6018498539924622,0.0000000349083180,0.7986092567443848,-4.0569911003112793,0.0000000000000000,0.0000000000000000,0.0000000000000000,1.0000000000000000
M 0.7660444378852844,-0.0000000280971371,-0.6427875757217407,0.8559917211532593,0.0000000000000000,1.0000000000000000,-0.0000000437113883,0.0000000754981926,0.6427875757217407,0.0000000334848664,0.7660444378852844,-4.3518128395080566,0.0000000000000000,0.0000000000000000,0.0000000000000000,1.0000000000000000
M 0.7313835024833679,-0.0000000298096978,-0.6819663643836975,1.0388593673706055,0.0000000000000000,1.0000000000000000,-0.0000000437113883,0.0000000754981926,0.6819663643836975,0.0000000319697868,0.7313835024833679,-4.6374626159667969,0.0000000000000000,0.0000000000000000,0.0000000000000000,1.0000000000000000
M 0.6949093937873840,-0.0000000314327337,-0.7190973162651062,1.2353911399841309,0.0000000000000000,1.0000000000000000,-0.0000000437113883,0.0000000754981926,0.7190973162651062,0.0000000303754462,0.6949093937873840,-4.9118070602416992,0.0000000000000000,0.0000000000000000,0.0000000000000000,1.0000000000000000
M 0.6569476723670959,-0.0000000329555974,-0.7539361715316772,1.4437445402145386,0.0000000000000000,1.0000000000000000,-0.0000000437113883,0.0000000754981926,0.7539361715316772,0.0000000287160873,0.6569476723670959,-5.1729550361633301,0.0000000000000000,0.0000000000000000,0.0000000000000000,1.0000000000000000
M 0.6178596019744873,-0.0000000343697586,-0.7862884402275085,1.6618002653121948,0.0000000000000000,1.0000000000000000,-0.0000000437113883,0.0000000754981926,0.7862884402275085,0.0000000270075002,0.6178596019744873,-5.4193000793457031,0.0000000000000000,0.0000000000000000,0.0000000000000000,1.0000000000000000
M 0.5780356526374817,-0.0000000356689966,-0.8160114884376526,1.8871995210647583,0.0000000000000000,1.0000000000000000,-0.0000000437113883,0.0000000754981926,0.8160114884376526,0.0000000252667416,0.5780356526374817,-5.6495366096496582,0.0000000000000000,0.0000000000000000,0.0000000000000000,1.0000000000000000
M 0.5378884077072144,-0.0000000368494000,-0.8430160284042358,2.1173882484436035,0.0000000000000000,1.0000000000000000,-0.0000000437113883,0.0000000754981926,0.8430160284042358,0.0000000235118485,0.5378884077072144,-5.8626818656921387,0.0000000000000000,0.0000000000000000,0.0000000000000000,1.0000000000000000
M 0.4978445768356323,-0.0000000379094125,-0.8672662973403931,2.3496689796447754,0.0000000000000000,1.0000000000000000,-0.0000000437113883,0.0000000754981926,0.8672662973403931,0.0000000217614780,0.4978445768356323,-6.0580792427062988,0.0000000000000000,0.0000000000000000,0.0000000000000000,1.0000000000000000
M 0.4583394229412079,-0.0000000388496879,-0.8887772560119629,2.5812377929687500,0.0000000000000000,1.0000000000000000,-0.0000000437113883,0.0000000754981926,0.8887772560119629,0.0000000200346459,0.4583394229412079,-6.2353887557983398,0.0000000000000000,0.0000000000000000,0.0000000000000000,1.0000000000000000
M 0.4198085963726044,-0.0000000396730115,-0.9076126813888550,2.8092405796051025,0.0000000000000000,1.0000000000000000,-0.0000000437113883,0.0000000754981926,0.9076126813888550,0.0000000183504163,0.4198085963726044,-6.3945837020874023,0.0000000000000000,0.0000000000000000,0.0000000000000000,1.0000000000000000
M 0.3826835453510284,-0.0000000403840410,-0.9238795042037964,3.0308060646057129,0.0000000000000000,1.0000000000000000,-0.0000000437113883,0.0000000754981926,0.9238795042037964,0.0000000167276291,0.3826835453510284,-6.5359182357788086,0.0000000000000000,0.0000000000000000,0.0000000000000000,1.0000000000000000
M 0.3473858833312988,-0.0000000409891427,-0.9377222657203674,3.2430891990661621,0.0000000000000000,1.0000000000000000,-0.0000000437113883,0.0000000754981926,0.9377222657203674,0.0000000151847193,0.3473858833312988,-6.6598958969116211,0.0000000000000000,0.0000000000000000,0.0000000000000000,1.0000000000000000
M 0.3143238425254822,-0.0000000414959125,-0.9493158459663391,3.4432992935180664,0.0000000000000000,1.0000000000000000,-0.0000000437113883,0.0000000754981926,0.9493158459663391,0.0000000137395277,0.3143238425254822,-6.7672290802001953,0.0000000000000000,0.0000000000000000,0.0000000000000000,1.0000000000000000
M 0.2838898301124573,-0.0000000419129655,-0.9588568806648254,3.6287260055541992,0.0000000000000000,1.0000000000000000,-0.0000000437113883,0.0000000754981926,0.9588568806648254,0.0000000124092185,0.2838898301124573,-6.8587851524353027,0.0000000000000000,0.0000000000000000,0.0000000000000000,1.0000000000000000
M 0.2564581334590912,-0.0000000422494750,-0.9665553569793701,3.7967619895935059,0.0000000000000000,1.0000000000000000,-0.0000000437113883,0.0000000754981926,0.9665553569793701,0.0000000112101377,0.2564581334590912,-6.9355354309082031,0.0000000000000000,0.0000000000000000,0.0000000000000000,1.0000000000000000
M 0.2323844134807587,-0.0000000425147455,-0.9726240038871765,3.9449155330657959,0.0000000000000000,1.0000000000000000,-0.0000000437113883,0.0000000754981926,0.9726240038871765,0.0000000101578452,0.2323844134807587,-6.9984865188598633,0.0000000000000000,0.0000000000000000,0.0000000000000000,1.0000000000000000
M 0.2120069414377213,-0.0000000427177476,-0.9772681593894958,4.0708146095275879,0.0000000000000000,1.0000000000000000,-0.0000000437113883,0.0000000754981926,0.9772681593894958,0.0000000092671142,0.2120069414377213,-7.0486149787902832,0.0000000000000000,0.0000000000000000,0.0000000000000000,1.0000000000000000
M 0.1956465095281601,-0.0000000428666453,-0.9806745052337646,4.1722173690795898,0.0000000000000000,1.0000000000000000,-0.0000000437113883,0.0000000754981926,0.9806745052337646,0.0000000085519805,0.1956465095281601,-7.0867977142333984,0.0000000000000000,0.0000000000000000,0.0000000000000000,1.0000000000000000
M 0.1836083680391312,-0.0000000429682707,-0.9829994440078735,4.2470116615295410,0.0000000000000000,1.0000000000000000,-0.0000000437113883,0.0000000754981926,0.9829994440078735,0.0000000080257765,0.1836083680391312,-7.1137299537658691,0.0000000000000000,0.0000000000000000,0.0000000000000000,1.0000000000000000
M 0.1761827319860458,-0.0000000430276330,-0.9843574762344360,4.2932243347167969,0.0000000000000000,1.0000000000000000,-0.0000000437113883,0.0000000754981926,0.9843574762344360,0.0000000077011917,0.1761827319860458,-7.1298556327819824,0.0000000000000000,0.0000000000000000,0.0000000000000000,1.0000000000000000
M 0.1736482232809067,-0.0000000430473115,-0.9848077297210693,4.3090105056762695,0.0000000000000000,1.0000000000000000,-0.0000000437113883,0.0000000754981926,0.9848077297210693,0.0000000075904030,0.1736482232809067,-7.1352744102478027,0.0000000000000000,0.0000000000000000,0.0000000000000000,1.0000000000000000
M 0.1736482232809067,-0.0000000430473115,-0.9848077297210693,4.3090105056762695,0.0000000000000000,1.0000000000000000,-0.0000000437113883,0.0000000754981926,0.9848077297210693,0.0000000075904030,0.1736482232809067,-7.1352744102478027,0.0000000000000000,0.0000000000000000,0.0000000000000000,1.0000000000000000
M 0.1736482232809067,-0.0000000430473115,-0.9848077297210693,4.3090105056762695,0.0000000000000000,1.0000000000000000,-0.0000000437113883,0.0000000754981926,0.9848077297210693,0.0000000075904030,0.1736482232809067,-7.1352744102478027,0.0000000000000000,0.0000000000000000,0.0000000000000000,1.0000000000000000
M 0.1736482232809067,-0.0000000430473115,-0.9848077297210693,4.3090105056762695,0.0000000000000000,1.0000000000000000,-0.0000000437113883,0.0000000754981926,0.9848077297210693,0.0000000075904030,0.1736482232809067,-7.1352744102478027,0.0000000000000000,0.0000000000000000,0.0000000000000000,1.0000000000000000
M 0.1736482232809067,-0.0000000430473115,-0.9848077297210693,4.3090105056762695,0.0000000000000000,1.0000000000000000,-0.0000000437113883,0.0000000754981926,0.9848077297210693,0.0000000075904030,0.1736482232809067,-7.1352744102478027,0.0000000000000000,0.0000000000000000,0.0000000000000000,1.0000000000000000
M 0.1736482232809067,-0.0000000430473115,-0.9848077297210693,4.3090105056762695,0.0000000000000000,1.0000000000000000,-0.0000000437113883,0.0000000754981926,0.9848077297210693,0.0000000075904030,0.1736482232809067,-7.1352744102478027,0.0000000000000000,0.0000000000000000,0.0000000000000000,1.0000000000000000
M 0.1736482232809067,-0.0000000430473115,-0.9848077297210693,4.3090105056762695,0.0000000000000000,1.0000000000000000,-0.0000000437113883,0.0000000754981926,0.9848077297210693,0.0000000075904030,0.1736482232809067,-7.1352744102478027,0.0000000000000000,0.0000000000000000,0.0000000000000000,1.0000000000000000
M 0.1736482232809067,-0.0000000430473115,-0.9848077297210693,4.3090105056762695,0.0000000000000000,1.0000000000000000,-0.0000000437113883,0.0000000754981926,0.9848077297210693,0.0000000075904030,0.1736482232809067,-7.1352744102478027,0.0000000000000000,0.0000000000000000,0.0000000000000000,1.0000000000000000
M 0.1736482232809067,-0.0000000430473115,-0.9848077297210693,4.3090105056762695,0.0000000000000000,1.0000000000000000,-0.0000000437113883,0.0000000754981926,0.9848077297210693,0.0000000075904030,0.1736482232809067,-7.1352744102478027,0.0000000000000000,0.0000000000000000,0.0000000000000000,1.0000000000000000
M 0.1736482232809067,-0.0000000430473115,-0.9848077297210693,4.3090105056762695,0.0000000000000000,1.0000000000000000,-0.0000000437113883,0.0000000754981926,0.9848077297210693,0.0000000075904030,0.1736482232809067,-7.1352744102478027,0.0000000000000000,0.0000000000000000,0.0000000000000000,1.0000000000000000
M 0.1736482232809067,-0.0000000430473115,-0.9848077297210693,4.3090105056762695,0.0000000000000000,1.0000000000000000,-0.0000000437113883,0.0000000754981926,0.9848077297210693,0.0000000075904030,0.1736482232809067,-7.1352744102478027,0.0000000000000000,0.0000000000000000,0.0000000000000000,1.0000000000000000
M 0.1736482232809067,-0.0000000430473115,-0.9848077297210693,4.3090105056762695,0.0000000000000000,1.0000000000000000,-0.0000000437113883,0.0000000754981926,0.9848077297210693,0.0000000075904030,0.1736482232809067,-7.1352744102478027,0.0000000000000000,0.0000000000000000,0.0000000000000000,1.0000000000000000
M 0.1736482232809067,-0.0000000430473115,-0.9848077297210693,4.3090105056762695,0.0000000000000000,1.0000000000000000,-0.0000000437113883,0.0000000754981926,0.9848077297210693,0.0000000075904030,0.1736482232809067,-7.1352744102478027,0.0000000000000000,0.0000000000000000,0.0000000000000000,1.0000000000000000
M 0.1736482232809067,-0.0000000430473115,-0.9848077297210693,4.3090105056762695,0.0000000000000000,1.0000000000000000,-0.0000000437113883,0.0000000754981926,0.9848077297210693,0.0000000075904030,0.1736482232809067,-7.1352744102478027,0.0000000000000000,0.0000000000000000,0.0000000000000000,1.0000000000000000
M 0.1736482232809067,-0.0000000430473115,-0.9848077297210693,4.3090105056762695,0.0000000000000000,1.0000000000000000,-0.0000000437113883,0.0000000754981926,0.9848077297210693,0.0000000075904030,0.1736482232809067,-7.1352744102478027,0.0000000000000000,0.0000000000000000,0.0000000000000000,1.0000000000000000
M 0.1736482232809067,-0.0000000430473115,-0.9848077297210693,4.3090105056762695,0.0000000000000000,1.0000000000000000,-0.0000000437113883,0.0000000754981926,0.9848077297210693,0.0000000075904030,0.1736482232809067,-7.1352744102478027,0.0000000000000000,0.0000000000000000,0.0000000000000000,1.0000000000000000
M 0.1736482232809067,-0.0000000430473115,-0.9848077297210693,4.3090105056762695,0.0000000000000000,1.0000000000000000,-0.0000000437113883,0.0000000754981926,0.9848077297210693,0.0000000075904030,0.1736482232809067,-7.1352744102478027,0.0000000000000000,0.0000000000000000,0.0000000000000000,1.0000000000000000
M 0.1736482232809067,-0.0000000430473115,-0.9848077297210693,4.3090105056762695,0.0000000000000000,1.0000000000000000,-0.0000000437113883,0.0000000754981926,0.9848077297210693,0.0000000075904030,0.1736482232809067,-7.1352744102478027,0.0000000000000000,0.0000000000000000,0.0000000000000000,1.0000000000000000
M 0.1736482232809067,-0.0000000430473115,-0.9848077297210693,4.3090105056762695,0.0000000000000000,1.0000000000000000,-0.0000000437113883,0.0000000754981926,0.9848077297210693,0.0000000075904030,0.1736482232809067,-7.1352744102478027,0.0000000000000000,0.0000000000000000,0.0000000000000000,1.0000000000000000
M 0.1736482232809067,-0.0000000430473115,-0.9848077297210693,4.3090105056762695,0.0000000000000000,1.0000000000000000,-0.0000000437113883,0.0000000754981926,0.9848077297210693,0.0000000075904030,0.1736482232809067,-7.1352744102478027,0.0000000000000000,0.0000000000000000,0.0000000000000000,1.0000000000000000
M 0.1736482232809067,-0.0000000430473115,-0.9848077297210693,4.3090105056762695,0.0000000000000000,1.0000000000000000,-0.0000000437113883,0.0000000754981926,0.9848077297210693,0.0000000075904030,0.1736482232809067,-7.1352744102478027,0.0000000000000000,0.0000000000000000,0.0000000000000000,1.0000000000000000
O DOOR_1_INTERIOR_LCG_IL_mvp_tem2y
A DOOR_1_INTERIOR_LCG_IL_mvp_tem2y_DOOR_1_INTERIOR_LCG_IL_mvp_tem2y
M 1.0000000000000000,0.0000000000000000,0.0000000000000000,0.0000000000000000,0.0000000000000000,1.0000000000000000,-0.0000000437113883,0.0000000754981926,-0.0000000000000000,0.0000000437113883,1.0000000000000000,0.0000000277502465,0.0000000000000000,0.0000000000000000,0.0000000000000000,1.0000000000000000
M 1.0000000000000000,0.0000000000000000,0.0000000000000000,0.0000000000000000,0.0000000000000000,1.0000000000000000,-0.0000000437113883,0.0000000754981926,-0.0000000000000000,0.0000000437113883,1.0000000000000000,0.0000000277502465,0.0000000000000000,0.0000000000000000,0.0000000000000000,1.0000000000000000
M 1.0000000000000000,0.0000000000000000,0.0000000000000000,0.0000000000000000,0.0000000000000000,1.0000000000000000,-0.0000000437113883,0.0000000754981926,-0.0000000000000000,0.0000000437113883,1.0000000000000000,0.0000000277502465,0.0000000000000000,0.0000000000000000,0.0000000000000000,1.0000000000000000
M 1.0000000000000000,0.0000000000000000,0.0000000000000000,0.0000000000000000,0.0000000000000000,1.0000000000000000,-0.0000000437113883,0.0000000754981926,-0.0000000000000000,0.0000000437113883,1.0000000000000000,0.0000000277502465,0.0000000000000000,0.0000000000000000,0.0000000000000000,1.0000000000000000
M 1.0000000000000000,0.0000000000000000,0.0000000000000000,0.0000000000000000,0.0000000000000000,1.0000000000000000,-0.0000000437113883,0.0000000754981926,-0.0000000000000000,0.0000000437113883,1.0000000000000000,0.0000000277502465,0.0000000000000000,0.0000000000000000,0.0000000000000000,1.0000000000000000
M 1.0000000000000000,0.0000000000000000,0.0000000000000000,0.0000000000000000,0.0000000000000000,1.0000000000000000,-0.0000000437113883,0.0000000754981926,-0.0000000000000000,0.0000000437113883,1.0000000000000000,0.0000000277502465,0.0000000000000000,0.0000000000000000,0.0000000000000000,1.0000000000000000
M 1.0000000000000000,0.0000000000000000,0.0000000000000000,0.0000000000000000,0.0000000000000000,1.0000000000000000,-0.0000000437113883,0.0000000754981926,-0.0000000000000000,0.0000000437113883,1.0000000000000000,0.0000000277502465,0.0000000000000000,0.0000000000000000,0.0000000000000000,1.0000000000000000
M 1.0000000000000000,0.0000000000000000,0.0000000000000000,0.0000000000000000,0.0000000000000000,1.0000000000000000,-0.0000000437113883,0.0000000754981926,-0.0000000000000000,0.0000000437113883,1.0000000000000000,0.0000000277502465,0.0000000000000000,0.0000000000000000,0.0000000000000000,1.0000000000000000
M 1.0000000000000000,0.0000000000000000,0.0000000000000000,0.0000000000000000,0.0000000000000000,1.0000000000000000,-0.0000000437113883,0.0000000754981926,-0.0000000000000000,0.0000000437113883,1.0000000000000000,0.0000000277502465,0.0000000000000000,0.0000000000000000,0.0000000000000000,1.0000000000000000
M 1.0000000000000000,0.0000000000000000,0.0000000000000000,0.0000000000000000,0.0000000000000000,1.0000000000000000,-0.0000000437113883,0.0000000754981926,-0.0000000000000000,0.0000000437113883,1.0000000000000000,0.0000000277502465,0.0000000000000000,0.0000000000000000,0.0000000000000000,1.0000000000000000
M 1.0000000000000000,0.0000000000000000,0.0000000000000000,0.0000000000000000,0.0000000000000000,1.0000000000000000,-0.0000000437113883,0.0000000754981926,-0.0000000000000000,0.0000000437113883,1.0000000000000000,0.0000000277502465,0.0000000000000000,0.0000000000000000,0.0000000000000000,1.0000000000000000
M 1.0000000000000000,0.0000000000000000,0.0000000000000000,0.0000000000000000,0.0000000000000000,1.0000000000000000,-0.0000000437113883,0.0000000754981926,-0.0000000000000000,0.0000000437113883,1.0000000000000000,0.0000000277502465,0.0000000000000000,0.0000000000000000,0.0000000000000000,1.0000000000000000
M 1.0000000000000000,0.0000000000000000,0.0000000000000000,0.0000000000000000,0.0000000000000000,1.0000000000000000,-0.0000000437113883,0.0000000754981926,-0.0000000000000000,0.0000000437113883,1.0000000000000000,0.0000000277502465,0.0000000000000000,0.0000000000000000,0.0000000000000000,1.0000000000000000
M 1.0000000000000000,0.0000000000000000,0.0000000000000000,0.0000000000000000,0.0000000000000000,1.0000000000000000,-0.0000000437113883,0.0000000754981926,-0.0000000000000000,0.0000000437113883,1.0000000000000000,0.0000000277502465,0.0000000000000000,0.0000000000000000,0.0000000000000000,1.0000000000000000
M 1.0000000000000000,0.0000000000000000,0.0000000000000000,0.0000000000000000,0.0000000000000000,1.0000000000000000,-0.0000000437113883,0.0000000754981926,-0.0000000000000000,0.0000000437113883,1.0000000000000000,0.0000000277502465,0.0000000000000000,0.0000000000000000,0.0000000000000000,1.0000000000000000
M 1.0000000000000000,0.0000000000000000,0.0000000000000000,0.0000000000000000,0.0000000000000000,1.0000000000000000,-0.0000000437113883,0.0000000754981926,-0.0000000000000000,0.0000000437113883,1.0000000000000000,0.0000000277502465,0.0000000000000000,0.0000000000000000,0.0000000000000000,1.0000000000000000
M 1.0000000000000000,0.0000000000000000,0.0000000000000000,0.0000000000000000,0.0000000000000000,1.0000000000000000,-0.0000000437113883,0.0000000754981926,-0.0000000000000000,0.0000000437113883,1.0000000000000000,0.0000000277502465,0.0000000000000000,0.0000000000000000,0.0000000000000000,1.0000000000000000
M 1.0000000000000000,0.0000000000000000,0.0000000000000000,0.0000000000000000,0.0000000000000000,1.0000000000000000,-0.0000000437113883,0.0000000754981926,-0.0000000000000000,0.0000000437113883,1.0000000000000000,0.0000000277502465,0.0000000000000000,0.0000000000000000,0.0000000000000000,1.0000000000000000
M 1.0000000000000000,0.0000000000000000,0.0000000000000000,0.0000000000000000,0.0000000000000000,1.0000000000000000,-0.0000000437113883,0.0000000754981926,-0.0000000000000000,0.0000000437113883,1.0000000000000000,0.0000000277502465,0.0000000000000000,0.0000000000000000,0.0000000000000000,1.0000000000000000
M 1.0000000000000000,0.0000000000000000,0.0000000000000000,0.0000000000000000,0.0000000000000000,1.0000000000000000,-0.0000000437113883,0.0000000754981926,-0.0000000000000000,0.0000000437113883,1.0000000000000000,0.0000000277502465,0.0000000000000000,0.0000000000000000,0.0000000000000000,1.0000000000000000
M 0.9999966621398926,-0.0000000001125288,-0.0025743583682925,-0.0025528951082379,0.0000000000000000,1.0000000000000000,-0.0000000437113883,0.0000000754981926,0.0025743583682925,0.0000000437112426,0.9999966621398926,-0.0164952334016562,0.0000000000000000,0.0000000000000000,0.0000000000000000,1.0000000000000000
M 0.9999487400054932,-0.0000000004424789,-0.0101227378472686,-0.0097941746935248,0.0000000000000000,1.0000000000000000,-0.0000000437113883,0.0000000754981926,0.0101227378472686,0.0000000437091465,0.9999487400054932,-0.0649000182747841,0.0000000000000000,0.0000000000000000,0.0000000000000000,1.0000000000000000
M 0.9997494816780090,-0.0000000009783473,-0.0223819818347692,-0.0207768976688385,0.0000000000000000,1.0000000000000000,-0.0000000437113883,0.0000000754981926,0.0223819818347692,0.0000000437004388,0.9997494816780090,-0.1436350643634796,0.0000000000000000,0.0000000000000000,0.0000000000000000,1.0000000000000000
M 0.9992358684539795,-0.0000000017084778,-0.0390854254364967,-0.0341901294887066,0.0000000000000000,1.0000000000000000,-0.0000000437113883,0.0000000754981926,0.0390854254364967,0.0000000436779715,0.9992358684539795,-0.2511551082134247,0.0000000000000000,0.0000000000000000,0.0000000000000000,1.0000000000000000
M 0.9982007741928101,-0.0000000026209217,-0.0599597208201885,-0.0484334789216518,0.0000000000000000,1.0000000000000000,-0.0000000437113883,0.0000000754981926,0.0599597208201885,0.0000000436327419,0.9982007741928101,-0.3859161436557770,0.0000000000000000,0.0000000000000000,0.0000000000000000,1.0000000000000000
M 0.9964047074317932,-0.0000000037032872,-0.0847213342785835,-0.0616889558732510,0.0000000000000000,1.0000000000000000,-0.0000000437113883,0.0000000754981926,0.0847213342785835,0.0000000435542198,0.9964047074317932,-0.5463413596153259,0.0000000000000000,0.0000000000000000,0.0000000000000000,1.0000000000000000
M 0.9935866594314575,-0.0000000049425855,-0.1130731776356697,-0.0719876810908318,0.0000000000000000,1.0000000000000000,-0.0000000437113883,0.0000000754981926,0.1130731776356697,0.0000000434310508,0.9935866594314575,-0.7307882905006409,0.0000000000000000,0.0000000000000000,0.0000000000000000,1.0000000000000000
M 0.9894753098487854,-0.0000000063251080,-0.1447016000747681,-0.0772774517536163,0.0000000000000000,1.0000000000000000,-0.0000000437113883,0.0000000754981926,0.1447016000747681,0.0000000432513403,0.9894753098487854,-0.9375191926956177,0.0000000000000000,0.0000000000000000,0.0000000000000000,1.0000000000000000
M 0.9837990999221802,-0.0000000078363334,-0.1792744547128677,-0.0754871144890785,0.0000000000000000,1.0000000000000000,-0.0000000437113883,0.0000000754981926,0.1792744547128677,0.0000000430032259,0.9837990999221802,-1.1646777391433716,0.0000000000000000,0.0000000000000000,0.0000000000000000,1.0000000000000000
M 0.9762960076332092,-0.0000000094608730,-0.2164396196603775,-0.0645855739712715,0.0000000000000000,1.0000000000000000,-0.0000000437113883,0.0000000754981926,0.2164396196603775,0.0000000426752536,0.9762960076332092,-1.4102702140808105,0.0000000000000000,0.0000000000000000,0.0000000000000000,1.0000000000000000
M 0.9667230248451233,-0.0000000111824807,-0.2558254301548004,-0.0426443107426167,0.0000000000000000,1.0000000000000000,-0.0000000437113883,0.0000000754981926,0.2558254301548004,0.0000000422568043,0.9667230248451233,-1.6721584796905518,0.0000000000000000,0.0000000000000000,0.0000000000000000,1.0000000000000000
M 0.9548645615577698,-0.0000000129841009,-0.2970415949821472,-0.0078921355307102,0.0000000000000000,1.0000000000000000,-0.0000000437113883,0.0000000754981926,0.2970415949821472,0.0000000417384420,0.9548645615577698,-1.9480581283569336,0.0000000000000000,0.0000000000000000,0.0000000000000000,1.0000000000000000
M 0.9405403137207031,-0.0000000148479691,-0.3396820127964020,0.0412320047616959,0.0000000000000000,1.0000000000000000,-0.0000000437113883,0.0000000754981926,0.3396820127964020,0.0000000411123224,0.9405403137207031,-2.2355475425720215,0.0000000000000000,0.0000000000000000,0.0000000000000000,1.0000000000000000
M 0.9236121177673340,-0.0000000167558127,-0.3833283185958862,0.1060324013233185,0.0000000000000000,1.0000000000000000,-0.0000000437113883,0.0000000754981926,0.3833283185958862,0.0000000403723668,0.9236121177673340,-2.5320849418640137,0.0000000000000000,0.0000000000000000,0.0000000000000000,1.0000000000000000
M 0.9039893150329590,-0.0000000186890254,-0.4275550842285156,0.1875143200159073,0.0000000000000000,1.0000000000000000,-0.0000000437113883,0.0000000754981926,0.4275550842285156,0.0000000395146280,0.9039893150329590,-2.8350348472595215,0.0000000000000000,0.0000000000000000,0.0000000000000000,1.0000000000000000
M 0.8816331028938293,-0.0000000206289528,-0.4719354212284088,0.2863535284996033,0.0000000000000000,1.0000000000000000,-0.0000000437113883,0.0000000754981926,0.4719354212284088,0.0000000385374079,0.8816331028938293,-3.1417028903961182,0.0000000000000000,0.0000000000000000,0.0000000000000000,1.0000000000000000
M 0.8565599322319031,-0.0000000225571544,-0.5160475373268127,0.4028665125370026,0.0000000000000000,1.0000000000000000,-0.0000000437113883,0.0000000754981926,0.5160475373268127,0.0000000374414242,0.8565599322319031,-3.4493689537048340,0.0000000000000000,0.0000000000000000,0.0000000000000000,1.0000000000000000
M 0.8288423418998718,-0.0000000244557405,-0.5594822764396667,0.5369979143142700,0.0000000000000000,1.0000000000000000,-0.0000000437113883,0.0000000754981926,0.5594822764396667,0.0000000362298351,0.8288423418998718,-3.7553403377532959,0.0000000000000000,0.0000000000000000,0.0000000000000000,1.0000000000000000
M 0.7986092567443848,-0.0000000263076920,-0.6018498539924622,0.6883107423782349,0.0000000000000000,1.0000000000000000,-0.0000000437113883,0.0000000754981926,0.6018498539924622,0.0000000349083180,0.7986092567443848,-4.0569906234741211,0.0000000000000000,0.0000000000000000,0.0000000000000000,1.0000000000000000
M 0.7660444378852844,-0.0000000280971371,-0.6427875757217407,0.8559917211532593,0.0000000000000000,1.0000000000000000,-0.0000000437113883,0.0000000754981926,0.6427875757217407,0.0000000334848664,0.7660444378852844,-4.3518133163452148,0.0000000000000000,0.0000000000000000,0.0000000000000000,1.0000000000000000
M 0.7313835024833679,-0.0000000298096978,-0.6819663643836975,1.0388598442077637,0.0000000000000000,1.0000000000000000,-0.0000000437113883,0.0000000754981926,0.6819663643836975,0.0000000319697868,0.7313835024833679,-4.6374630928039551,0.0000000000000000,0.0000000000000000,0.0000000000000000,1.0000000000000000
M 0.6949093937873840,-0.0000000314327337,-0.7190973162651062,1.2353911399841309,0.0000000000000000,1.0000000000000000,-0.0000000437113883,0.0000000754981926,0.7190973162651062,0.0000000303754462,0.6949093937873840,-4.9118070602416992,0.0000000000000000,0.0000000000000000,0.0000000000000000,1.0000000000000000
M 0.6569476723670959,-0.0000000329555974,-0.7539361715316772,1.4437445402145386,0.0000000000000000,1.0000000000000000,-0.0000000437113883,0.0000000754981926,0.7539361715316772,0.0000000287160873,0.6569476723670959,-5.1729555130004883,0.0000000000000000,0.0000000000000000,0.0000000000000000,1.0000000000000000
M 0.6178596019744873,-0.0000000343697586,-0.7862884402275085,1.6618002653121948,0.0000000000000000,1.0000000000000000,-0.0000000437113883,0.0000000754981926,0.7862884402275085,0.0000000270075002,0.6178596019744873,-5.4193000793457031,0.0000000000000000,0.0000000000000000,0.0000000000000000,1.0000000000000000
M 0.5780356526374817,-0.0000000356689966,-0.8160114884376526,1.8871995210647583,0.0000000000000000,1.0000000000000000,-0.0000000437113883,0.0000000754981926,0.8160114884376526,0.0000000252667416,0.5780356526374817,-5.6495366096496582,0.0000000000000000,0.0000000000000000,0.0000000000000000,1.0000000000000000
M 0.5378884077072144,-0.0000000368494000,-0.8430160284042358,2.1173882484436035,0.0000000000000000,1.0000000000000000,-0.0000000437113883,0.0000000754981926,0.8430160284042358,0.0000000235118485,0.5378884077072144,-5.8626818656921387,0.0000000000000000,0.0000000000000000,0.0000000000000000,1.0000000000000000
M 0.4978445768356323,-0.0000000379094125,-0.8672662973403931,2.3496689796447754,0.0000000000000000,1.0000000000000000,-0.0000000437113883,0.0000000754981926,0.8672662973403931,0.0000000217614780,0.4978445768356323,-6.0580787658691406,0.0000000000000000,0.0000000000000000,0.0000000000000000,1.0000000000000000
M 0.4583394229412079,-0.0000000388496879,-0.8887772560119629,2.5812377929687500,0.0000000000000000,1.0000000000000000,-0.0000000437113883,0.0000000754981926,0.8887772560119629,0.0000000200346459,0.4583394229412079,-6.2353887557983398,0.0000000000000000,0.0000000000000000,0.0000000000000000,1.0000000000000000
