O DOOR_2_TOGGLE_CG_Door2_mvp_tem2y
A DOOR_2_TOGGLE_CG_Door2_mvp_tem2y_DOOR_2_TOGGLE_CG_Door2_mvp_tem2y
M 1.0000000000000000,0.0000000000000000,0.0000000000000000,0.0000000000000000,0.0000000000000000,1.0000000000000000,-0.0000000437113883,-0.0000000754975673,-0.0000000000000000,0.0000000437113883,1.0000000000000000,-0.0000000318544835,0.0000000000000000,0.0000000000000000,0.0000000000000000,1.0000000000000000
M 1.0000000000000000,0.0000000000000000,0.0000000000000000,0.0000000000000000,0.0000000000000000,1.0000000000000000,-0.0000000437113883,-0.0000000754975673,-0.0000000000000000,0.0000000437113883,1.0000000000000000,-0.0000000318544835,0.0000000000000000,0.0000000000000000,0.0000000000000000,1.0000000000000000
M 1.0000000000000000,0.0000000000000000,0.0000000000000000,0.0000000000000000,0.0000000000000000,1.0000000000000000,-0.0000000437113883,-0.0000000754975673,-0.0000000000000000,0.0000000437113883,1.0000000000000000,-0.0000000318544835,0.0000000000000000,0.0000000000000000,0.0000000000000000,1.0000000000000000
M 1.0000000000000000,0.0000000000000000,0.0000000000000000,0.0000000000000000,0.0000000000000000,1.0000000000000000,-0.0000000437113883,-0.0000000754975673,-0.0000000000000000,0.0000000437113883,1.0000000000000000,-0.0000000318544835,0.0000000000000000,0.0000000000000000,0.0000000000000000,1.0000000000000000
M 1.0000000000000000,0.0000000000000000,0.0000000000000000,0.0000000000000000,0.0000000000000000,1.0000000000000000,-0.0000000437113883,-0.0000000754975673,-0.0000000000000000,0.0000000437113883,1.0000000000000000,-0.0000000318544835,0.0000000000000000,0.0000000000000000,0.0000000000000000,1.0000000000000000
M 1.0000000000000000,0.0000000000000000,0.0000000000000000,0.0000000000000000,0.0000000000000000,1.0000000000000000,-0.0000000437113883,-0.0000000754975673,-0.0000000000000000,0.0000000437113883,1.0000000000000000,-0.0000000318544835,0.0000000000000000,0.0000000000000000,0.0000000000000000,1.0000000000000000
M 1.0000000000000000,0.0000000000000000,0.0000000000000000,0.0000000000000000,0.0000000000000000,1.0000000000000000,-0.0000000437113883,-0.0000000754975673,-0.0000000000000000,0.0000000437113883,1.0000000000000000,-0.0000000318544835,0.0000000000000000,0.0000000000000000,0.0000000000000000,1.0000000000000000
M 1.0000000000000000,0.0000000000000000,0.0000000000000000,0.0000000000000000,0.0000000000000000,1.0000000000000000,-0.0000000437113883,-0.0000000754975673,-0.0000000000000000,0.0000000437113883,1.0000000000000000,-0.0000000318544835,0.0000000000000000,0.0000000000000000,0.0000000000000000,1.0000000000000000
M 1.0000000000000000,0.0000000000000000,0.0000000000000000,0.0000000000000000,0.0000000000000000,1.0000000000000000,-0.0000000437113883,-0.0000000754975673,-0.0000000000000000,0.0000000437113883,1.0000000000000000,-0.0000000318544835,0.0000000000000000,0.0000000000000000,0.0000000000000000,1.0000000000000000
M 1.0000000000000000,0.0000000000000000,0.0000000000000000,0.0000000000000000,0.0000000000000000,1.0000000000000000,-0.0000000437113883,-0.0000000754975673,-0.0000000000000000,0.0000000437113883,1.0000000000000000,-0.0000000318544835,0.0000000000000000,0.0000000000000000,0.0000000000000000,1.0000000000000000
M 1.0000000000000000,0.0000000000000000,0.0000000000000000,0.0000000000000000,0.0000000000000000,1.0000000000000000,-0.0000000437113883,-0.0000000754975673,-0.0000000000000000,0.0000000437113883,1.0000000000000000,-0.0000000318544835,0.0000000000000000,0.0000000000000000,0.0000000000000000,1.0000000000000000
M 1.0000000000000000,0.0000000000000000,0.0000000000000000,0.0000000000000000,0.0000000000000000,1.0000000000000000,-0.0000000437113883,-0.0000000754975673,-0.0000000000000000,0.0000000437113883,1.0000000000000000,-0.0000000318544835,0.0000000000000000,0.0000000000000000,0.0000000000000000,1.0000000000000000
M 1.0000000000000000,0.0000000000000000,0.0000000000000000,0.0000000000000000,0.0000000000000000,1.0000000000000000,-0.0000000437113883,-0.0000000754975673,-0.0000000000000000,0.0000000437113883,1.0000000000000000,-0.0000000318544835,0.0000000000000000,0.0000000000000000,0.0000000000000000,1.0000000000000000
M 1.0000000000000000,0.0000000000000000,0.0000000000000000,0.0000000000000000,0.0000000000000000,1.0000000000000000,-0.0000000437113883,-0.0000000754975673,-0.0000000000000000,0.0000000437113883,1.0000000000000000,-0.0000000318544835,0.0000000000000000,0.0000000000000000,0.0000000000000000,1.0000000000000000
M 1.0000000000000000,0.0000000000000000,0.0000000000000000,0.0000000000000000,0.0000000000000000,1.0000000000000000,-0.0000000437113883,-0.0000000754975673,-0.0000000000000000,0.0000000437113883,1.0000000000000000,-0.0000000318544835,0.0000000000000000,0.0000000000000000,0.0000000000000000,1.0000000000000000
M 1.0000000000000000,0.0000000000000000,0.0000000000000000,0.0000000000000000,0.0000000000000000,1.0000000000000000,-0.0000000437113883,-0.0000000754975673,-0.0000000000000000,0.0000000437113883,1.0000000000000000,-0.0000000318544835,0.0000000000000000,0.0000000000000000,0.0000000000000000,1.0000000000000000
M 1.0000000000000000,0.0000000000000000,0.0000000000000000,0.0000000000000000,0.0000000000000000,1.0000000000000000,-0.0000000437113883,-0.0000000754975673,-0.0000000000000000,0.0000000437113883,1.0000000000000000,-0.0000000318544835,0.0000000000000000,0.0000000000000000,0.0000000000000000,1.0000000000000000
M 1.0000000000000000,0.0000000000000000,0.0000000000000000,0.0000000000000000,0.0000000000000000,1.0000000000000000,-0.0000000437113883,-0.0000000754975673,-0.0000000000000000,0.0000000437113883,1.0000000000000000,-0.0000000318544835,0.0000000000000000,0.0000000000000000,0.0000000000000000,1.0000000000000000
M 1.0000000000000000,0.0000000000000000,0.0000000000000000,0.0000000000000000,0.0000000000000000,1.0000000000000000,-0.0000000437113883,-0.0000000754975673,-0.0000000000000000,0.0000000437113883,1.0000000000000000,-0.0000000318544835,0.0000000000000000,0.0000000000000000,0.0000000000000000,1.0000000000000000
M 1.0000000000000000,0.0000000000000000,0.0000000000000000,0.0000000000000000,0.0000000000000000,1.0000000000000000,-0.0000000437113883,-0.0000000754975673,-0.0000000000000000,0.0000000437113883,1.0000000000000000,-0.0000000318544835,0.0000000000000000,0.0000000000000000,0.0000000000000000,1.0000000000000000
M 0.9999966621398926,-0.0000000001125288,-0.0025743583682925,0.0025891463737935,0.0000000000000000,1.0000000000000000,-0.0000000437113883,-0.0000000754975673,0.0025743583682925,0.0000000437112426,0.9999966621398926,-0.0115008577704430,0.0000000000000000,0.0000000000000000,0.0000000000000000,1.0000000000000000
M 0.9999487400054932,-0.0000000004424789,-0.0101227378472686,0.0103516438975930,0.0000000000000000,1.0000000000000000,-0.0000000437113883,-0.0000000754975673,0.0101227378472686,0.0000000437091465,0.9999487400054932,-0.0451847575604916,0.0000000000000000,0.0000000000000000,0.0000000000000000,1.0000000000000000
M 0.9997494816780090,-0.0000000009783473,-0.0223819818347692,0.0235016494989395,0.0000000000000000,1.0000000000000000,-0.0000000437113883,-0.0000000754975673,0.0223819818347692,0.0000000437004388,0.9997494816780090,-0.0997689962387085,0.0000000000000000,0.0000000000000000,0.0000000000000000,1.0000000000000000
M 0.9992358684539795,-0.0000000017084778,-0.0390854254364967,0.0425001494586468,0.0000000000000000,1.0000000000000000,-0.0000000437113883,-0.0000000754975673,0.0390854254364967,0.0000000436779715,0.9992358684539795,-0.1738988906145096,0.0000000000000000,0.0000000000000000,0.0000000000000000,1.0000000000000000
M 0.9982007741928101,-0.0000000026209217,-0.0599597208201885,0.0680002942681313,0.0000000000000000,1.0000000000000000,-0.0000000437113883,-0.0000000754975673,0.0599597208201885,0.0000000436327419,0.9982007741928101,-0.2661457955837250,0.0000000000000000,0.0000000000000000,0.0000000000000000,1.0000000000000000
M 0.9964047074317932,-0.0000000037032872,-0.0847213342785835,0.1007880866527557,0.0000000000000000,1.0000000000000000,-0.0000000437113883,-0.0000000754975673,0.0847213342785835,0.0000000435542198,0.9964047074317932,-0.3750031888484955,0.0000000000000000,0.0000000000000000,0.0000000000000000,1.0000000000000000
M 0.9935866594314575,-0.0000000049425855,-0.1130731776356697,0.1417332738637924,0.0000000000000000,1.0000000000000000,-0.0000000437113883,-0.0000000754975673,0.1130731776356697,0.0000000434310508,0.9935866594314575,-0.4988824427127838,0.0000000000000000,0.0000000000000000,0.0000000000000000,1.0000000000000000
M 0.9894753098487854,-0.0000000063251080,-0.1447016000747681,0.1917343139648438,0.0000000000000000,1.0000000000000000,-0.0000000437113883,-0.0000000754975673,0.1447016000747681,0.0000000432513403,0.9894753098487854,-0.6361106038093567,0.0000000000000000,0.0000000000000000,0.0000000000000000,1.0000000000000000
M 0.9837990999221802,-0.0000000078363334,-0.1792744547128677,0.2516725957393646,0.0000000000000000,1.0000000000000000,-0.0000000437113883,-0.0000000754975673,0.1792744547128677,0.0000000430032259,0.9837990999221802,-0.7849317789077759,0.0000000000000000,0.0000000000000000,0.0000000000000000,1.0000000000000000
M 0.9762960076332092,-0.0000000094608730,-0.2164396196603775,0.3223671317100525,0.0000000000000000,1.0000000000000000,-0.0000000437113883,-0.0000000754975673,0.2164396196603775,0.0000000426752536,0.9762960076332092,-0.9435104727745056,0.0000000000000000,0.0000000000000000,0.0000000000000000,1.0000000000000000
M 0.9667230248451233,-0.0000000111824807,-0.2558254301548004,0.4045324623584747,0.0000000000000000,1.0000000000000000,-0.0000000437113883,-0.0000000754975673,0.2558254301548004,0.0000000422568043,0.9667230248451233,-1.1099429130554199,0.0000000000000000,0.0000000000000000,0.0000000000000000,1.0000000000000000
M 0.9548645615577698,-0.0000000129841009,-0.2970415949821472,0.4987410902976990,0.0000000000000000,1.0000000000000000,-0.0000000437113883,-0.0000000754975673,0.2970415949821472,0.0000000417384420,0.9548645615577698,-1.2822691202163696,0.0000000000000000,0.0000000000000000,0.0000000000000000,1.0000000000000000
M 0.9405403137207031,-0.0000000148479691,-0.3396820127964020,0.6053931713104248,0.0000000000000000,1.0000000000000000,-0.0000000437113883,-0.0000000754975673,0.3396820127964020,0.0000000411123224,0.9405403137207031,-1.4584941864013672,0.0000000000000000,0.0000000000000000,0.0000000000000000,1.0000000000000000
M 0.9236121177673340,-0.0000000167558127,-0.3833283185958862,0.7246874570846558,0.0000000000000000,1.0000000000000000,-0.0000000437113883,-0.0000000754975673,0.3833283185958862,0.0000000403723668,0.9236121177673340,-1.6366103887557983,0.0000000000000000,0.0000000000000000,0.0000000000000000,1.0000000000000000
M 0.9039893150329590,-0.0000000186890254,-0.4275550842285156,0.8566036820411682,0.0000000000000000,1.0000000000000000,-0.0000000437113883,-0.0000000754975673,0.4275550842285156,0.0000000395146280,0.9039893150329590,-1.8146258592605591,0.0000000000000000,0.0000000000000000,0.0000000000000000,1.0000000000000000
M 0.8816331028938293,-0.0000000206289528,-0.4719354212284088,1.0008887052536011,0.0000000000000000,1.0000000000000000,-0.0000000437113883,-0.0000000754975673,0.4719354212284088,0.0000000385374079,0.8816331028938293,-1.9905941486358643,0.0000000000000000,0.0000000000000000,0.0000000000000000,1.0000000000000000
M 0.8565599322319031,-0.0000000225571544,-0.5160475373268127,1.1570466756820679,0.0000000000000000,1.0000000000000000,-0.0000000437113883,-0.0000000754975673,0.5160475373268127,0.0000000374414242,0.8565599322319031,-2.1626470088958740,0.0000000000000000,0.0000000000000000,0.0000000000000000,1.0000000000000000
M 0.8288423418998718,-0.0000000244557405,-0.5594822764396667,1.3243445158004761,0.0000000000000000,1.0000000000000000,-0.0000000437113883,-0.0000000754975673,0.5594822764396667,0.0000000362298351,0.8288423418998718,-2.3290283679962158,0.0000000000000000,0.0000000000000000,0.0000000000000000,1.0000000000000000
M 0.7986092567443848,-0.0000000263076920,-0.6018498539924622,1.5018160343170166,0.0000000000000000,1.0000000000000000,-0.0000000437113883,-0.0000000754975673,0.6018498539924622,0.0000000349083180,0.7986092567443848,-2.4881253242492676,0.0000000000000000,0.0000000000000000,0.0000000000000000,1.0000000000000000
M 0.7660444378852844,-0.0000000280971371,-0.6427875757217407,1.6882779598236084,0.0000000000000000,1.0000000000000000,-0.0000000437113883,-0.0000000754975673,0.6427875757217407,0.0000000334848664,0.7660444378852844,-2.6385009288787842,0.0000000000000000,0.0000000000000000,0.0000000000000000,1.0000000000000000
M 0.7313835024833679,-0.0000000298096978,-0.6819663643836975,1.8823480606079102,0.0000000000000000,1.0000000000000000,-0.0000000437113883,-0.0000000754975673,0.6819663643836975,0.0000000319697868,0.7313835024833679,-2.7789199352264404,0.0000000000000000,0.0000000000000000,0.0000000000000000,1.0000000000000000
M 0.6949093937873840,-0.0000000314327337,-0.7190973162651062,2.0824728012084961,0.0000000000000000,1.0000000000000000,-0.0000000437113883,-0.0000000754975673,0.7190973162651062,0.0000000303754462,0.6949093937873840,-2.9083747863769531,0.0000000000000000,0.0000000000000000,0.0000000000000000,1.0000000000000000
M 0.6569476723670959,-0.0000000329555974,-0.7539361715316772,2.2869529724121094,0.0000000000000000,1.0000000000000000,-0.0000000437113883,-0.0000000754975673,0.7539361715316772,0.0000000287160873,0.6569476723670959,-3.0260992050170898,0.0000000000000000,0.0000000000000000,0.0000000000000000,1.0000000000000000
M 0.6178596019744873,-0.0000000343697586,-0.7862884402275085,2.4939804077148438,0.0000000000000000,1.0000000000000000,-0.0000000437113883,-0.0000000754975673,0.7862884402275085,0.0000000270075002,0.6178596019744873,-3.1315851211547852,0.0000000000000000,0.0000000000000000,0.0000000000000000,1.0000000000000000
M 0.5780356526374817,-0.0000000356689966,-0.8160114884376526,2.7016668319702148,0.0000000000000000,1.0000000000000000,-0.0000000437113883,-0.0000000754975673,0.8160114884376526,0.0000000252667416,0.5780356526374817,-3.2245860099792480,0.0000000000000000,0.0000000000000000,0.0000000000000000,1.0000000000000000
M 0.5378884077072144,-0.0000000368494000,-0.8430160284042358,2.9080791473388672,0.0000000000000000,1.0000000000000000,-0.0000000437113883,-0.0000000754975673,0.8430160284042358,0.0000000235118485,0.5378884077072144,-3.3051152229309082,0.0000000000000000,0.0000000000000000,0.0000000000000000,1.0000000000000000
M 0.4978445768356323,-0.0000000379094125,-0.8672662973403931,3.1112754344940186,0.0000000000000000,1.0000000000000000,-0.0000000437113883,-0.0000000754975673,0.8672662973403931,0.0000000217614780,0.4978445768356323,-3.3734397888183594,0.0000000000000000,0.0000000000000000,0.0000000000000000,1.0000000000000000
M 0.4583394229412079,-0.0000000388496879,-0.8887772560119629,3.3093252182006836,0.0000000000000000,1.0000000000000000,-0.0000000437113883,-0.0000000754975673,0.8887772560119629,0.0000000200346459,0.4583394229412079,-3.4300613403320312,0.0000000000000000,0.0000000000000000,0.0000000000000000,1.0000000000000000
M 0.4198085963726044,-0.0000000396730115,-0.9076126813888550,3.5003452301025391,0.0000000000000000,1.0000000000000000,-0.0000000437113883,-0.0000000754975673,0.9076126813888550,0.0000000183504163,0.4198085963726044,-3.4757015705108643,0.0000000000000000,0.0000000000000000,0.0000000000000000,1.0000000000000000
M 0.3826835453510284,-0.0000000403840410,-0.9238795042037964,3.6825146675109863,0.0000000000000000,1.0000000000000000,-0.0000000437113883,-0.0000000754975673,0.9238795042037964,0.0000000167276291,0.3826835453510284,-3.5112688541412354,0.0000000000000000,0.0000000000000000,0.0000000000000000,1.0000000000000000
M 0.3473858833312988,-0.0000000409891427,-0.9377222657203674,3.8540937900543213,0.0000000000000000,1.0000000000000000,-0.0000000437113883,-0.0000000754975673,0.9377222657203674,0.0000000151847193,0.3473858833312988,-3.5378308296203613,0.0000000000000000,0.0000000000000000,0.0000000000000000,1.0000000000000000
M 0.3143238425254822,-0.0000000414959125,-0.9493158459663391,4.0134334564208984,0.0000000000000000,1.0000000000000000,-0.0000000437113883,-0.0000000754975673,0.9493158459663391,0.0000000137395277,0.3143238425254822,-3.5565774440765381,0.0000000000000000,0.0000000000000000,0.0000000000000000,1.0000000000000000
M 0.2838898301124573,-0.0000000419129655,-0.9588568806648254,4.1589765548706055,0.0000000000000000,1.0000000000000000,-0.0000000437113883,-0.0000000754975673,0.9588568806648254,0.0000000124092185,0.2838898301124573,-3.5687797069549561,0.0000000000000000,0.0000000000000000,0.0000000000000000,1.0000000000000000
M 0.2564581334590912,-0.0000000422494750,-0.9665553569793701,4.2892603874206543,0.0000000000000000,1.0000000000000000,-0.0000000437113883,-0.0000000754975673,0.9665553569793701,0.0000000112101377,0.2564581334590912,-3.5757508277893066,0.0000000000000000,0.0000000000000000,0.0000000000000000,1.0000000000000000
M 0.2323844134807587,-0.0000000425147455,-0.9726240038871765,4.4029083251953125,0.0000000000000000,1.0000000000000000,-0.0000000437113883,-0.0000000754975673,0.9726240038871765,0.0000000101578452,0.2323844134807587,-3.5787961483001709,0.0000000000000000,0.0000000000000000,0.0000000000000000,1.0000000000000000
M 0.2120069414377213,-0.0000000427177476,-0.9772681593894958,4.4986143112182617,0.0000000000000000,1.0000000000000000,-0.0000000437113883,-0.0000000754975673,0.9772681593894958,0.0000000092671142,0.2120069414377213,-3.5791721343994141,0.0000000000000000,0.0000000000000000,0.0000000000000000,1.0000000000000000
M 0.1956465095281601,-0.0000000428666453,-0.9806745052337646,4.5751314163208008,0.0000000000000000,1.0000000000000000,-0.0000000437113883,-0.0000000754975673,0.9806745052337646,0.0000000085519805,0.1956465095281601,-3.5780336856842041,0.0000000000000000,0.0000000000000000,0.0000000000000000,1.0000000000000000
M 0.1836083680391312,-0.0000000429682707,-0.9829994440078735,4.6312518119812012,0.0000000000000000,1.0000000000000000,-0.0000000437113883,-0.0000000754975673,0.9829994440078735,0.0000000080257765,0.1836083680391312,-3.5763852596282959,0.0000000000000000,0.0000000000000000,0.0000000000000000,1.0000000000000000
M 0.1761827319860458,-0.0000000430276330,-0.9843574762344360,4.6657934188842773,0.0000000000000000,1.0000000000000000,-0.0000000437113883,-0.0000000754975673,0.9843574762344360,0.0000000077011917,0.1761827319860458,-3.5750284194946289,0.0000000000000000,0.0000000000000000,0.0000000000000000,1.0000000000000000
M 0.1736482232809067,-0.0000000430473115,-0.9848077297210693,4.6775693893432617,0.0000000000000000,1.0000000000000000,-0.0000000437113883,-0.0000000754975673,0.9848077297210693,0.0000000075904030,0.1736482232809067,-3.5745055675506592,0.0000000000000000,0.0000000000000000,0.0000000000000000,1.0000000000000000
M 0.1736482232809067,-0.0000000430473115,-0.9848077297210693,4.6775693893432617,0.0000000000000000,1.0000000000000000,-0.0000000437113883,-0.0000000754975673,0.9848077297210693,0.0000000075904030,0.1736482232809067,-3.5745055675506592,0.0000000000000000,0.0000000000000000,0.0000000000000000,1.0000000000000000
M 0.1736482232809067,-0.0000000430473115,-0.9848077297210693,4.6775693893432617,0.0000000000000000,1.0000000000000000,-0.0000000437113883,-0.0000000754975673,0.9848077297210693,0.0000000075904030,0.1736482232809067,-3.5745055675506592,0.0000000000000000,0.0000000000000000,0.0000000000000000,1.0000000000000000
M 0.1736482232809067,-0.0000000430473115,-0.9848077297210693,4.6775693893432617,0.0000000000000000,1.0000000000000000,-0.0000000437113883,-0.0000000754975673,0.9848077297210693,0.0000000075904030,0.1736482232809067,-3.5745055675506592,0.0000000000000000,0.0000000000000000,0.0000000000000000,1.0000000000000000
M 0.1736482232809067,-0.0000000430473115,-0.9848077297210693,4.6775693893432617,0.0000000000000000,1.0000000000000000,-0.0000000437113883,-0.0000000754975673,0.9848077297210693,0.0000000075904030,0.1736482232809067,-3.5745055675506592,0.0000000000000000,0.0000000000000000,0.0000000000000000,1.0000000000000000
M 0.1736482232809067,-0.0000000430473115,-0.9848077297210693,4.6775693893432617,0.0000000000000000,1.0000000000000000,-0.0000000437113883,-0.0000000754975673,0.9848077297210693,0.0000000075904030,0.1736482232809067,-3.5745055675506592,0.0000000000000000,0.0000000000000000,0.0000000000000000,1.0000000000000000
M 0.1736482232809067,-0.0000000430473115,-0.9848077297210693,4.6775693893432617,0.0000000000000000,1.0000000000000000,-0.0000000437113883,-0.0000000754975673,0.9848077297210693,0.0000000075904030,0.1736482232809067,-3.5745055675506592,0.0000000000000000,0.0000000000000000,0.0000000000000000,1.0000000000000000
M 0.1736482232809067,-0.0000000430473115,-0.9848077297210693,4.6775693893432617,0.0000000000000000,1.0000000000000000,-0.0000000437113883,-0.0000000754975673,0.9848077297210693,0.0000000075904030,0.1736482232809067,-3.5745055675506592,0.0000000000000000,0.0000000000000000,0.0000000000000000,1.0000000000000000
M 0.1736482232809067,-0.0000000430473115,-0.9848077297210693,4.6775693893432617,0.0000000000000000,1.0000000000000000,-0.0000000437113883,-0.0000000754975673,0.9848077297210693,0.0000000075904030,0.1736482232809067,-3.5745055675506592,0.0000000000000000,0.0000000000000000,0.0000000000000000,1.0000000000000000
M 0.1736482232809067,-0.0000000430473115,-0.9848077297210693,4.6775693893432617,0.0000000000000000,1.0000000000000000,-0.0000000437113883,-0.0000000754975673,0.9848077297210693,0.0000000075904030,0.1736482232809067,-3.5745055675506592,0.0000000000000000,0.0000000000000000,0.0000000000000000,1.0000000000000000
M 0.1736482232809067,-0.0000000430473115,-0.9848077297210693,4.6775693893432617,0.0000000000000000,1.0000000000000000,-0.0000000437113883,-0.0000000754975673,0.9848077297210693,0.0000000075904030,0.1736482232809067,-3.5745055675506592,0.0000000000000000,0.0000000000000000,0.0000000000000000,1.0000000000000000
M 0.1736482232809067,-0.0000000430473115,-0.9848077297210693,4.6775693893432617,0.0000000000000000,1.0000000000000000,-0.0000000437113883,-0.0000000754975673,0.9848077297210693,0.0000000075904030,0.1736482232809067,-3.5745055675506592,0.0000000000000000,0.0000000000000000,0.0000000000000000,1.0000000000000000
M 0.1736482232809067,-0.0000000430473115,-0.9848077297210693,4.6775693893432617,0.0000000000000000,1.0000000000000000,-0.0000000437113883,-0.0000000754975673,0.9848077297210693,0.0000000075904030,0.1736482232809067,-3.5745055675506592,0.0000000000000000,0.0000000000000000,0.0000000000000000,1.0000000000000000
M 0.1736482232809067,-0.0000000430473115,-0.9848077297210693,4.6775693893432617,0.0000000000000000,1.0000000000000000,-0.0000000437113883,-0.0000000754975673,0.9848077297210693,0.0000000075904030,0.1736482232809067,-3.5745055675506592,0.0000000000000000,0.0000000000000000,0.0000000000000000,1.0000000000000000
M 0.1736482232809067,-0.0000000430473115,-0.9848077297210693,4.6775693893432617,0.0000000000000000,1.0000000000000000,-0.0000000437113883,-0.0000000754975673,0.9848077297210693,0.0000000075904030,0.1736482232809067,-3.5745055675506592,0.0000000000000000,0.0000000000000000,0.0000000000000000,1.0000000000000000
M 0.1736482232809067,-0.0000000430473115,-0.9848077297210693,4.6775693893432617,0.0000000000000000,1.0000000000000000,-0.0000000437113883,-0.0000000754975673,0.9848077297210693,0.0000000075904030,0.1736482232809067,-3.5745055675506592,0.0000000000000000,0.0000000000000000,0.0000000000000000,1.0000000000000000
M 0.1736482232809067,-0.0000000430473115,-0.9848077297210693,4.6775693893432617,0.0000000000000000,1.0000000000000000,-0.0000000437113883,-0.0000000754975673,0.9848077297210693,0.0000000075904030,0.1736482232809067,-3.5745055675506592,0.0000000000000000,0.0000000000000000,0.0000000000000000,1.0000000000000000
M 0.1736482232809067,-0.0000000430473115,-0.9848077297210693,4.6775693893432617,0.0000000000000000,1.0000000000000000,-0.0000000437113883,-0.0000000754975673,0.9848077297210693,0.0000000075904030,0.1736482232809067,-3.5745055675506592,0.0000000000000000,0.0000000000000000,0.0000000000000000,1.0000000000000000
M 0.1736482232809067,-0.0000000430473115,-0.9848077297210693,4.6775693893432617,0.0000000000000000,1.0000000000000000,-0.0000000437113883,-0.0000000754975673,0.9848077297210693,0.0000000075904030,0.1736482232809067,-3.5745055675506592,0.0000000000000000,0.0000000000000000,0.0000000000000000,1.0000000000000000
M 0.1736482232809067,-0.0000000430473115,-0.9848077297210693,4.6775693893432617,0.0000000000000000,1.0000000000000000,-0.0000000437113883,-0.0000000754975673,0.9848077297210693,0.0000000075904030,0.1736482232809067,-3.5745055675506592,0.0000000000000000,0.0000000000000000,0.0000000000000000,1.0000000000000000
M 0.1736482232809067,-0.0000000430473115,-0.9848077297210693,4.6775693893432617,0.0000000000000000,1.0000000000000000,-0.0000000437113883,-0.0000000754975673,0.9848077297210693,0.0000000075904030,0.1736482232809067,-3.5745055675506592,0.0000000000000000,0.0000000000000000,0.0000000000000000,1.0000000000000000
O DOOR_2_INTERIOR_LCG_IL_mvp_tem2y
A DOOR_2_INTERIOR_LCG_IL_mvp_tem2y_DOOR_2_INTERIOR_LCG_IL_mvp_tem2y
M 1.0000000000000000,0.0000000000000000,0.0000000000000000,0.0000000000000000,0.0000000000000000,1.0000000000000000,-0.0000000437113883,-0.0000000754975673,-0.0000000000000000,0.0000000437113883,1.0000000000000000,-0.0000000318544835,0.0000000000000000,0.0000000000000000,0.0000000000000000,1.0000000000000000
M 1.0000000000000000,0.0000000000000000,0.0000000000000000,0.0000000000000000,0.0000000000000000,1.0000000000000000,-0.0000000437113883,-0.0000000754975673,-0.0000000000000000,0.0000000437113883,1.0000000000000000,-0.0000000318544835,0.0000000000000000,0.0000000000000000,0.0000000000000000,1.0000000000000000
M 1.0000000000000000,0.0000000000000000,0.0000000000000000,0.0000000000000000,0.0000000000000000,1.0000000000000000,-0.0000000437113883,-0.0000000754975673,-0.0000000000000000,0.0000000437113883,1.0000000000000000,-0.0000000318544835,0.0000000000000000,0.0000000000000000,0.0000000000000000,1.0000000000000000
M 1.0000000000000000,0.0000000000000000,0.0000000000000000,0.0000000000000000,0.0000000000000000,1.0000000000000000,-0.0000000437113883,-0.0000000754975673,-0.0000000000000000,0.0000000437113883,1.0000000000000000,-0.0000000318544835,0.0000000000000000,0.0000000000000000,0.0000000000000000,1.0000000000000000
M 1.0000000000000000,0.0000000000000000,0.0000000000000000,0.0000000000000000,0.0000000000000000,1.0000000000000000,-0.0000000437113883,-0.0000000754975673,-0.0000000000000000,0.0000000437113883,1.0000000000000000,-0.0000000318544835,0.0000000000000000,0.0000000000000000,0.0000000000000000,1.0000000000000000
M 1.0000000000000000,0.0000000000000000,0.0000000000000000,0.0000000000000000,0.0000000000000000,1.0000000000000000,-0.0000000437113883,-0.0000000754975673,-0.0000000000000000,0.0000000437113883,1.0000000000000000,-0.0000000318544835,0.0000000000000000,0.0000000000000000,0.0000000000000000,1.0000000000000000
M 1.0000000000000000,0.0000000000000000,0.0000000000000000,0.0000000000000000,0.0000000000000000,1.0000000000000000,-0.0000000437113883,-0.0000000754975673,-0.0000000000000000,0.0000000437113883,1.0000000000000000,-0.0000000318544835,0.0000000000000000,0.0000000000000000,0.0000000000000000,1.0000000000000000
M 1.0000000000000000,0.0000000000000000,0.0000000000000000,0.0000000000000000,0.0000000000000000,1.0000000000000000,-0.0000000437113883,-0.0000000754975673,-0.0000000000000000,0.0000000437113883,1.0000000000000000,-0.0000000318544835,0.0000000000000000,0.0000000000000000,0.0000000000000000,1.0000000000000000
M 1.0000000000000000,0.0000000000000000,0.0000000000000000,0.0000000000000000,0.0000000000000000,1.0000000000000000,-0.0000000437113883,-0.0000000754975673,-0.0000000000000000,0.0000000437113883,1.0000000000000000,-0.0000000318544835,0.0000000000000000,0.0000000000000000,0.0000000000000000,1.0000000000000000
M 1.0000000000000000,0.0000000000000000,0.0000000000000000,0.0000000000000000,0.0000000000000000,1.0000000000000000,-0.0000000437113883,-0.0000000754975673,-0.0000000000000000,0.0000000437113883,1.0000000000000000,-0.0000000318544835,0.0000000000000000,0.0000000000000000,0.0000000000000000,1.0000000000000000
M 1.0000000000000000,0.0000000000000000,0.0000000000000000,0.0000000000000000,0.0000000000000000,1.0000000000000000,-0.0000000437113883,-0.0000000754975673,-0.0000000000000000,0.0000000437113883,1.0000000000000000,-0.0000000318544835,0.0000000000000000,0.0000000000000000,0.0000000000000000,1.0000000000000000
M 1.0000000000000000,0.0000000000000000,0.0000000000000000,0.0000000000000000,0.0000000000000000,1.0000000000000000,-0.0000000437113883,-0.0000000754975673,-0.0000000000000000,0.0000000437113883,1.0000000000000000,-0.0000000318544835,0.0000000000000000,0.0000000000000000,0.0000000000000000,1.0000000000000000
M 1.0000000000000000,0.0000000000000000,0.0000000000000000,0.0000000000000000,0.0000000000000000,1.0000000000000000,-0.0000000437113883,-0.0000000754975673,-0.0000000000000000,0.0000000437113883,1.0000000000000000,-0.0000000318544835,0.0000000000000000,0.0000000000000000,0.0000000000000000,1.0000000000000000
M 1.0000000000000000,0.0000000000000000,0.0000000000000000,0.0000000000000000,0.0000000000000000,1.0000000000000000,-0.0000000437113883,-0.0000000754975673,-0.0000000000000000,0.0000000437113883,1.0000000000000000,-0.0000000318544835,0.0000000000000000,0.0000000000000000,0.0000000000000000,1.0000000000000000
M 1.0000000000000000,0.0000000000000000,0.0000000000000000,0.0000000000000000,0.0000000000000000,1.0000000000000000,-0.0000000437113883,-0.0000000754975673,-0.0000000000000000,0.0000000437113883,1.0000000000000000,-0.0000000318544835,0.0000000000000000,0.0000000000000000,0.0000000000000000,1.0000000000000000
M 1.0000000000000000,0.0000000000000000,0.0000000000000000,0.0000000000000000,0.0000000000000000,1.0000000000000000,-0.0000000437113883,-0.0000000754975673,-0.0000000000000000,0.0000000437113883,1.0000000000000000,-0.0000000318544835,0.0000000000000000,0.0000000000000000,0.0000000000000000,1.0000000000000000
M 1.0000000000000000,0.0000000000000000,0.0000000000000000,0.0000000000000000,0.0000000000000000,1.0000000000000000,-0.0000000437113883,-0.0000000754975673,-0.0000000000000000,0.0000000437113883,1.0000000000000000,-0.0000000318544835,0.0000000000000000,0.0000000000000000,0.0000000000000000,1.0000000000000000
M 1.0000000000000000,0.0000000000000000,0.0000000000000000,0.0000000000000000,0.0000000000000000,1.0000000000000000,-0.0000000437113883,-0.0000000754975673,-0.0000000000000000,0.0000000437113883,1.0000000000000000,-0.0000000318544835,0.0000000000000000,0.0000000000000000,0.0000000000000000,1.0000000000000000
M 1.0000000000000000,0.0000000000000000,0.0000000000000000,0.0000000000000000,0.0000000000000000,1.0000000000000000,-0.0000000437113883,-0.0000000754975673,-0.0000000000000000,0.0000000437113883,1.0000000000000000,-0.0000000318544835,0.0000000000000000,0.0000000000000000,0.0000000000000000,1.0000000000000000
M 1.0000000000000000,0.0000000000000000,0.0000000000000000,0.0000000000000000,0.0000000000000000,1.0000000000000000,-0.0000000437113883,-0.0000000754975673,-0.0000000000000000,0.0000000437113883,1.0000000000000000,-0.0000000318544835,0.0000000000000000,0.0000000000000000,0.0000000000000000,1.0000000000000000
M 0.9999966621398926,-0.0000000001125288,-0.0025743583682925,0.0025891463737935,0.0000000000000000,1.0000000000000000,-0.0000000437113883,-0.0000000754975673,0.0025743583682925,0.0000000437112426,0.9999966621398926,-0.0115008577704430,0.0000000000000000,0.0000000000000000,0.0000000000000000,1.0000000000000000
M 0.9999487400054932,-0.0000000004424789,-0.0101227378472686,0.0103516438975930,0.0000000000000000,1.0000000000000000,-0.0000000437113883,-0.0000000754975673,0.0101227378472686,0.0000000437091465,0.9999487400054932,-0.0451847575604916,0.0000000000000000,0.0000000000000000,0.0000000000000000,1.0000000000000000
M 0.9997494816780090,-0.0000000009783473,-0.0223819818347692,0.0235016494989395,0.0000000000000000,1.0000000000000000,-0.0000000437113883,-0.0000000754975673,0.0223819818347692,0.0000000437004388,0.9997494816780090,-0.0997689962387085,0.0000000000000000,0.0000000000000000,0.0000000000000000,1.0000000000000000
M 0.9992358684539795,-0.0000000017084778,-0.0390854254364967,0.0425001494586468,0.0000000000000000,1.0000000000000000,-0.0000000437113883,-0.0000000754975673,0.0390854254364967,0.0000000436779715,0.9992358684539795,-0.1738990098237991,0.0000000000000000,0.0000000000000000,0.0000000000000000,1.0000000000000000
M 0.9982007741928101,-0.0000000026209217,-0.0599597208201885,0.0680002942681313,0.0000000000000000,1.0000000000000000,-0.0000000437113883,-0.0000000754975673,0.0599597208201885,0.0000000436327419,0.9982007741928101,-0.2661459147930145,0.0000000000000000,0.0000000000000000,0.0000000000000000,1.0000000000000000
M 0.9964047074317932,-0.0000000037032872,-0.0847213342785835,0.1007880866527557,0.0000000000000000,1.0000000000000000,-0.0000000437113883,-0.0000000754975673,0.0847213342785835,0.0000000435542198,0.9964047074317932,-0.3750033080577850,0.0000000000000000,0.0000000000000000,0.0000000000000000,1.0000000000000000
M 0.9935866594314575,-0.0000000049425855,-0.1130731776356697,0.1417332738637924,0.0000000000000000,1.0000000000000000,-0.0000000437113883,-0.0000000754975673,0.1130731776356697,0.0000000434310508,0.9935866594314575,-0.4988824427127838,0.0000000000000000,0.0000000000000000,0.0000000000000000,1.0000000000000000
M 0.9894753098487854,-0.0000000063251080,-0.1447016000747681,0.1917343139648438,0.0000000000000000,1.0000000000000000,-0.0000000437113883,-0.0000000754975673,0.1447016000747681,0.0000000432513403,0.9894753098487854,-0.6361106038093567,0.0000000000000000,0.0000000000000000,0.0000000000000000,1.0000000000000000
M 0.9837990999221802,-0.0000000078363334,-0.1792744547128677,0.2516725957393646,0.0000000000000000,1.0000000000000000,-0.0000000437113883,-0.0000000754975673,0.1792744547128677,0.0000000430032259,0.9837990999221802,-0.7849317789077759,0.0000000000000000,0.0000000000000000,0.0000000000000000,1.0000000000000000
M 0.9762960076332092,-0.0000000094608730,-0.2164396196603775,0.3223671317100525,0.0000000000000000,1.0000000000000000,-0.0000000437113883,-0.0000000754975673,0.2164396196603775,0.0000000426752536,0.9762960076332092,-0.9435104727745056,0.0000000000000000,0.0000000000000000,0.0000000000000000,1.0000000000000000
M 0.9667230248451233,-0.0000000111824807,-0.2558254301548004,0.4045324623584747,0.0000000000000000,1.0000000000000000,-0.0000000437113883,-0.0000000754975673,0.2558254301548004,0.0000000422568043,0.9667230248451233,-1.1099429130554199,0.0000000000000000,0.0000000000000000,0.0000000000000000,1.0000000000000000
M 0.9548645615577698,-0.0000000129841009,-0.2970415949821472,0.4987410902976990,0.0000000000000000,1.0000000000000000,-0.0000000437113883,-0.0000000754975673,0.2970415949821472,0.0000000417384420,0.9548645615577698,-1.2822691202163696,0.0000000000000000,0.0000000000000000,0.0000000000000000,1.0000000000000000
M 0.9405403137207031,-0.0000000148479691,-0.3396820127964020,0.6053931713104248,0.0000000000000000,1.0000000000000000,-0.0000000437113883,-0.0000000754975673,0.3396820127964020,0.0000000411123224,0.9405403137207031,-1.4584941864013672,0.0000000000000000,0.0000000000000000,0.0000000000000000,1.0000000000000000
M 0.9236121177673340,-0.0000000167558127,-0.3833283185958862,0.7246874570846558,0.0000000000000000,1.0000000000000000,-0.0000000437113883,-0.0000000754975673,0.3833283185958862,0.0000000403723668,0.9236121177673340,-1.6366103887557983,0.0000000000000000,0.0000000000000000,0.0000000000000000,1.0000000000000000
M 0.9039893150329590,-0.0000000186890254,-0.4275550842285156,0.8566036820411682,0.0000000000000000,1.0000000000000000,-0.0000000437113883,-0.0000000754975673,0.4275550842285156,0.0000000395146280,0.9039893150329590,-1.8146260976791382,0.0000000000000000,0.0000000000000000,0.0000000000000000,1.0000000000000000
M 0.8816331028938293,-0.0000000206289528,-0.4719354212284088,1.0008887052536011,0.0000000000000000,1.0000000000000000,-0.0000000437113883,-0.0000000754975673,0.4719354212284088,0.0000000385374079,0.8816331028938293,-1.9905941486358643,0.0000000000000000,0.0000000000000000,0.0000000000000000,1.0000000000000000
M 0.8565599322319031,-0.0000000225571544,-0.5160475373268127,1.1570466756820679,0.0000000000000000,1.0000000000000000,-0.0000000437113883,-0.0000000754975673,0.5160475373268127,0.0000000374414242,0.8565599322319031,-2.1626470088958740,0.0000000000000000,0.0000000000000000,0.0000000000000000,1.0000000000000000
M 0.8288423418998718,-0.0000000244557405,-0.5594822764396667,1.3243445158004761,0.0000000000000000,1.0000000000000000,-0.0000000437113883,-0.0000000754975673,0.5594822764396667,0.0000000362298351,0.8288423418998718,-2.3290283679962158,0.0000000000000000,0.0000000000000000,0.0000000000000000,1.0000000000000000
M 0.7986092567443848,-0.0000000263076920,-0.6018498539924622,1.5018160343170166,0.0000000000000000,1.0000000000000000,-0.0000000437113883,-0.0000000754975673,0.6018498539924622,0.0000000349083180,0.7986092567443848,-2.4881253242492676,0.0000000000000000,0.0000000000000000,0.0000000000000000,1.0000000000000000
M 0.7660444378852844,-0.0000000280971371,-0.6427875757217407,1.6882779598236084,0.0000000000000000,1.0000000000000000,-0.0000000437113883,-0.0000000754975673,0.6427875757217407,0.0000000334848664,0.7660444378852844,-2.6385009288787842,0.0000000000000000,0.0000000000000000,0.0000000000000000,1.0000000000000000
M 0.7313835024833679,-0.0000000298096978,-0.6819663643836975,1.8823480606079102,0.0000000000000000,1.0000000000000000,-0.0000000437113883,-0.0000000754975673,0.6819663643836975,0.0000000319697868,0.7313835024833679,-2.7789199352264404,0.0000000000000000,0.0000000000000000,0.0000000000000000,1.0000000000000000
M 0.6949093937873840,-0.0000000314327337,-0.7190973162651062,2.0824728012084961,0.0000000000000000,1.0000000000000000,-0.0000000437113883,-0.0000000754975673,0.7190973162651062,0.0000000303754462,0.6949093937873840,-2.9083747863769531,0.0000000000000000,0.0000000000000000,0.0000000000000000,1.0000000000000000
M 0.6569476723670959,-0.0000000329555974,-0.7539361715316772,2.2869529724121094,0.0000000000000000,1.0000000000000000,-0.0000000437113883,-0.0000000754975673,0.7539361715316772,0.0000000287160873,0.6569476723670959,-3.0260992050170898,0.0000000000000000,0.0000000000000000,0.0000000000000000,1.0000000000000000
M 0.6178596019744873,-0.0000000343697586,-0.7862884402275085,2.4939804077148438,0.0000000000000000,1.0000000000000000,-0.0000000437113883,-0.0000000754975673,0.7862884402275085,0.0000000270075002,0.6178596019744873,-3.1315851211547852,0.0000000000000000,0.0000000000000000,0.0000000000000000,1.0000000000000000
M 0.5780356526374817,-0.0000000356689966,-0.8160114884376526,2.7016668319702148,0.0000000000000000,1.0000000000000000,-0.0000000437113883,-0.0000000754975673,0.8160114884376526,0.0000000252667416,0.5780356526374817,-3.2245860099792480,0.0000000000000000,0.0000000000000000,0.0000000000000000,1.0000000000000000
M 0.5378884077072144,-0.0000000368494000,-0.8430160284042358,2.9080791473388672,0.0000000000000000,1.0000000000000000,-0.0000000437113883,-0.0000000754975673,0.8430160284042358,0.0000000235118485,0.5378884077072144,-3.3051152229309082,0.0000000000000000,0.0000000000000000,0.0000000000000000,1.0000000000000000
M 0.4978445768356323,-0.0000000379094125,-0.8672662973403931,3.1112754344940186,0.0000000000000000,1.0000000000000000,-0.0000000437113883,-0.0000000754975673,0.8672662973403931,0.0000000217614780,0.4978445768356323,-3.3734397888183594,0.0000000000000000,0.0000000000000000,0.0000000000000000,1.0000000000000000
M 0.4583394229412079,-0.0000000388496879,-0.8887772560119629,3.3093252182006836,0.0000000000000000,1.0000000000000000,-0.0000000437113883,-0.0000000754975673,0.8887772560119629,0.0000000200346459,0.4583394229412079,-3.4300615787506104,0.0000000000000000,0.0000000000000000,0.0000000000000000,1.0000000000000000
