# Blender 4.2.2 LTS
# www.blender.org
mtllib mvp_ir_chme3.mtl
o REVERSER_1_INTERIOR_LCG_IL_mvp_chme3
v 4.234375 2.923125 -0.546874
v 4.234375 2.923125 -0.515624
v 4.234375 2.954375 -0.546874
v 4.265625 2.845000 -0.546874
v 4.234375 2.845000 -0.546874
v 4.265625 2.923125 -0.546874
v 4.234375 2.845000 -0.515624
v 4.265625 2.845000 -0.515624
v 4.265625 2.923125 -0.515624
v 4.265625 2.954375 -0.546874
v 4.234375 2.954375 -0.671874
v 4.234375 2.923125 -0.671874
v 4.265625 2.923125 -0.671874
v 4.265625 2.954375 -0.671874
vn -1.0000 -0.0000 -0.0000
vn -0.0000 -0.0000 -1.0000
vn -0.0000 -0.0000 1.0000
vn 1.0000 -0.0000 -0.0000
vn -0.0000 0.7071 0.7071
vn -0.0000 1.0000 -0.0000
vn -0.0000 -1.0000 -0.0000
vt 0.812500 0.429688
vt 0.808594 0.429688
vt 0.812500 0.425781
vt 0.804688 0.417969
vt 0.804688 0.414062
vt 0.808594 0.414062
vt 0.808594 0.417969
vt 0.804688 0.425781
vt 0.804688 0.421875
vt 0.808594 0.421875
vt 0.808594 0.425781
vt 0.804688 0.429688
vt 0.812500 0.417969
vt 0.812500 0.421875
vt 0.820312 0.425781
vt 0.820312 0.429688
vt 0.824219 0.421875
vt 0.824219 0.425781
vt 0.820312 0.421875
vt 0.812500 0.414062
vt 0.820312 0.414062
vt 0.820312 0.417969
s 1
usemtl cab_map
f 1/1/1 2/2/1 3/3/1
f 4/4/2 5/5/2 1/6/2 6/7/2
f 7/8/3 8/9/3 9/10/3 2/11/3
f 5/12/1 7/8/1 2/11/1 1/2/1
f 8/9/4 4/4/4 6/7/4 9/10/4
f 9/7/4 6/13/4 10/14/4
f 1/1/1 3/3/1 11/15/1 12/16/1
f 2/11/5 9/10/5 10/14/5 3/3/5
f 13/17/2 12/18/2 11/15/2 14/19/2
f 3/3/6 10/14/6 14/19/6 11/15/6
f 6/13/7 1/20/7 12/21/7 13/22/7
f 10/14/4 6/13/4 13/22/4 14/19/4
o REVERSER_1_ROT_-60_CG_RVR_mvp_chme3
v 4.281250 2.657500 -0.499999
v 4.281250 2.657500 -0.562499
v 4.281250 2.782500 -0.562499
v 4.281250 2.782500 -0.499999
v 4.218750 2.657500 -0.499999
v 4.218750 2.782500 -0.499999
v 4.218750 2.657500 -0.562499
v 4.218750 2.782500 -0.562499
vn 1.0000 -0.0000 -0.0000
vn -0.0000 -0.0000 1.0000
vn -1.0000 -0.0000 -0.0000
vn -0.0000 -0.0000 -1.0000
vn -0.0000 1.0000 -0.0000
vt 0.832031 0.433594
vt 0.828125 0.433594
vt 0.828125 0.429688
vt 0.832031 0.429688
vt 0.835938 0.433594
vt 0.835938 0.429688
vt 0.824219 0.433594
vt 0.820312 0.433594
vt 0.820312 0.429688
vt 0.824219 0.429688
vt 0.835938 0.425781
vt 0.832031 0.425781
s 1
usemtl cab_map
f 15/23/8 16/24/8 17/25/8 18/26/8
f 19/27/9 15/23/9 18/26/9 20/28/9
f 21/29/10 19/30/10 20/31/10 22/32/10
f 16/24/11 21/29/11 22/32/11 17/25/11
f 22/33/12 20/28/12 18/26/12 17/34/12
o THROTTLE_1_INTERIOR_LCG_IL_mvp_chme3
v 4.089535 2.875535 -0.871680
v 4.035408 2.875536 -0.840430
v 4.040522 2.937193 -0.831574
v 4.094648 2.937193 -0.862823
v 4.274507 2.814171 -0.551301
v 4.279620 2.875828 -0.542445
v 4.220379 2.814171 -0.520051
v 4.225494 2.875828 -0.511195
vn -0.4933 0.1636 -0.8544
vn 0.8660 -0.0000 -0.5000
vn -0.8660 -0.0000 0.5000
vn 0.0818 0.9865 0.1417
vt 0.824219 0.417969
vt 0.828125 0.417969
vt 0.828125 0.421875
vt 0.824219 0.421875
vt 0.800781 0.417969
vt 0.800781 0.421875
vt 0.824219 0.429688
vt 0.800781 0.429688
vt 0.800781 0.425781
vt 0.824219 0.425781
s 1
usemtl cab_map
f 23/35/13 24/36/13 25/37/13 26/38/13
f 27/39/14 23/35/14 26/38/14 28/40/14
f 24/41/15 29/42/15 30/43/15 25/44/15
f 30/43/16 28/40/16 26/38/16 25/44/16
o THROTTLE_1_ROT_-120_INTERIOR_LCG_IL_mvp_chme3
v 4.281250 2.782500 -0.499999
v 4.281250 2.782500 -0.562499
v 4.281250 2.907500 -0.562499
v 4.281250 2.907500 -0.499999
v 4.218750 2.782500 -0.499999
v 4.218750 2.907500 -0.499999
v 4.218750 2.782500 -0.562499
v 4.218750 2.907500 -0.562499
vn 1.0000 -0.0000 -0.0000
vn -0.0000 -0.0000 1.0000
vn -1.0000 -0.0000 -0.0000
vn -0.0000 -0.0000 -1.0000
vn -0.0000 1.0000 -0.0000
vt 0.832031 0.433594
vt 0.828125 0.433594
vt 0.828125 0.429688
vt 0.832031 0.429688
vt 0.835938 0.433594
vt 0.835938 0.429688
vt 0.824219 0.433594
vt 0.820312 0.433594
vt 0.820312 0.429688
vt 0.824219 0.429688
vt 0.835938 0.425781
vt 0.832031 0.425781
s 1
usemtl cab_map
f 31/45/17 32/46/17 33/47/17 34/48/17
f 35/49/18 31/45/18 34/48/18 36/50/18
f 37/51/19 35/52/19 36/53/19 38/54/19
f 32/46/20 37/51/20 38/54/20 33/47/20
f 38/55/21 36/50/21 34/48/21 33/56/21
o TRAIN_BRAKE_1_INTERIOR_LCG_IL_mvp_chme3
v 3.827127 2.968750 -0.841899
v 3.873828 2.968750 -1.023492
v 3.873828 3.031250 -1.023492
v 3.827127 3.031250 -0.841898
v 3.766595 2.968750 -0.857467
v 3.766595 3.031250 -0.857467
v 3.813297 2.968750 -1.039060
v 3.813297 3.031250 -1.039060
v 3.832554 3.000000 -0.988475
v 3.886366 3.000000 -1.020269
v 3.886366 3.062500 -1.020269
v 3.832554 3.062500 -0.988475
v 3.800761 3.000000 -1.042286
v 3.800761 3.062500 -1.042286
v 3.854571 3.000000 -1.074080
v 3.854571 3.062500 -1.074080
vn 0.9685 -0.0000 0.2491
vn -0.2491 -0.0000 0.9685
vn -0.9685 -0.0000 -0.2491
vn -0.0000 1.0000 -0.0000
vn 0.5087 -0.0000 0.8610
vn -0.8610 -0.0000 0.5087
vn -0.5087 -0.0000 -0.8609
vn 0.8609 -0.0000 -0.5087
vt 0.558594 0.449219
vt 0.546875 0.449219
vt 0.546875 0.445312
vt 0.558594 0.445312
vt 0.562500 0.449219
vt 0.562500 0.445312
vt 0.546875 0.437500
vt 0.558594 0.437500
vt 0.558594 0.441406
vt 0.546875 0.441406
vt 0.574219 0.445312
vt 0.570312 0.445312
vt 0.570312 0.441406
vt 0.574219 0.441406
vt 0.578125 0.445312
vt 0.578125 0.441406
vt 0.582031 0.445312
vt 0.582031 0.441406
vt 0.585938 0.445312
vt 0.585938 0.441406
vt 0.582031 0.437500
vt 0.585938 0.437500
s 1
usemtl cab_map
f 39/57/22 40/58/22 41/59/22 42/60/22
f 43/61/23 39/57/23 42/60/23 44/62/23
f 45/63/24 43/64/24 44/65/24 46/66/24
f 46/66/25 44/65/25 42/60/25 41/59/25
f 47/67/26 48/68/26 49/69/26 50/70/26
f 51/71/27 47/67/27 50/70/27 52/72/27
f 53/73/28 51/71/28 52/72/28 54/74/28
f 48/75/29 53/73/29 54/74/29 49/76/29
f 54/74/25 52/77/25 50/78/25 49/76/25
o TRAIN_BRAKE_1_ROT_129_mvp_chme3
v 3.800761 2.812500 -1.042284
v 3.854572 2.812500 -1.074080
v 3.886366 2.812500 -1.020269
v 3.832555 2.812500 -0.988475
v 3.800761 2.937500 -1.042284
v 3.832555 2.937500 -0.988475
v 3.886366 2.937500 -1.020269
v 3.854572 2.937500 -1.074080
vn -0.0000 -1.0000 -0.0000
vn -0.0000 1.0000 -0.0000
vn -0.9685 -0.0000 -0.2491
vn -0.2491 -0.0000 0.9685
vn 0.9685 -0.0000 0.2491
vn 0.2491 -0.0000 -0.9685
vt 0.582031 0.441406
vt 0.585938 0.441406
vt 0.585938 0.437500
vt 0.582031 0.437500
s 1
usemtl cab_map
f 55/79/30 56/80/30 57/81/30 58/82/30
f 59/79/31 60/82/31 61/81/31 62/80/31
f 55/79/32 58/82/33 60/82/33 59/79/32
f 58/82/33 57/81/34 61/81/34 60/82/33
f 57/81/34 56/80/35 62/80/35 61/81/34
f 56/80/35 55/79/32 59/79/32 62/80/35
o IND_BRAKE_1_INTERIOR_LCG_IL_mvp_chme3
v 3.969093 3.062501 -1.344226
v 4.031593 3.062501 -1.344227
v 4.031593 3.093751 -1.344227
v 3.969093 3.093751 -1.344226
v 3.969093 3.062501 -1.406728
v 3.969093 3.093751 -1.406728
v 4.031591 3.062501 -1.406726
v 4.031591 3.093751 -1.406726
v 3.939366 3.000001 -1.421893
v 3.971718 3.000001 -1.301153
v 3.971718 3.062501 -1.301153
v 3.939366 3.062501 -1.421893
v 3.999736 3.000001 -1.438069
v 3.999736 3.062501 -1.438069
v 4.032090 3.062501 -1.317328
v 4.027754 3.062501 -1.301153
v 4.027754 3.000001 -1.301153
v 4.060108 3.000001 -1.421894
v 4.060108 3.062501 -1.421894
v 3.967384 3.062501 -1.317329
v 3.968486 3.000001 -1.281818
v 4.030988 3.000001 -1.281819
v 4.030988 3.062501 -1.281819
v 3.968486 3.062501 -1.281818
v 3.968486 3.000001 -1.313069
v 3.968486 3.062501 -1.313069
v 4.030988 3.000001 -1.313070
v 4.030988 3.062501 -1.313070
v 4.043932 3.000001 -1.281820
v 3.999738 3.044195 -1.281819
v 3.999738 3.044195 -1.156819
v 4.043932 3.000001 -1.156819
v 3.999738 2.955806 -1.281819
v 3.999738 2.955806 -1.156819
v 3.955542 3.000001 -1.281819
v 3.955542 3.000001 -1.156820
vn -0.0000 -0.0000 1.0000
vn -1.0000 -0.0000 -0.0000
vn -0.0000 -0.0000 -1.0000
vn 1.0000 -0.0000 -0.0000
vn -0.0000 1.0000 -0.0000
vn -0.9659 -0.0000 0.2588
vn -0.2588 -0.0000 -0.9659
vn 0.9659 -0.0000 0.2588
vn 0.2588 -0.0000 -0.9659
vn 0.7071 0.7071 -0.0000
vn 0.7071 -0.7071 -0.0000
vn -0.7071 -0.7071 -0.0000
vn -0.7071 0.7071 -0.0000
vt 0.511719 0.429688
vt 0.511719 0.433594
vt 0.507812 0.433594
vt 0.507812 0.429688
vt 0.511719 0.425781
vt 0.507812 0.425781
vt 0.511719 0.421875
vt 0.507812 0.421875
vt 0.511719 0.417969
vt 0.507812 0.417969
vt 0.503906 0.421875
vt 0.503906 0.417969
vt 0.496094 0.441406
vt 0.488281 0.441406
vt 0.488281 0.437500
vt 0.496094 0.437500
vt 0.500000 0.441406
vt 0.500000 0.437500
vt 0.496094 0.433594
vt 0.488281 0.433594
vt 0.511719 0.437500
vt 0.511719 0.441406
vt 0.503906 0.441406
vt 0.503906 0.437500
vt 0.503906 0.433594
vt 0.507812 0.441406
vt 0.507812 0.445312
vt 0.503906 0.445312
vt 0.500000 0.445312
vt 0.511719 0.445312
vt 0.507812 0.449219
vt 0.503906 0.449219
vt 0.500000 0.417969
vt 0.500000 0.421875
vt 0.492188 0.421875
vt 0.492188 0.417969
vt 0.500000 0.429688
vt 0.500000 0.433594
vt 0.492188 0.433594
vt 0.492188 0.429688
vt 0.500000 0.425781
vt 0.492188 0.425781
vt 0.488281 0.421875
vt 0.488281 0.417969
s 1
usemtl cab_map
f 63/83/36 64/84/36 65/85/36 66/86/36
f 67/87/37 63/83/37 66/86/37 68/88/37
f 69/89/38 67/87/38 68/88/38 70/90/38
f 64/91/39 69/89/39 70/90/39 65/92/39
f 70/90/40 68/93/40 66/94/40 65/92/40
f 71/95/41 72/96/41 73/97/41 74/98/41
f 75/99/42 71/95/42 74/98/42 76/100/42
f 76/101/40 74/98/40 73/97/40 77/102/40
f 78/103/43 79/104/43 80/105/43 81/106/43
f 81/106/44 80/105/44 75/99/44 76/100/44
f 78/103/40 81/106/40 76/107/40 82/84/40
f 83/105/36 84/108/36 85/109/36 86/110/36
f 87/99/37 83/105/37 86/110/37 88/111/37
f 84/108/39 89/104/39 90/112/39 85/109/39
f 90/113/40 88/114/40 86/110/40 85/109/40
f 91/115/45 92/116/45 93/117/45 94/118/45
f 95/119/46 91/120/46 94/121/46 96/122/46
f 97/123/47 95/119/47 96/122/47 98/124/47
f 92/116/48 97/123/48 98/124/48 93/117/48
f 98/125/36 96/126/36 94/118/36 93/117/36
f 97/93/38 92/116/38 91/115/38 95/94/38
o IND_BRAKE_1_ROT_90_mvp_chme3
v 4.031592 2.906251 -1.344228
v 3.969093 2.906251 -1.344226
v 3.969092 2.906251 -1.406726
v 4.031594 2.906251 -1.406726
v 4.031592 3.031251 -1.344228
v 4.031594 3.031251 -1.406726
v 3.969092 3.031251 -1.406726
v 3.969093 3.031251 -1.344226
vn -0.0000 -1.0000 -0.0000
vn -0.0000 1.0000 -0.0000
vn 0.7071 -0.0000 0.7071
vn 0.7071 -0.0000 -0.7071
vn -0.7071 -0.0000 0.7071
vn -0.7071 -0.0000 -0.7071
vt 0.507812 0.421875
vt 0.507812 0.417969
vt 0.503906 0.417969
vt 0.503906 0.421875
s 1
usemtl cab_map
f 99/127/49 100/128/49 101/129/49 102/130/49
f 103/127/50 104/130/50 105/129/50 106/128/50
f 99/127/51 102/130/52 104/130/52 103/127/51
f 100/128/53 99/127/51 103/127/51 106/128/53
f 102/130/52 101/129/54 105/129/54 104/130/52
f 101/129/54 100/128/53 106/128/53 105/129/54
o IND_BRAKE_2_INTERIOR_LCG_IL_mvp_chme3
v 4.968409 3.062500 1.344230
v 4.905907 3.062500 1.344231
v 4.905907 3.093750 1.344231
v 4.968409 3.093750 1.344230
v 4.968407 3.062500 1.406732
v 4.968407 3.093750 1.406732
v 4.905907 3.062500 1.406730
v 4.905907 3.093750 1.406730
v 4.998134 3.000000 1.421897
v 4.965782 3.000000 1.301157
v 4.965782 3.062500 1.301157
v 4.998134 3.062500 1.421897
v 4.937764 3.000000 1.438073
v 4.937764 3.062500 1.438073
v 4.905411 3.062500 1.317332
v 4.909747 3.062500 1.301157
v 4.909747 3.000000 1.301157
v 4.877393 3.000000 1.421897
v 4.877393 3.062500 1.421897
v 4.970118 3.062500 1.317332
v 4.969014 3.000000 1.281823
v 4.906514 3.000000 1.281823
v 4.906514 3.062500 1.281823
v 4.969014 3.062500 1.281823
v 4.969014 3.000000 1.313073
v 4.969014 3.062500 1.313073
v 4.906514 3.000000 1.313073
v 4.906514 3.062500 1.313073
v 4.893570 3.000000 1.281823
v 4.937764 3.044194 1.281823
v 4.937764 3.044194 1.156823
v 4.893569 3.000000 1.156823
v 4.937764 2.955806 1.281823
v 4.937764 2.955806 1.156823
v 4.981958 3.000000 1.281822
v 4.981960 3.000000 1.156823
vn -0.0000 -0.0000 -1.0000
vn 1.0000 -0.0000 -0.0000
vn -0.0000 -0.0000 1.0000
vn -1.0000 -0.0000 -0.0000
vn -0.0000 1.0000 -0.0000
vn 0.9659 -0.0000 -0.2588
vn 0.2588 -0.0000 0.9659
vn -0.9659 -0.0000 -0.2588
vn -0.2588 -0.0000 0.9659
vn -0.7071 0.7071 -0.0000
vn -0.7071 -0.7071 -0.0000
vn 0.7071 -0.7071 -0.0000
vn 0.7071 0.7071 -0.0000
vt 0.488281 0.406250
vt 0.492188 0.406250
vt 0.492188 0.410156
vt 0.488281 0.410156
vt 0.484375 0.406250
vt 0.484375 0.410156
vt 0.480469 0.406250
vt 0.480469 0.410156
vt 0.476562 0.406250
vt 0.476562 0.410156
vt 0.480469 0.414062
vt 0.476562 0.414062
vt 0.476562 0.417969
vt 0.468750 0.417969
vt 0.468750 0.414062
vt 0.480469 0.417969
vt 0.468750 0.410156
vt 0.492188 0.414062
vt 0.492188 0.417969
vt 0.484375 0.417969
vt 0.484375 0.414062
vt 0.503906 0.417969
vt 0.500000 0.417969
vt 0.500000 0.414062
vt 0.503906 0.414062
vt 0.507812 0.417969
vt 0.507812 0.414062
vt 0.496094 0.417969
vt 0.496094 0.414062
vt 0.500000 0.410156
vt 0.503906 0.410156
vt 0.500000 0.398438
vt 0.500000 0.402344
vt 0.492188 0.402344
vt 0.492188 0.398438
vt 0.500000 0.406250
vt 0.488281 0.402344
vt 0.488281 0.398438
vt 0.503906 0.402344
vt 0.503906 0.398438
s 1
usemtl cab_map
f 107/131/55 108/132/55 109/133/55 110/134/55
f 111/135/56 107/131/56 110/134/56 112/136/56
f 113/137/57 111/135/57 112/136/57 114/138/57
f 108/139/58 113/137/58 114/138/58 109/140/58
f 114/138/59 112/141/59 110/142/59 109/140/59
f 115/143/60 116/144/60 117/145/60 118/142/60
f 119/146/61 115/143/61 118/142/61 120/141/61
f 120/140/59 118/142/59 117/145/59 121/147/59
f 122/148/62 123/149/62 124/150/62 125/151/62
f 125/151/63 124/150/63 119/146/63 120/141/63
f 122/148/59 125/151/59 120/136/59 126/133/59
f 127/152/55 128/153/55 129/154/55 130/155/55
f 131/156/56 127/152/56 130/155/56 132/157/56
f 128/153/58 133/158/58 134/159/58 129/154/58
f 134/160/59 132/161/59 130/155/59 129/154/59
f 135/162/64 136/163/64 137/164/64 138/165/64
f 139/160/65 135/154/65 138/148/65 140/133/65
f 141/166/66 139/160/66 140/133/66 142/132/66
f 136/163/67 141/166/67 142/132/67 137/164/67
f 142/167/55 140/168/55 138/165/55 137/164/55
f 141/169/57 136/163/57 135/162/57 139/170/57
o IND_BRAKE_2_ROT_-90_mvp_chme3
v 4.905908 2.906250 1.344229
v 4.968407 2.906250 1.344229
v 4.968408 2.906250 1.406731
v 4.905906 2.906250 1.406729
v 4.905908 3.031250 1.344229
v 4.905906 3.031250 1.406729
v 4.968408 3.031250 1.406731
v 4.968407 3.031250 1.344229
vn -0.0000 -1.0000 -0.0000
vn -0.0000 1.0000 -0.0000
vn 0.7071 -0.0000 0.7071
vn 0.7071 -0.0000 -0.7071
vn -0.7071 -0.0000 0.7071
vn -0.7071 -0.0000 -0.7071
vt 0.480469 0.410156
vt 0.476562 0.410156
vt 0.476562 0.414062
vt 0.480469 0.414062
s 1
usemtl cab_map
f 143/171/68 144/172/68 145/173/68 146/174/68
f 147/171/69 148/174/69 149/173/69 150/172/69
f 145/173/70 144/172/71 150/172/71 149/173/70
f 146/174/72 145/173/70 149/173/70 148/174/72
f 144/172/71 143/171/73 147/171/73 150/172/71
f 143/171/73 146/174/72 148/174/72 147/171/73
o GAUGE_SPEED_1_FULLBRIGHT_LCG_IL_LABEL_Speed
v 3.751875 3.354790 -0.792282
v 3.751875 3.338217 -0.786758
v 3.751875 3.349266 -0.775709
v 3.756289 3.343741 -0.781233
v 3.751875 3.305125 -0.742634
vn 0.8455 0.5066 0.1689
vn 0.8455 -0.1689 -0.5066
vn 0.8685 -0.3965 -0.2974
vn 0.8685 0.2972 0.3967
vt 0.031250 0.109375
vt 0.046875 0.125000
vt 0.031250 0.125000
vt 0.015625 0.125000
vt 0.031250 0.140625
s 1
usemtl controls
f 151/175/74 153/176/74 154/177/74
f 152/178/75 151/175/75 154/177/75
f 152/178/76 154/177/76 155/179/76
f 154/177/77 153/176/77 155/179/77
o GAUGE_SPEED_1_ROT_-270_mvp_chme3
v 3.720625 3.340925 -0.784067
v 3.720625 3.340925 -0.778418
v 3.720625 3.346575 -0.778418
v 3.720625 3.346575 -0.784067
v 3.742799 3.340925 -0.784067
v 3.742799 3.340925 -0.778418
v 3.742799 3.346575 -0.778418
v 3.742799 3.346575 -0.784067
vn -1.0000 -0.0000 -0.0000
vn 1.0000 -0.0000 -0.0000
vn -0.0000 -0.7071 -0.7071
vn -0.0000 0.7071 -0.7071
vn -0.0000 -0.7071 0.7071
vn -0.0000 0.7071 0.7071
vt 0.078125 0.125000
vt 0.078125 0.109375
vt 0.093750 0.109375
vt 0.093750 0.125000
s 1
usemtl controls
f 156/180/78 157/181/78 158/182/78 159/183/78
f 160/180/79 163/183/79 162/182/79 161/181/79
f 156/180/80 159/183/81 163/183/81 160/180/80
f 157/181/82 156/180/80 160/180/80 161/181/82
f 159/183/81 158/182/83 162/182/83 163/183/81
f 158/182/83 157/181/82 161/181/82 162/182/83
o GAUGE_LIQUID_1_FULLBRIGHT_LCG_IL_mvp_chme3
v 3.827500 2.962518 -0.514144
v 3.827786 2.962137 -0.496682
v 3.819290 2.973466 -0.503285
v 3.827069 2.970450 -0.499983
v 3.809700 2.986252 -0.450494
vn 0.4772 0.7729 -0.4183
vn 0.9967 0.0802 -0.0146
vn 0.9439 0.1890 0.2709
vn 0.4101 0.9006 -0.1436
vt 0.093750 0.109375
vt 0.109375 0.125000
vt 0.093750 0.125000
vt 0.078125 0.125000
vt 0.093750 0.140625
s 1
usemtl controls
f 164/184/84 166/185/84 167/186/84
f 165/187/85 164/184/85 167/186/85
f 165/187/86 167/186/86 168/188/86
f 167/186/87 166/185/87 168/188/87
o GAUGE_LIQUID_1_ROT_-130_mvp_chme3
v 3.800714 2.946150 -0.498306
v 3.797529 2.950397 -0.496374
v 3.796369 2.951943 -0.501683
v 3.799554 2.947696 -0.503615
v 3.818453 2.959455 -0.498306
v 3.815268 2.963702 -0.496374
v 3.814108 2.965248 -0.501683
v 3.817294 2.961001 -0.503615
vn -0.8000 -0.6000 -0.0000
vn 0.8000 0.6000 -0.0000
vn 0.5438 -0.7250 0.4226
vn 0.2536 -0.3381 -0.9063
vn -0.2536 0.3381 0.9063
vn -0.5438 0.7250 -0.4226
vt 0.078125 0.125000
vt 0.078125 0.109375
vt 0.093750 0.109375
vt 0.093750 0.125000
s 1
usemtl controls
f 169/189/88 170/190/88 171/191/88 172/192/88
f 173/189/89 176/192/89 175/191/89 174/190/89
f 169/189/90 172/192/91 176/192/91 173/189/90
f 170/190/92 169/189/90 173/189/90 174/190/92
f 172/192/91 171/191/93 175/191/93 176/192/91
f 171/191/93 170/190/92 174/190/92 175/191/93
o GAUGE_TEMPERATURE_1_FULLBRIGHT_LCG_IL_mvp_chme3
v 3.827500 2.962518 -0.670394
v 3.827786 2.962137 -0.652932
v 3.819290 2.973466 -0.659535
v 3.827069 2.970450 -0.656233
v 3.809700 2.986252 -0.606744
vn 0.4772 0.7729 -0.4183
vn 0.9967 0.0802 -0.0146
vn 0.9439 0.1890 0.2709
vn 0.4101 0.9006 -0.1436
vt 0.093750 0.109375
vt 0.109375 0.125000
vt 0.093750 0.125000
vt 0.078125 0.125000
vt 0.093750 0.140625
s 1
usemtl controls
f 177/193/94 179/194/94 180/195/94
f 178/196/95 177/193/95 180/195/95
f 178/196/96 180/195/96 181/197/96
f 180/195/97 179/194/97 181/197/97
o GAUGE_TEMPERATURE_1_ROT_-130_mvp_chme3
v 3.800714 2.946150 -0.654556
v 3.797529 2.950397 -0.652624
v 3.796369 2.951943 -0.657933
v 3.799554 2.947696 -0.659865
v 3.818453 2.959455 -0.654556
v 3.815268 2.963702 -0.652624
v 3.814108 2.965248 -0.657933
v 3.817294 2.961001 -0.659865
vn -0.8000 -0.6000 -0.0000
vn 0.8000 0.6000 -0.0000
vn 0.5438 -0.7250 0.4226
vn 0.2536 -0.3381 -0.9063
vn -0.2536 0.3381 0.9063
vn -0.5438 0.7250 -0.4226
vt 0.078125 0.125000
vt 0.078125 0.109375
vt 0.093750 0.109375
vt 0.093750 0.125000
s 1
usemtl controls
f 182/198/98 183/199/98 184/200/98 185/201/98
f 186/198/99 189/201/99 188/200/99 187/199/99
f 182/198/100 185/201/101 189/201/101 186/198/100
f 183/199/102 182/198/100 186/198/100 187/199/102
f 185/201/101 184/200/103 188/200/103 189/201/101
f 184/200/103 183/199/102 187/199/102 188/200/103
o GAUGE_THROTTLE_1_FULLBRIGHT_LCG_IL_mvp_chme3
v 3.921250 2.837519 -0.514144
v 3.921537 2.837137 -0.496682
v 3.913040 2.848466 -0.503285
v 3.920819 2.845450 -0.499983
v 3.903450 2.861253 -0.450494
vn 0.4772 0.7729 -0.4183
vn 0.9967 0.0802 -0.0146
vn 0.9439 0.1890 0.2709
vn 0.4101 0.9006 -0.1436
vt 0.093750 0.109375
vt 0.109375 0.125000
vt 0.093750 0.125000
vt 0.078125 0.125000
vt 0.093750 0.140625
s 1
usemtl controls
f 190/202/104 192/203/104 193/204/104
f 191/205/105 190/202/105 193/204/105
f 191/205/106 193/204/106 194/206/106
f 193/204/107 192/203/107 194/206/107
o GAUGE_THROTTLE_1_ROT_-130_mvp_chme3
v 3.894464 2.821151 -0.498306
v 3.891279 2.825398 -0.496374
v 3.890119 2.826944 -0.501683
v 3.893305 2.822696 -0.503615
v 3.912203 2.834455 -0.498306
v 3.909018 2.838702 -0.496374
v 3.907859 2.840248 -0.501683
v 3.911044 2.836001 -0.503615
vn -0.8000 -0.6000 -0.0000
vn 0.8000 0.6000 -0.0000
vn 0.5438 -0.7250 0.4226
vn 0.2536 -0.3381 -0.9063
vn -0.2536 0.3381 0.9063
vn -0.5438 0.7250 -0.4226
vt 0.078125 0.125000
vt 0.078125 0.109375
vt 0.093750 0.109375
vt 0.093750 0.125000
s 1
usemtl controls
f 195/207/108 196/208/108 197/209/108 198/210/108
f 199/207/109 202/210/109 201/209/109 200/208/109
f 195/207/110 198/210/111 202/210/111 199/207/110
f 196/208/112 195/207/110 199/207/110 200/208/112
f 198/210/111 197/209/113 201/209/113 202/210/111
f 197/209/113 196/208/112 200/208/112 201/209/113
o GAUGE_TRAIN_BRAKE_1_FULLBRIGHT_LCG_IL_mvp_chme3
v 3.921250 2.837519 -0.670394
v 3.921537 2.837137 -0.652932
v 3.913040 2.848466 -0.659535
v 3.920819 2.845450 -0.656233
v 3.903450 2.861253 -0.606744
vn 0.4772 0.7729 -0.4183
vn 0.9967 0.0802 -0.0146
vn 0.9439 0.1890 0.2709
vn 0.4101 0.9006 -0.1436
vt 0.093750 0.109375
vt 0.109375 0.125000
vt 0.093750 0.125000
vt 0.078125 0.125000
vt 0.093750 0.140625
s 1
usemtl controls
f 203/211/114 205/212/114 206/213/114
f 204/214/115 203/211/115 206/213/115
f 204/214/116 206/213/116 207/215/116
f 206/213/117 205/212/117 207/215/117
o GAUGE_TRAIN_BRAKE_1_ROT_-130_mvp_chme3
v 3.894464 2.821151 -0.654556
v 3.891279 2.825398 -0.652624
v 3.890119 2.826944 -0.657933
v 3.893305 2.822696 -0.659865
v 3.912203 2.834455 -0.654556
v 3.909018 2.838702 -0.652624
v 3.907859 2.840248 -0.657933
v 3.911044 2.836001 -0.659865
vn -0.8000 -0.6000 -0.0000
vn 0.8000 0.6000 -0.0000
vn 0.5438 -0.7250 0.4226
vn 0.2536 -0.3381 -0.9063
vn -0.2536 0.3381 0.9063
vn -0.5438 0.7250 -0.4226
vt 0.078125 0.125000
vt 0.078125 0.109375
vt 0.093750 0.109375
vt 0.093750 0.125000
s 1
usemtl controls
f 208/216/118 209/217/118 210/218/118 211/219/118
f 212/216/119 215/219/119 214/218/119 213/217/119
f 208/216/120 211/219/121 215/219/121 212/216/120
f 209/217/122 208/216/120 212/216/120 213/217/122
f 211/219/121 210/218/123 214/218/123 215/219/121
f 210/218/123 209/217/122 213/217/122 214/218/123
o GAUGE_SPEED_2_FULLBRIGHT_LCG_IL_mvp_chme3
v 5.338924 3.042712 1.073565
v 5.332778 3.027321 1.068041
v 5.336875 3.037582 1.056992
v 5.330728 3.034088 1.062516
v 5.320508 2.996588 1.023917
vn -0.5973 0.7840 -0.1689
vn -0.8478 0.1567 0.5066
vn -0.9536 -0.0462 0.2974
vn -0.6964 0.5981 -0.3967
vt 0.093750 0.109375
vt 0.109375 0.125000
vt 0.093750 0.125000
vt 0.078125 0.125000
vt 0.093750 0.140625
s 1
usemtl controls
f 216/220/124 218/221/124 219/222/124
f 217/223/125 216/220/125 219/222/125
f 217/223/126 219/222/126 220/224/126
f 219/222/127 218/221/127 220/224/127
o GAUGE_SPEED_2_ROT_270_mvp_chme3
v 5.362805 3.018249 1.065350
v 5.362805 3.018249 1.059701
v 5.364900 3.023495 1.059701
v 5.364900 3.023495 1.065350
v 5.342212 3.026471 1.065350
v 5.342212 3.026471 1.059701
v 5.344306 3.031718 1.059701
v 5.344306 3.031718 1.065350
vn 0.9287 -0.3708 -0.0000
vn -0.9287 0.3708 -0.0000
vn -0.2622 -0.6567 0.7071
vn 0.2622 0.6567 0.7071
vn -0.2622 -0.6567 -0.7071
vn 0.2622 0.6567 -0.7071
vt 0.078125 0.125000
vt 0.078125 0.109375
vt 0.093750 0.109375
vt 0.093750 0.125000
s 1
usemtl controls
f 221/225/128 222/226/128 223/227/128 224/228/128
f 225/225/129 228/228/129 227/227/129 226/226/129
f 221/225/130 224/228/131 228/228/131 225/225/130
f 222/226/132 221/225/130 225/225/130 226/226/132
f 224/228/131 223/227/133 227/227/133 228/228/131
f 223/227/133 222/226/132 226/226/132 227/227/133
o GAUGE_INDEPENDENT_BRAKE_1_FULLBRIGHT_LCG_IL_mvp_chme3
v 5.275092 2.883130 1.073565
v 5.268946 2.867739 1.068041
v 5.273043 2.878000 1.056992
v 5.266895 2.874506 1.062516
v 5.256675 2.837006 1.023917
vn -0.5973 0.7840 -0.1689
vn -0.8478 0.1567 0.5066
vn -0.9536 -0.0462 0.2974
vn -0.6964 0.5981 -0.3967
vt 0.093750 0.109375
vt 0.109375 0.125000
vt 0.093750 0.125000
vt 0.078125 0.125000
vt 0.093750 0.140625
s 1
usemtl controls
f 229/229/134 231/230/134 232/231/134
f 230/232/135 229/229/135 232/231/135
f 230/232/136 232/231/136 233/233/136
f 232/231/137 231/230/137 233/233/137
o GAUGE_INDEPENDENT_BRAKE_1_ROT_270_mvp_chme3
v 5.298973 2.858666 1.065350
v 5.298973 2.858666 1.059701
v 5.301067 2.863913 1.059701
v 5.301067 2.863913 1.065350
v 5.278379 2.866889 1.065350
v 5.278379 2.866889 1.059701
v 5.280474 2.872135 1.059701
v 5.280474 2.872135 1.065350
vn 0.9287 -0.3708 -0.0000
vn -0.9287 0.3708 -0.0000
vn -0.2622 -0.6567 0.7071
vn 0.2622 0.6567 0.7071
vn -0.2622 -0.6567 -0.7071
vn 0.2622 0.6567 -0.7071
vt 0.078125 0.125000
vt 0.078125 0.109375
vt 0.093750 0.109375
vt 0.093750 0.125000
s 1
usemtl controls
f 234/234/138 235/235/138 236/236/138 237/237/138
f 238/234/139 241/237/139 240/236/139 239/235/139
f 234/234/140 237/237/141 241/237/141 238/234/140
f 235/235/142 234/234/140 238/234/140 239/235/142
f 237/237/141 236/236/143 240/236/143 241/237/141
f 236/236/143 235/235/142 239/235/142 240/236/143
o WIDGET_6_ROT_80_INTERIOR_LCG_IL_mvp_chme3
v 4.250000 2.740848 -0.749995
v 4.250000 2.718750 -0.727898
v 4.312500 2.740848 -0.749995
v 4.312500 2.718750 -0.727898
v 4.250001 2.718751 -0.772093
v 4.250001 2.696653 -0.749995
v 4.312500 2.718751 -0.772093
v 4.312500 2.696653 -0.749995
vn -0.0000 -0.7071 -0.7071
vn 1.0000 -0.0000 -0.0000
vn -0.0000 0.7071 -0.7071
vn -1.0000 -0.0000 -0.0000
vn -0.0000 0.7071 0.7071
vn -0.0000 -0.7071 0.7071
vt 0.250000 0.015625
vt 0.265625 0.015625
vt 0.265625 0.031250
vt 0.250000 0.031250
vt 0.265625 0.062500
vt 0.281250 0.062500
vt 0.281250 0.078125
vt 0.265625 0.078125
vt 0.250000 0.062500
vt 0.250000 0.078125
vt 0.234375 0.062500
vt 0.234375 0.078125
vt 0.250000 0.046875
vt 0.265625 0.046875
s 1
usemtl controls
f 246/238/144 248/239/144 249/240/144 247/241/144
f 244/242/145 245/243/145 249/244/145 248/245/145
f 242/246/146 244/242/146 248/245/146 246/247/146
f 243/248/147 242/246/147 246/247/147 247/249/147
f 243/250/148 245/251/148 244/242/148 242/246/148
f 249/240/149 245/251/149 243/250/149 247/241/149
o WIDGET_6_TOGGLE_INTERIOR_CG_FHL_LCG_IL_LABEL_Front^HeadLight
v 4.265625 2.740764 -0.748070
v 4.265625 2.716825 -0.727983
v 4.296875 2.740764 -0.748070
v 4.296875 2.716825 -0.727983
v 4.265625 2.700590 -0.795948
v 4.265625 2.676651 -0.775861
v 4.296875 2.700590 -0.795948
v 4.296875 2.676651 -0.775861
vn -0.0000 -0.6428 -0.7660
vn -0.0000 -0.7660 0.6428
vn 1.0000 -0.0000 -0.0000
vn -0.0000 0.7660 -0.6428
vn -1.0000 -0.0000 -0.0000
vt 0.281250 0.015625
vt 0.296875 0.015625
vt 0.296875 0.031250
vt 0.281250 0.031250
vt 0.312500 0.031250
vt 0.312500 0.046875
vt 0.296875 0.046875
vt 0.312500 0.015625
vt 0.312500 0.062500
vt 0.312500 0.078125
vt 0.296875 0.078125
vt 0.296875 0.062500
s 1
usemtl controls
f 254/252/150 256/253/150 257/254/150 255/255/150
f 253/256/151 251/257/151 255/258/151 257/254/151
f 252/259/152 253/256/152 257/254/152 256/253/152
f 250/260/153 252/261/153 256/262/153 254/263/153
f 251/257/154 250/260/154 254/263/154 255/258/154
o WIDGET_7_ROT_80_INTERIOR_LCG_IL_mvp_chme3
v 4.125000 2.740848 -0.749995
v 4.125000 2.718750 -0.727898
v 4.187500 2.740848 -0.749995
v 4.187500 2.718750 -0.727898
v 4.125001 2.718751 -0.772093
v 4.125001 2.696653 -0.749995
v 4.187500 2.718751 -0.772093
v 4.187500 2.696653 -0.749995
vn -0.0000 -0.7071 -0.7071
vn 1.0000 -0.0000 -0.0000
vn -0.0000 0.7071 -0.7071
vn -1.0000 -0.0000 -0.0000
vn -0.0000 0.7071 0.7071
vn -0.0000 -0.7071 0.7071
vt 0.250000 0.015625
vt 0.265625 0.015625
vt 0.265625 0.031250
vt 0.250000 0.031250
vt 0.265625 0.062500
vt 0.281250 0.062500
vt 0.281250 0.078125
vt 0.265625 0.078125
vt 0.250000 0.062500
vt 0.250000 0.078125
vt 0.234375 0.062500
vt 0.234375 0.078125
vt 0.250000 0.046875
vt 0.265625 0.046875
s 1
usemtl controls
f 262/264/155 264/265/155 265/266/155 263/267/155
f 260/268/156 261/269/156 265/270/156 264/271/156
f 258/272/157 260/268/157 264/271/157 262/273/157
f 259/274/158 258/272/158 262/273/158 263/275/158
f 259/276/159 261/277/159 260/268/159 258/272/159
f 265/266/160 261/277/160 259/276/160 263/267/160
o WIDGET_7_TOGGLE_INTERIOR_CG_FBL_LCG_IL_LABEL_Front^BufferLight
v 4.140625 2.740764 -0.748070
v 4.140625 2.716825 -0.727983
v 4.171875 2.740764 -0.748070
v 4.171875 2.716825 -0.727983
v 4.140625 2.700590 -0.795948
v 4.140625 2.676651 -0.775861
v 4.171875 2.700590 -0.795948
v 4.171875 2.676651 -0.775861
vn -0.0000 -0.6428 -0.7660
vn -0.0000 -0.7660 0.6428
vn 1.0000 -0.0000 -0.0000
vn -0.0000 0.7660 -0.6428
vn -1.0000 -0.0000 -0.0000
vt 0.281250 0.015625
vt 0.296875 0.015625
vt 0.296875 0.031250
vt 0.281250 0.031250
vt 0.312500 0.031250
vt 0.312500 0.046875
vt 0.296875 0.046875
vt 0.312500 0.015625
vt 0.312500 0.062500
vt 0.312500 0.078125
vt 0.296875 0.078125
vt 0.296875 0.062500
s 1
usemtl controls
f 270/278/161 272/279/161 273/280/161 271/281/161
f 269/282/162 267/283/162 271/284/162 273/280/162
f 268/285/163 269/282/163 273/280/163 272/279/163
f 266/286/164 268/287/164 272/288/164 270/289/164
f 267/283/165 266/286/165 270/289/165 271/284/165
o WIDGET_8_ROT_80_INTERIOR_LCG_IL_mvp_chme3
v 4.000000 2.740848 -0.749995
v 4.000000 2.718750 -0.727898
v 4.062500 2.740848 -0.749995
v 4.062500 2.718750 -0.727898
v 4.000001 2.718751 -0.772093
v 4.000001 2.696653 -0.749995
v 4.062500 2.718751 -0.772093
v 4.062500 2.696653 -0.749995
vn -0.0000 -0.7071 -0.7071
vn 1.0000 -0.0000 -0.0000
vn -0.0000 0.7071 -0.7071
vn -1.0000 -0.0000 -0.0000
vn -0.0000 0.7071 0.7071
vn -0.0000 -0.7071 0.7071
vt 0.250000 0.015625
vt 0.265625 0.015625
vt 0.265625 0.031250
vt 0.250000 0.031250
vt 0.265625 0.062500
vt 0.281250 0.062500
vt 0.281250 0.078125
vt 0.265625 0.078125
vt 0.250000 0.062500
vt 0.250000 0.078125
vt 0.234375 0.062500
vt 0.234375 0.078125
vt 0.250000 0.046875
vt 0.265625 0.046875
s 1
usemtl controls
f 278/290/166 280/291/166 281/292/166 279/293/166
f 276/294/167 277/295/167 281/296/167 280/297/167
f 274/298/168 276/294/168 280/297/168 278/299/168
f 275/300/169 274/298/169 278/299/169 279/301/169
f 275/302/170 277/303/170 276/294/170 274/298/170
f 281/292/171 277/303/171 275/302/171 279/293/171
o WIDGET_8_TOGGLE_INTERIOR_CG_FEL_LCG_IL_LABEL_Front^TailLight
v 4.015625 2.740764 -0.748070
v 4.015625 2.716825 -0.727983
v 4.046875 2.740764 -0.748070
v 4.046875 2.716825 -0.727983
v 4.015625 2.700590 -0.795948
v 4.015625 2.676651 -0.775861
v 4.046875 2.700590 -0.795948
v 4.046875 2.676651 -0.775861
vn -0.0000 -0.6428 -0.7660
vn -0.0000 -0.7660 0.6428
vn 1.0000 -0.0000 -0.0000
vn -0.0000 0.7660 -0.6428
vn -1.0000 -0.0000 -0.0000
vt 0.281250 0.015625
vt 0.296875 0.015625
vt 0.296875 0.031250
vt 0.281250 0.031250
vt 0.312500 0.031250
vt 0.312500 0.046875
vt 0.296875 0.046875
vt 0.312500 0.015625
vt 0.312500 0.062500
vt 0.312500 0.078125
vt 0.296875 0.078125
vt 0.296875 0.062500
s 1
usemtl controls
f 286/304/172 288/305/172 289/306/172 287/307/172
f 285/308/173 283/309/173 287/310/173 289/306/173
f 284/311/174 285/308/174 289/306/174 288/305/174
f 282/312/175 284/313/175 288/314/175 286/315/175
f 283/309/176 282/312/176 286/315/176 287/310/176
o WIDGET_11_ROT_80_INTERIOR_LCG_IL_mvp_chme3
v 4.250000 2.615848 -0.749995
v 4.250000 2.593750 -0.727898
v 4.312500 2.615848 -0.749995
v 4.312500 2.593750 -0.727898
v 4.250001 2.593751 -0.772093
v 4.250001 2.571653 -0.749995
v 4.312500 2.593751 -0.772093
v 4.312500 2.571653 -0.749995
vn -0.0000 -0.7071 -0.7071
vn 1.0000 -0.0000 -0.0000
vn -0.0000 0.7071 -0.7071
vn -1.0000 -0.0000 -0.0000
vn -0.0000 0.7071 0.7071
vn -0.0000 -0.7071 0.7071
vt 0.250000 0.015625
vt 0.265625 0.015625
vt 0.265625 0.031250
vt 0.250000 0.031250
vt 0.265625 0.062500
vt 0.281250 0.062500
vt 0.281250 0.078125
vt 0.265625 0.078125
vt 0.250000 0.062500
vt 0.250000 0.078125
vt 0.234375 0.062500
vt 0.234375 0.078125
vt 0.250000 0.046875
vt 0.265625 0.046875
s 1
usemtl controls
f 294/316/177 296/317/177 297/318/177 295/319/177
f 292/320/178 293/321/178 297/322/178 296/323/178
f 290/324/179 292/320/179 296/323/179 294/325/179
f 291/326/180 290/324/180 294/325/180 295/327/180
f 291/328/181 293/329/181 292/320/181 290/324/181
f 297/318/182 293/329/182 291/328/182 295/319/182
o WIDGET_11_TOGGLE_INTERIOR_CG_RHL_LCG_IL_LABEL_Rear^HeadLight
v 4.265625 2.615764 -0.748070
v 4.265625 2.591825 -0.727983
v 4.296875 2.615764 -0.748070
v 4.296875 2.591825 -0.727983
v 4.265625 2.575590 -0.795948
v 4.265625 2.551651 -0.775861
v 4.296875 2.575590 -0.795948
v 4.296875 2.551651 -0.775861
vn -0.0000 -0.6428 -0.7660
vn -0.0000 -0.7660 0.6428
vn 1.0000 -0.0000 -0.0000
vn -0.0000 0.7660 -0.6428
vn -1.0000 -0.0000 -0.0000
vt 0.281250 0.015625
vt 0.296875 0.015625
vt 0.296875 0.031250
vt 0.281250 0.031250
vt 0.312500 0.031250
vt 0.312500 0.046875
vt 0.296875 0.046875
vt 0.312500 0.015625
vt 0.312500 0.062500
vt 0.312500 0.078125
vt 0.296875 0.078125
vt 0.296875 0.062500
s 1
usemtl controls
f 302/330/183 304/331/183 305/332/183 303/333/183
f 301/334/184 299/335/184 303/336/184 305/332/184
f 300/337/185 301/334/185 305/332/185 304/331/185
f 298/338/186 300/339/186 304/340/186 302/341/186
f 299/335/187 298/338/187 302/341/187 303/336/187
o WIDGET_12_ROT_80_INTERIOR_LCG_IL_mvp_chme3
v 4.125000 2.615848 -0.749995
v 4.125000 2.593750 -0.727898
v 4.187500 2.615848 -0.749995
v 4.187500 2.593750 -0.727898
v 4.125001 2.593751 -0.772093
v 4.125001 2.571653 -0.749995
v 4.187500 2.593751 -0.772093
v 4.187500 2.571653 -0.749995
vn -0.0000 -0.7071 -0.7071
vn 1.0000 -0.0000 -0.0000
vn -0.0000 0.7071 -0.7071
vn -1.0000 -0.0000 -0.0000
vn -0.0000 0.7071 0.7071
vn -0.0000 -0.7071 0.7071
vt 0.250000 0.015625
vt 0.265625 0.015625
vt 0.265625 0.031250
vt 0.250000 0.031250
vt 0.265625 0.062500
vt 0.281250 0.062500
vt 0.281250 0.078125
vt 0.265625 0.078125
vt 0.250000 0.062500
vt 0.250000 0.078125
vt 0.234375 0.062500
vt 0.234375 0.078125
vt 0.250000 0.046875
vt 0.265625 0.046875
s 1
usemtl controls
f 310/342/188 312/343/188 313/344/188 311/345/188
f 308/346/189 309/347/189 313/348/189 312/349/189
f 306/350/190 308/346/190 312/349/190 310/351/190
f 307/352/191 306/350/191 310/351/191 311/353/191
f 307/354/192 309/355/192 308/346/192 306/350/192
f 313/344/193 309/355/193 307/354/193 311/345/193
o WIDGET_12_TOGGLE_INTERIOR_CG_RBL_LCG_IL_LABEL_Rear^BufferLight
v 4.140625 2.615764 -0.748070
v 4.140625 2.591825 -0.727983
v 4.171875 2.615764 -0.748070
v 4.171875 2.591825 -0.727983
v 4.140625 2.575590 -0.795948
v 4.140625 2.551651 -0.775861
v 4.171875 2.575590 -0.795948
v 4.171875 2.551651 -0.775861
vn -0.0000 -0.6428 -0.7660
vn -0.0000 -0.7660 0.6428
vn 1.0000 -0.0000 -0.0000
vn -0.0000 0.7660 -0.6428
vn -1.0000 -0.0000 -0.0000
vt 0.281250 0.015625
vt 0.296875 0.015625
vt 0.296875 0.031250
vt 0.281250 0.031250
vt 0.312500 0.031250
vt 0.312500 0.046875
vt 0.296875 0.046875
vt 0.312500 0.015625
vt 0.312500 0.062500
vt 0.312500 0.078125
vt 0.296875 0.078125
vt 0.296875 0.062500
s 1
usemtl controls
f 318/356/194 320/357/194 321/358/194 319/359/194
f 317/360/195 315/361/195 319/362/195 321/358/195
f 316/363/196 317/360/196 321/358/196 320/357/196
f 314/364/197 316/365/197 320/366/197 318/367/197
f 315/361/198 314/364/198 318/367/198 319/362/198
o WIDGET_13_ROT_80_INTERIOR_LCG_IL_mvp_chme3
v 4.000000 2.615848 -0.749995
v 4.000000 2.593750 -0.727898
v 4.062500 2.615848 -0.749995
v 4.062500 2.593750 -0.727898
v 4.000001 2.593751 -0.772093
v 4.000001 2.571653 -0.749995
v 4.062500 2.593751 -0.772093
v 4.062500 2.571653 -0.749995
vn -0.0000 -0.7071 -0.7071
vn 1.0000 -0.0000 -0.0000
vn -0.0000 0.7071 -0.7071
vn -1.0000 -0.0000 -0.0000
vn -0.0000 0.7071 0.7071
vn -0.0000 -0.7071 0.7071
vt 0.250000 0.015625
vt 0.265625 0.015625
vt 0.265625 0.031250
vt 0.250000 0.031250
vt 0.265625 0.062500
vt 0.281250 0.062500
vt 0.281250 0.078125
vt 0.265625 0.078125
vt 0.250000 0.062500
vt 0.250000 0.078125
vt 0.234375 0.062500
vt 0.234375 0.078125
vt 0.250000 0.046875
vt 0.265625 0.046875
s 1
usemtl controls
f 326/368/199 328/369/199 329/370/199 327/371/199
f 324/372/200 325/373/200 329/374/200 328/375/200
f 322/376/201 324/372/201 328/375/201 326/377/201
f 323/378/202 322/376/202 326/377/202 327/379/202
f 323/380/203 325/381/203 324/372/203 322/376/203
f 329/370/204 325/381/204 323/380/204 327/371/204
o WIDGET_13_TOGGLE_INTERIOR_CG_REL_LCG_IL_LABEL_Rear^TailLight
v 4.015625 2.615764 -0.748070
v 4.015625 2.591825 -0.727983
v 4.046875 2.615764 -0.748070
v 4.046875 2.591825 -0.727983
v 4.015625 2.575590 -0.795948
v 4.015625 2.551651 -0.775861
v 4.046875 2.575590 -0.795948
v 4.046875 2.551651 -0.775861
vn -0.0000 -0.6428 -0.7660
vn -0.0000 -0.7660 0.6428
vn 1.0000 -0.0000 -0.0000
vn -0.0000 0.7660 -0.6428
vn -1.0000 -0.0000 -0.0000
vt 0.281250 0.015625
vt 0.296875 0.015625
vt 0.296875 0.031250
vt 0.281250 0.031250
vt 0.312500 0.031250
vt 0.312500 0.046875
vt 0.296875 0.046875
vt 0.312500 0.015625
vt 0.312500 0.062500
vt 0.312500 0.078125
vt 0.296875 0.078125
vt 0.296875 0.062500
s 1
usemtl controls
f 334/382/205 336/383/205 337/384/205 335/385/205
f 333/386/206 331/387/206 335/388/206 337/384/206
f 332/389/207 333/386/207 337/384/207 336/383/207
f 330/390/208 332/391/208 336/392/208 334/393/208
f 331/387/209 330/390/209 334/393/209 335/388/209
o WIDGET_9_ROT_80_INTERIOR_LCG_IL_mvp_chme3
v 5.375000 3.209598 -0.187496
v 5.397098 3.187500 -0.187496
v 5.375000 3.209598 -0.249995
v 5.397098 3.187500 -0.249995
v 5.352903 3.187501 -0.187496
v 5.375000 3.165403 -0.187496
v 5.352903 3.187501 -0.249995
v 5.375001 3.165403 -0.249995
vn -0.7071 -0.7071 -0.0000
vn -0.0000 -0.0000 -1.0000
vn -0.7071 0.7071 -0.0000
vn -0.0000 -0.0000 1.0000
vn 0.7071 0.7071 -0.0000
vn 0.7071 -0.7071 -0.0000
vt 0.140625 0.015625
vt 0.156250 0.015625
vt 0.156250 0.031250
vt 0.140625 0.031250
vt 0.156250 0.062500
vt 0.171875 0.062500
vt 0.171875 0.078125
vt 0.156250 0.078125
vt 0.140625 0.062500
vt 0.140625 0.078125
vt 0.125000 0.062500
vt 0.125000 0.078125
vt 0.140625 0.046875
vt 0.156250 0.046875
s 1
usemtl controls
f 342/394/210 344/395/210 345/396/210 343/397/210
f 340/398/211 341/399/211 345/400/211 344/401/211
f 338/402/212 340/398/212 344/401/212 342/403/212
f 339/404/213 338/402/213 342/403/213 343/405/213
f 339/406/214 341/407/214 340/398/214 338/402/214
f 345/396/215 341/407/215 339/406/215 343/397/215
o WIDGET_9_TOGGLE_INTERIOR_CG_BBL_GLOBAL_LCG_IL_LABEL_Booster^BL_
v 5.376925 3.209514 -0.203120
v 5.397013 3.185575 -0.203120
v 5.376925 3.209514 -0.234370
v 5.397013 3.185575 -0.234370
v 5.329048 3.169340 -0.203120
v 5.349135 3.145401 -0.203120
v 5.329048 3.169340 -0.234370
v 5.349135 3.145401 -0.234370
vn -0.7660 -0.6428 -0.0000
vn 0.6428 -0.7660 -0.0000
vn -0.0000 -0.0000 -1.0000
vn -0.6428 0.7660 -0.0000
vn -0.0000 -0.0000 1.0000
vt 0.171875 0.015625
vt 0.187500 0.015625
vt 0.187500 0.031250
vt 0.171875 0.031250
vt 0.203125 0.031250
vt 0.203125 0.046875
vt 0.187500 0.046875
vt 0.203125 0.015625
vt 0.203125 0.062500
vt 0.203125 0.078125
vt 0.187500 0.078125
vt 0.187500 0.062500
s 1
usemtl controls
f 350/408/216 352/409/216 353/410/216 351/411/216
f 349/412/217 347/413/217 351/414/217 353/410/217
f 348/415/218 349/412/218 353/410/218 352/409/218
f 346/416/219 348/417/219 352/418/219 350/419/219
f 347/413/220 346/416/220 350/419/220 351/414/220
o WIDGET_10_ROT_80_INTERIOR_LCG_IL_mvp_chme3
v 5.375000 3.209598 -0.062496
v 5.397098 3.187500 -0.062496
v 5.375000 3.209598 -0.124995
v 5.397098 3.187500 -0.124995
v 5.352903 3.187501 -0.062496
v 5.375000 3.165403 -0.062496
v 5.352903 3.187501 -0.124995
v 5.375001 3.165403 -0.124995
vn -0.7071 -0.7071 -0.0000
vn -0.0000 -0.0000 -1.0000
vn -0.7071 0.7071 -0.0000
vn -0.0000 -0.0000 1.0000
vn 0.7071 0.7071 -0.0000
vn 0.7071 -0.7071 -0.0000
vt 0.140625 0.015625
vt 0.156250 0.015625
vt 0.156250 0.031250
vt 0.140625 0.031250
vt 0.156250 0.062500
vt 0.171875 0.062500
vt 0.171875 0.078125
vt 0.156250 0.078125
vt 0.140625 0.062500
vt 0.140625 0.078125
vt 0.125000 0.062500
vt 0.125000 0.078125
vt 0.140625 0.046875
vt 0.156250 0.046875
s 1
usemtl controls
f 358/420/221 360/421/221 361/422/221 359/423/221
f 356/424/222 357/425/222 361/426/222 360/427/222
f 354/428/223 356/424/223 360/427/223 358/429/223
f 355/430/224 354/428/224 358/429/224 359/431/224
f 355/432/225 357/433/225 356/424/225 354/428/225
f 361/422/226 357/433/226 355/432/226 359/423/226
o WIDGET_10_TOGGLE_CG_BHL_GLOBAL_INTERIOR_LCG_IL_LABEL_Booster^HL
v 5.376925 3.209514 -0.078120
v 5.397013 3.185575 -0.078120
v 5.376925 3.209514 -0.109370
v 5.397013 3.185575 -0.109370
v 5.329048 3.169340 -0.078120
v 5.349135 3.145401 -0.078120
v 5.329048 3.169340 -0.109370
v 5.349135 3.145401 -0.109370
vn -0.7660 -0.6428 -0.0000
vn 0.6428 -0.7660 -0.0000
vn -0.0000 -0.0000 -1.0000
vn -0.6428 0.7660 -0.0000
vn -0.0000 -0.0000 1.0000
vt 0.171875 0.015625
vt 0.187500 0.015625
vt 0.187500 0.031250
vt 0.171875 0.031250
vt 0.203125 0.031250
vt 0.203125 0.046875
vt 0.187500 0.046875
vt 0.203125 0.015625
